0 0.015625 0.52890625 0.0296875 0.0921875
0 0.0359375 0.52890625 0.0234375 0.0828125
0 0.04765625 0.53046875 0.034375 0.09375
0 0.1 0.57734375 0.059375 0.1703125
0 0.14296875 0.57421875 0.046875 0.18125
0 0.19375 0.6265625 0.0984375 0.2984375
0 0.2234375 0.5515625 0.040625 0.18125
0 0.315625 0.55234375 0.034375 0.1328125
0 0.3125 0.584375 0.028125 0.0984375
0 0.33359375 0.5921875 0.0390625 0.0875
0 0.3296875 0.49765625 0.028125 0.04375
0 0.353125 0.54609375 0.021875 0.128125
0 0.47890625 0.50390625 0.0171875 0.059375
0 0.48984375 0.4953125 0.0109375 0.04375
0 0.5359375 0.5078125 0.0203125 0.0359375
0 0.509375 0.50078125 0.00625 0.0203125
0 0.52578125 0.48828125 0.009375 0.0375
0 0.55 0.50078125 0.015625 0.0625
0 0.56640625 0.49921875 0.01875 0.065625
0 0.58515625 0.5046875 0.015625 0.0703125
0 0.6015625 0.509375 0.0171875 0.0625
0 0.61640625 0.50625 0.015625 0.0671875
0 0.6296875 0.49609375 0.01875 0.06875
0 0.5734375 0.54375 0.01875 0.109375
0 0.65078125 0.49609375 0.0109375 0.0375
0 0.6625 0.49609375 0.0125 0.021875
0 0.7375 0.5171875 0.0296875 0.0421875
0 0.7125 0.546875 0.05625 0.175
0 0.7734375 0.5421875 0.034375 0.121875
0 0.78125 0.57421875 0.028125 0.0953125
0 0.9015625 0.49609375 0.0296875 0.0890625
0 0.86796875 0.5890625 0.0703125 0.275
0 0.940625 0.4875 0.01875 0.071875
0 0.45546875 0.49296875 0.00625 0.0328125
0 0.46171875 0.49296875 0.009375 0.0328125
0 0.46796875 0.49140625 0.009375 0.034375
0 0.49921875 0.49453125 0.0125 0.046875
0 0.36015625 0.48515625 0.015625 0.03125
0 0.37265625 0.55234375 0.0546875 0.1640625
0 0.67421875 0.475 0.009375 0.01875
0 0.675 0.4875 0.0109375 0.0328125
0 0.74453125 0.47265625 0.0390625 0.0140625
0 0.93125 0.31953125 0.0796875 0.0953125
0 0.80546875 0.31484375 0.028125 0.209375
0 0.96640625 0.48828125 0.0203125 0.0578125
0 0.4390625 0.490625 0.03125 0.0328125
0 0.46328125 0.4765625 0.00625 0.0078125
0 0.165625 0.50546875 0.0171875 0.0265625
0 0.475 0.478125 0.0046875 0.0078125
0 0.2375 0.4859375 0.025 0.0296875
0 0.32734375 0.48203125 0.0328125 0.0171875
0 0.49921875 0.4734375 0.00625 0.00625
0 0.4921875 0.50078125 0.003125 0.0203125
0 0.50390625 0.5078125 0.003125 0.0171875
0 0.5046875 0.47578125 0.0046875 0.0109375
0 0.5859375 0.47265625 0.184375 0.0203125
0 0.6421875 0.49375 0.0078125 0.0234375
0 0.5375 0.4859375 0.009375 0.009375
0 0.74140625 0.43203125 0.0125 0.021875
0 0.88046875 0.47890625 0.015625 0.04375