0 0.16484375 0.66015625 0.1390625 0.5890625
0 0.26171875 0.646875 0.10625 0.56875
0 0.3296875 0.65234375 0.115625 0.5546875
0 0.40625 0.43984375 0.078125 0.115625
0 0.41484375 0.6859375 0.0984375 0.5609375
0 0.4734375 0.6671875 0.109375 0.5453125
0 0.6359375 0.67109375 0.109375 0.571875
0 0.734375 0.6703125 0.134375 0.571875
0 0.7890625 0.48125 0.0484375 0.1359375
0 0.85078125 0.68125 0.109375 0.546875
0 0.828125 0.721875 0.1296875 0.5484375
0 0.20625 0.87890625 0.2359375 0.0671875
0 0.77734375 0.90546875 0.0359375 0.0828125