0 0.03125 0.4703125 0.0625 0.234375
0 0.2 0.40390625 0.0734375 0.1015625
0 0.28671875 0.40390625 0.1140625 0.11875
0 0.41015625 0.49296875 0.1203125 0.2515625
0 0.50546875 0.48359375 0.059375 0.2625
0 0.740625 0.40625 0.090625 0.1671875
0 0.81484375 0.43203125 0.1640625 0.1484375
0 0.9515625 0.38203125 0.09375 0.165625
0 0.92734375 0.3296875 0.0828125 0.2046875
0 0.8484375 0.3203125 0.096875 0.1828125
0 0.72890625 0.30390625 0.10625 0.1765625
0 0.66328125 0.2640625 0.0984375 0.1015625
0 0.60703125 0.29375 0.0453125 0.0453125
0 0.22421875 0.36171875 0.03125 0.0296875
0 0.25234375 0.37734375 0.0703125 0.071875
0 0.3625 0.40546875 0.0828125 0.0765625
0 0.4828125 0.43125 0.0515625 0.1578125
0 0.27421875 0.3421875 0.0265625 0.0390625
0 0.3984375 0.36015625 0.025 0.053125
0 0.0953125 0.4390625 0.090625 0.171875
0 0.13359375 0.37265625 0.053125 0.0375
0 0.01171875 0.35390625 0.0234375 0.0140625
0 0.44140625 0.3609375 0.1109375 0.0859375
0 0.359375 0.33125 0.05625 0.0296875
0 0.33359375 0.38515625 0.0390625 0.0671875
0 0.165625 0.3609375 0.040625 0.0546875