0 0.86640625 0.74453125 0.13125 0.509375
0 0.75859375 0.71953125 0.140625 0.553125
0 0.68125 0.690625 0.1328125 0.6078125
0 0.5953125 0.74296875 0.1 0.5125
0 0.6390625 0.5046875 0.0515625 0.1734375
0 0.49296875 0.74765625 0.1234375 0.503125
0 0.546875 0.721875 0.0796875 0.5546875
0 0.37109375 0.73359375 0.1375 0.5296875
0 0.440625 0.67421875 0.075 0.453125
0 0.24765625 0.74296875 0.128125 0.5125
0 0.3171875 0.734375 0.0625 0.5296875
0 0.18359375 0.72578125 0.1015625 0.5453125
0 0.09765625 0.7640625 0.1625 0.4703125
0 0.80234375 0.53828125 0.0515625 0.1125
0 0.51875 0.546875 0.03125 0.0796875