0 0.053125 0.36796875 0.0875 0.1921875
0 0.1125 0.71484375 0.2234375 0.5671875
0 0.32109375 0.7828125 0.296875 0.43125
0 0.1796875 0.59140625 0.1390625 0.49375
0 0.0953125 0.33828125 0.171875 0.3125
0 0.24375 0.4078125 0.11875 0.265625
0 0.25859375 0.48984375 0.0828125 0.2
0 0.3375 0.66640625 0.1 0.371875
0 0.4015625 0.70703125 0.0984375 0.490625
0 0.371875 0.43828125 0.1453125 0.2984375
0 0.4734375 0.46640625 0.090625 0.2375
0 0.5171875 0.52109375 0.1109375 0.221875
0 0.5078125 0.70234375 0.1265625 0.3640625
0 0.640625 0.42109375 0.0828125 0.2609375
0 0.6875 0.446875 0.153125 0.3875
0 0.7296875 0.7046875 0.1984375 0.5875
0 0.85859375 0.51328125 0.1796875 0.5046875
0 0.95234375 0.55 0.09375 0.3859375
0 0.9734375 0.5078125 0.0515625 0.4703125