0 0.04921875 0.8265625 0.0984375 0.34375
0 0.19609375 0.55390625 0.1421875 0.2453125
0 0.23203125 0.6 0.10625 0.35625
0 0.25703125 0.534375 0.0609375 0.1953125
0 0.3109375 0.46640625 0.0703125 0.153125
0 0.37109375 0.49375 0.0484375 0.1953125
0 0.44609375 0.4515625 0.0421875 0.096875
0 0.50390625 0.453125 0.053125 0.1359375
0 0.55 0.4703125 0.04375 0.121875
0 0.565625 0.5046875 0.0359375 0.1078125
0 0.59609375 0.57265625 0.08125 0.2140625
0 0.63515625 0.51640625 0.0484375 0.1453125
0 0.42578125 0.5578125 0.0828125 0.18125
0 0.36640625 0.7171875 0.2296875 0.4140625
0 0.49140625 0.68828125 0.171875 0.375
0 0.75703125 0.69375 0.1171875 0.4703125
0 0.78515625 0.4984375 0.0890625 0.2140625
0 0.8234375 0.62890625 0.1125 0.4078125
0 0.8984375 0.65390625 0.128125 0.465625
0 0.8859375 0.38671875 0.0234375 0.0265625
0 0.9625 0.42265625 0.0734375 0.0484375