0 0.028125 0.5671875 0.05625 0.4859375
0 0.08203125 0.62734375 0.1640625 0.5125
0 0.20703125 0.62109375 0.1546875 0.615625
0 0.14921875 0.57265625 0.0875 0.409375
0 0.246875 0.4578125 0.109375 0.115625
0 0.3171875 0.54375 0.078125 0.3578125
0 0.37421875 0.64140625 0.1421875 0.5546875
0 0.48671875 0.65234375 0.1140625 0.5171875
0 0.5546875 0.553125 0.09375 0.3171875
0 0.61796875 0.5578125 0.0390625 0.1671875
0 0.67578125 0.61015625 0.1328125 0.490625
0 0.7203125 0.58125 0.053125 0.3234375
0 0.7484375 0.53828125 0.028125 0.1296875
0 0.78671875 0.5734375 0.075 0.2703125
0 0.77421875 0.56015625 0.025 0.1875
0 0.85078125 0.6046875 0.0921875 0.375
0 0.94296875 0.59921875 0.1140625 0.5
0 0.759375 0.50078125 0.015625 0.0359375
0 0.16640625 0.31796875 0.3328125 0.1609375
0 0.59140625 0.59765625 0.01875 0.0421875
0 0.48359375 0.38125 0.175 0.0875
0 0.05703125 0.4484375 0.0359375 0.0390625