0 0.059375 0.759375 0.01875 0.0203125
0 0.10625 0.78046875 0.053125 0.0640625
0 0.11796875 0.7796875 0.0265625 0.065625
0 0.37890625 0.76015625 0.015625 0.034375
0 0.4609375 0.76328125 0.028125 0.034375
0 0.46015625 0.76171875 0.0296875 0.0359375
0 0.5359375 0.78125 0.03125 0.0609375
0 0.621875 0.7625 0.0265625 0.028125
0 0.76015625 0.759375 0.0234375 0.028125
0 0.7765625 0.8390625 0.1125 0.1484375
0 0.88203125 0.79375 0.05625 0.0828125
0 0.928125 0.76640625 0.0234375 0.028125
0 0.5328125 0.72890625 0.015625 0.0046875
0 0.640625 0.75078125 0.0265625 0.00625
0 0.6140625 0.7515625 0.0078125 0.0046875
0 0.86640625 0.746875 0.171875 0.0125
0 0.16171875 0.7515625 0.028125 0.009375
0 0.26640625 0.746875 0.0484375 0.00625
0 0.5359375 0.7484375 0.0140625 0.0046875
0 0.7375 0.75078125 0.0125 0.0078125