0 0.02890625 0.3484375 0.0578125 0.3625
0 0.146875 0.22265625 0.128125 0.3859375
0 0.18671875 0.23671875 0.0640625 0.29375
0 0.3734375 0.25390625 0.128125 0.5078125
0 0.51875 0.23828125 0.1140625 0.2875
0 0.66328125 0.2203125 0.1234375 0.440625
0 0.7125 0.17734375 0.0703125 0.353125
0 0.7484375 0.1640625 0.0671875 0.321875
0 0.8734375 0.1671875 0.13125 0.334375
0 0.91953125 0.1703125 0.0640625 0.340625
0 0.96796875 0.16640625 0.05625 0.3328125
0 0.9796875 0.23515625 0.0375 0.4703125
0 0.81953125 0.64375 0.359375 0.709375
0 0.78671875 0.41484375 0.0984375 0.1953125
0 0.70390625 0.51171875 0.2515625 0.496875
0 0.265625 0.67265625 0.53125 0.5453125
0 0.26171875 0.45546875 0.2484375 0.365625
0 0.50078125 0.1328125 0.015625 0.01875
0 0.81796875 0.13984375 0.0296875 0.2796875
0 0.7 0.04140625 0.0703125 0.05
0 0.72265625 0.296875 0.0515625 0.1265625