0 0.1109375 0.50390625 0.221875 0.990625
0 0.31953125 0.66953125 0.1984375 0.659375
0 0.43984375 0.678125 0.1296875 0.59375
0 0.296875 0.61171875 0.1640625 0.7546875
0 0.190625 0.559375 0.08125 0.553125
0 0.55234375 0.59765625 0.0953125 0.421875
0 0.62421875 0.5765625 0.0703125 0.30625
0 0.66875 0.540625 0.0484375 0.2390625
0 0.721875 0.503125 0.0359375 0.1609375
0 0.69921875 0.49453125 0.025 0.13125
0 0.76953125 0.4875 0.028125 0.09375
0 0.525 0.584375 0.053125 0.34375
0 0.225 0.396875 0.0421875 0.0921875
0 0.4078125 0.44609375 0.0625 0.1625
0 0.484375 0.6 0.0484375 0.4203125
0 0.49609375 0.421875 0.0234375 0.0640625
0 0.51796875 0.43359375 0.0453125 0.096875
0 0.52578125 0.58203125 0.0546875 0.3421875
0 0.75 0.47421875 0.0234375 0.103125
0 0.7859375 0.4765625 0.0203125 0.090625
0 0.80234375 0.47265625 0.0171875 0.0890625
0 0.82890625 0.4765625 0.0140625 0.0625
0 0.73203125 0.46171875 0.01875 0.0953125
0 0.8484375 0.46953125 0.0203125 0.0796875
0 0.85859375 0.46796875 0.015625 0.0734375
0 0.88671875 0.46875 0.0140625 0.0625
0 0.89453125 0.465625 0.0140625 0.065625
0 0.6015625 0.40859375 0.025 0.0546875
0 0.8171875 0.46953125 0.0171875 0.0703125
0 0.93046875 0.46328125 0.015625 0.046875
0 0.94765625 0.4625 0.0109375 0.040625
0 0.21796875 0.3546875 0.0375 0.046875
0 0.48203125 0.4375 0.2453125 0.153125
0 0.796875 0.465625 0.3890625 0.1140625
0 0.615625 0.75546875 0.45 0.4859375
0 0.9171875 0.95078125 0.140625 0.096875