0 0.05234375 0.42421875 0.1046875 0.3953125
0 0.16796875 0.35625 0.1515625 0.2484375
0 0.07578125 0.29765625 0.059375 0.1703125
0 0.2203125 0.28828125 0.0515625 0.084375
0 0.2484375 0.3109375 0.0453125 0.1375
0 0.309375 0.41953125 0.146875 0.3875
0 0.30625 0.45390625 0.1078125 0.3796875
0 0.18046875 0.6640625 0.3515625 0.4921875
0 0.48125 0.51875 0.3578125 0.7796875
0 0.7078125 0.58203125 0.175 0.6484375
0 0.7375 0.3109375 0.1375 0.1984375
0 0.82578125 0.5640625 0.16875 0.690625
0 0.9140625 0.51640625 0.1703125 0.7890625