0 0.0609375 0.68828125 0.0828125 0.415625
0 0.13046875 0.684375 0.0828125 0.3953125
0 0.1984375 0.69140625 0.078125 0.39375
0 0.265625 0.68359375 0.071875 0.39375
0 0.325 0.68984375 0.0828125 0.4265625
0 0.40546875 0.6828125 0.0828125 0.41875
0 0.46796875 0.6875 0.0796875 0.4109375
0 0.534375 0.69609375 0.0703125 0.4078125
0 0.59765625 0.71328125 0.0859375 0.4625
0 0.67265625 0.70625 0.065625 0.40625
0 0.71015625 0.71953125 0.125 0.4390625
0 0.815625 0.728125 0.109375 0.496875
0 0.85 0.6453125 0.0875 0.509375
0 0.7984375 0.43515625 0.05625 0.140625
0 0.7421875 0.628125 0.0953125 0.4453125
0 0.70078125 0.478125 0.065625 0.1828125
0 0.65859375 0.46484375 0.0609375 0.2125
0 0.6109375 0.46953125 0.0578125 0.2078125
0 0.56328125 0.47109375 0.059375 0.203125
0 0.5078125 0.4765625 0.05625 0.178125
0 0.45546875 0.47265625 0.059375 0.175
0 0.4 0.6 0.059375 0.409375
0 0.35 0.48515625 0.0546875 0.1703125
0 0.29921875 0.46875 0.0625 0.1828125
0 0.25234375 0.48515625 0.0515625 0.175
0 0.2078125 0.4859375 0.0625 0.184375
0 0.13515625 0.4671875 0.084375 0.18125