0 0.96796875 0.40625 0.059375 0.06875
0 0.9046875 0.4390625 0.10625 0.215625
0 0.91953125 0.34453125 0.0609375 0.06875
0 0.790625 0.40078125 0.0875 0.134375
0 0.040625 0.3671875 0.08125 0.2859375
0 0.04921875 0.4171875 0.0796875 0.184375
0 0.1296875 0.37890625 0.059375 0.1625
0 0.17890625 0.38203125 0.0671875 0.1375
0 0.45078125 0.4671875 0.5859375 0.890625
0 0.275 0.3765625 0.15 0.1234375
0 0.6921875 0.3890625 0.1921875 0.178125
0 0.10625 0.37265625 0.046875 0.1625
0 0.9421875 0.37109375 0.0265625 0.0421875