0 0.93359375 0.6015625 0.1 0.4859375
0 0.82890625 0.5671875 0.1234375 0.5328125
0 0.73359375 0.57265625 0.1015625 0.54375
0 0.6328125 0.58359375 0.1171875 0.521875
0 0.51015625 0.56640625 0.153125 0.615625
0 0.50703125 0.5828125 0.0609375 0.5015625
0 0.38515625 0.57890625 0.11875 0.5375
0 0.3234375 0.58515625 0.090625 0.4984375
0 0.2453125 0.60390625 0.134375 0.6078125
0 0.1765625 0.57421875 0.1046875 0.575
0 0.06640625 0.57265625 0.13125 0.6234375
0 0.9796875 0.62109375 0.0390625 0.4671875
0 0.01640625 0.428125 0.0328125 0.2125