0 0.9390625 0.5390625 0.046875 0.1609375
0 0.853125 0.53828125 0.0359375 0.1796875
0 0.82578125 0.46953125 0.03125 0.0390625
0 0.8046875 0.55078125 0.0359375 0.196875
0 0.75859375 0.54140625 0.0453125 0.1765625
0 0.7921875 0.8890625 0.1265625 0.2203125
0 0.72265625 0.7109375 0.0640625 0.353125
0 0.63125 0.6296875 0.0875 0.16875
0 0.609375 0.5859375 0.0671875 0.1296875
0 0.5265625 0.8078125 0.1015625 0.3828125
0 0.546875 0.62734375 0.0453125 0.1578125
0 0.41171875 0.7578125 0.1125 0.4140625
0 0.3234375 0.5828125 0.09375 0.21875
0 0.05078125 0.5578125 0.078125 0.1671875
0 0.1453125 0.50703125 0.053125 0.209375
0 0.0625 0.45703125 0.0375 0.1171875
0 0.184375 0.40703125 0.0234375 0.034375
0 0.209375 0.48359375 0.0359375 0.1609375
0 0.240625 0.4765625 0.028125 0.1359375
0 0.2671875 0.46171875 0.03125 0.109375
0 0.278125 0.378125 0.0203125 0.059375
0 0.2578125 0.7109375 0.1296875 0.246875
0 0.02578125 0.14296875 0.0515625 0.0984375
0 0.09609375 0.4703125 0.1921875 0.303125
0 0.28046875 0.3796875 0.178125 0.128125
0 0.6953125 0.35546875 0.11875 0.071875