0 0.01796875 0.7546875 0.0359375 0.375
0 0.0421875 0.6828125 0.0765625 0.309375
0 0.15546875 0.6640625 0.05 0.259375
0 0.24140625 0.67109375 0.059375 0.2734375
0 0.27265625 0.67109375 0.03125 0.25
0 0.30234375 0.634375 0.0609375 0.190625
0 0.3296875 0.7 0.0328125 0.1828125
0 0.35234375 0.68984375 0.0484375 0.190625
0 0.3890625 0.6875 0.04375 0.1765625
0 0.4203125 0.696875 0.046875 0.1484375
0 0.4390625 0.690625 0.0328125 0.128125
0 0.49140625 0.6375 0.04375 0.2421875
0 0.521875 0.68984375 0.0703125 0.26875
0 0.628125 0.66328125 0.065625 0.2765625
0 0.66796875 0.634375 0.040625 0.2359375
0 0.71328125 0.64453125 0.065625 0.2484375
0 0.746875 0.565625 0.028125 0.0859375
0 0.7609375 0.64453125 0.040625 0.2296875
0 0.78359375 0.64140625 0.03125 0.2078125
0 0.80625 0.63671875 0.04375 0.2046875
0 0.215625 0.81015625 0.1375 0.0328125
0 0.43203125 0.8359375 0.2125 0.0796875
0 0.253125 0.865625 0.05625 0.0234375
0 0.4625 0.753125 0.0390625 0.0203125
0 0.63359375 0.7625 0.3671875 0.0765625