0 0.0234375 0.553125 0.046875 0.2578125
0 0.0765625 0.5203125 0.059375 0.2578125
0 0.1453125 0.503125 0.0421875 0.2078125
0 0.19296875 0.496875 0.0453125 0.1875
0 0.2125 0.47265625 0.0265625 0.1984375
0 0.2734375 0.446875 0.0453125 0.1828125
0 0.2953125 0.45078125 0.0390625 0.1703125
0 0.3171875 0.44453125 0.01875 0.1359375
0 0.33125 0.440625 0.028125 0.1421875
0 0.3328125 0.4296875 0.015625 0.153125
0 0.3640625 0.4359375 0.03125 0.1546875
0 0.4046875 0.4015625 0.0125 0.0984375
0 0.4140625 0.40859375 0.0234375 0.1203125
0 0.4390625 0.3921875 0.0171875 0.0984375
0 0.4640625 0.38828125 0.0140625 0.103125
0 0.471875 0.39453125 0.0109375 0.0875
0 0.46640625 0.7578125 0.1015625 0.48125
0 0.559375 0.696875 0.1359375 0.409375
0 0.5765625 0.73671875 0.0671875 0.0765625
0 0.5578125 0.8765625 0.090625 0.24375
0 0.61953125 0.87890625 0.10625 0.2390625
0 0.7078125 0.8609375 0.1359375 0.275
0 0.68515625 0.7578125 0.103125 0.2375
0 0.66875 0.67421875 0.1203125 0.2078125
0 0.61328125 0.5890625 0.0453125 0.1296875
0 0.70625 0.56015625 0.05 0.1890625
0 0.571875 0.4828125 0.040625 0.1734375
0 0.61171875 0.45 0.021875 0.1703125
0 0.6296875 0.49296875 0.028125 0.190625
0 0.675 0.47421875 0.0359375 0.1359375
0 0.69375 0.4578125 0.0265625 0.15
0 0.26171875 0.45078125 0.01875 0.153125
0 0.4265625 0.3953125 0.0203125 0.109375
0 0.65390625 0.57109375 0.0703125 0.1546875
0 0.6578125 0.4 0.096875 0.121875