0 0.4375 0.54765625 0.296875 0.5515625
0 0.15703125 0.52734375 0.13125 0.3109375
0 0.075 0.471875 0.0828125 0.14375
0 0.034375 0.43515625 0.0359375 0.065625
0 0.02578125 0.45703125 0.0515625 0.1265625
0 0.084375 0.46875 0.04375 0.1328125
0 0.10234375 0.4203125 0.0234375 0.0484375
0 0.2328125 0.4828125 0.046875 0.16875
0 0.6671875 0.4796875 0.08125 0.1875
0 0.80859375 0.4921875 0.19375 0.153125
0 0.88125 0.48203125 0.115625 0.14375
0 0.915625 0.48359375 0.1015625 0.1390625
0 0.83984375 0.41875 0.0453125 0.0625
0 0.765625 0.40390625 0.0390625 0.034375
0 0.02109375 0.5171875 0.0421875 0.265625
0 0.10625 0.409375 0.0625 0.05
0 0.759375 0.39375 0.1328125 0.0609375
0 0.9359375 0.24140625 0.0796875 0.13125
0 0.60390625 0.203125 0.153125 0.2453125
0 0.85703125 0.384375 0.0625 0.0140625
0 0.85390625 0.40390625 0.0234375 0.025
0 0.24296875 0.4078125 0.0140625 0.0421875