0 0.084375 0.60859375 0.13125 0.78125
0 0.13828125 0.384375 0.0625 0.3578125
0 0.17890625 0.61953125 0.1203125 0.759375
0 0.24375 0.671875 0.1421875 0.6546875
0 0.2484375 0.315625 0.071875 0.13125
0 0.25625 0.25703125 0.1046875 0.2046875
0 0.3171875 0.6359375 0.090625 0.6984375
0 0.3515625 0.5484375 0.0609375 0.55625
0 0.36796875 0.2640625 0.0515625 0.1375
0 0.40234375 0.30390625 0.1078125 0.228125
0 0.40078125 0.64375 0.1046875 0.671875
0 0.48046875 0.6140625 0.1 0.6453125
0 0.44609375 0.25546875 0.0625 0.175
0 0.496875 0.53359375 0.09375 0.640625
0 0.5484375 0.62734375 0.0890625 0.6
0 0.62734375 0.640625 0.1265625 0.6765625
0 0.58984375 0.3265625 0.0640625 0.1796875
0 0.5515625 0.32421875 0.0625 0.225
0 0.5953125 0.2265625 0.0640625 0.1796875
0 0.70390625 0.646875 0.09375 0.6671875
0 0.79609375 0.66015625 0.1390625 0.678125
0 0.8890625 0.6140625 0.1421875 0.759375
0 0.9125 0.54609375 0.1609375 0.7828125
0 0.81796875 0.29296875 0.0671875 0.178125
0 0.759375 0.271875 0.0578125 0.14375
0 0.71015625 0.3078125 0.1125 0.2515625
0 0.66796875 0.27734375 0.0546875 0.159375
0 0.4359375 0.2328125 0.8109375 0.1265625
0 0.0515625 0.34296875 0.0375 0.0890625