0 0.95703125 0.57734375 0.0609375 0.3828125
0 0.9328125 0.578125 0.10625 0.38125
0 0.86015625 0.44140625 0.078125 0.153125
0 0.753125 0.54453125 0.1375 0.3078125
0 0.71796875 0.440625 0.040625 0.1109375
0 0.603125 0.46328125 0.109375 0.1453125
0 0.596875 0.4 0.04375 0.046875
0 0.5375 0.44609375 0.040625 0.128125
0 0.50859375 0.58828125 0.115625 0.296875
0 0.45625 0.48828125 0.075 0.184375
0 0.43671875 0.45703125 0.040625 0.125
0 0.3671875 0.5578125 0.1015625 0.315625
0 0.30546875 0.49296875 0.0859375 0.2328125
0 0.21640625 0.5 0.0921875 0.2328125
0 0.25234375 0.49609375 0.0484375 0.2
0 0.1765625 0.45 0.0515625 0.1203125
0 0.25859375 0.453125 0.034375 0.0984375
0 0.12578125 0.45546875 0.05 0.1125
0 0.1 0.44453125 0.0359375 0.10625
0 0.0828125 0.4140625 0.0171875 0.040625
0 0.06640625 0.4109375 0.01875 0.0375
0 0.77734375 0.39609375 0.0859375 0.1015625
0 0.19140625 0.39921875 0.0359375 0.0203125
0 0.0125 0.4640625 0.025 0.2109375
0 0.1359375 0.41328125 0.06875 0.0296875
0 0.35546875 0.3875 0.0171875 0.01875
0 0.5625 0.39453125 0.053125 0.0328125
0 0.68125 0.40078125 0.0484375 0.1140625