0 0.88671875 0.6265625 0.165625 0.5390625
0 0.76328125 0.61015625 0.14375 0.5109375
0 0.6421875 0.6171875 0.13125 0.5015625
0 0.53515625 0.60546875 0.1421875 0.4984375
0 0.428125 0.59921875 0.1359375 0.49375
0 0.3234375 0.59375 0.1375 0.4859375
0 0.2078125 0.58515625 0.1265625 0.4875
0 0.11328125 0.64375 0.1 0.403125
0 0.05859375 0.61328125 0.1171875 0.4578125
0 0.15859375 0.34453125 0.1265625 0.4359375
0 0.27421875 0.2734375 0.1421875 0.44375
0 0.33984375 0.2609375 0.23125 0.4453125
0 0.46953125 0.29453125 0.128125 0.36875
0 0.54921875 0.21640625 0.20625 0.2875
0 0.6046875 0.28203125 0.125 0.39375
0 0.7109375 0.3171875 0.109375 0.39375
0 0.81328125 0.31953125 0.18125 0.4