0 0.10390625 0.75078125 0.2078125 0.49375
0 0.28828125 0.73984375 0.2109375 0.5171875
0 0.4640625 0.64140625 0.1921875 0.3484375
0 0.65546875 0.54609375 0.125 0.2375
0 0.78359375 0.5875 0.1625 0.3359375
0 0.9046875 0.47421875 0.0921875 0.171875
0 0.96171875 0.4578125 0.0734375 0.1203125
0 0.03828125 0.56953125 0.0765625 0.25
0 0.1203125 0.4859375 0.1109375 0.184375
0 0.04140625 0.37734375 0.05625 0.0765625
0 0.06484375 0.3578125 0.034375 0.0453125
0 0.084375 0.41640625 0.05 0.11875
0 0.1375 0.434375 0.0484375 0.0828125
0 0.12734375 0.36484375 0.025 0.05
0 0.1703125 0.4359375 0.09375 0.140625
0 0.1578125 0.3515625 0.03125 0.053125
0 0.1765625 0.3734375 0.040625 0.084375
0 0.31171875 0.52421875 0.1453125 0.225
0 0.228125 0.509375 0.1171875 0.246875
0 0.27265625 0.40859375 0.065625 0.115625
0 0.24453125 0.37265625 0.053125 0.059375
0 0.39296875 0.4515625 0.1015625 0.125
0 0.396875 0.41171875 0.0765625 0.1015625
0 0.36796875 0.29296875 0.0265625 0.040625
0 0.42265625 0.2890625 0.0265625 0.0453125
0 0.459375 0.2953125 0.028125 0.0359375
0 0.49296875 0.29140625 0.0234375 0.0359375
0 0.5203125 0.4921875 0.090625 0.19375
0 0.43515625 0.38046875 0.053125 0.0984375
0 0.53828125 0.40078125 0.0578125 0.1109375
0 0.50078125 0.38125 0.0421875 0.0734375
0 0.66875 0.440625 0.0703125 0.1515625
0 0.73515625 0.4609375 0.0859375 0.175
0 0.79140625 0.44296875 0.0421875 0.134375
0 0.59375 0.43359375 0.046875 0.1453125
0 0.565625 0.38125 0.034375 0.0765625
0 0.68828125 0.390625 0.0296875 0.0875
0 0.73671875 0.3828125 0.0421875 0.075
0 0.81171875 0.384375 0.0421875 0.0828125
0 0.85 0.440625 0.06875 0.159375
0 0.89296875 0.371875 0.0296875 0.0484375
0 0.934375 0.409375 0.0375 0.0734375
0 0.97890625 0.4015625 0.040625 0.084375
0 0.98984375 0.3421875 0.0171875 0.03125
0 0.975 0.3546875 0.01875 0.059375
0 0.825 0.3671875 0.0375 0.0640625
0 0.00859375 0.47421875 0.0171875 0.196875
0 0.53671875 0.37421875 0.925 0.1265625