0 0.21796875 0.603125 0.2140625 0.7765625
0 0.43359375 0.5859375 0.2421875 0.7578125
0 0.64140625 0.59609375 0.1921875 0.7390625
0 0.8421875 0.59140625 0.228125 0.76875
0 0.85078125 0.228125 0.16875 0.2578125
0 0.7671875 0.4109375 0.1265625 0.6625
0 0.65078125 0.2421875 0.1640625 0.315625
0 0.5140625 0.41484375 0.1546875 0.6859375
0 0.3890625 0.43125 0.190625 0.7140625
0 0.22578125 0.5 0.2140625 0.746875
0 0.1109375 0.46875 0.190625 0.809375
0 0.25859375 0.184375 0.153125 0.2484375
0 0.4171875 0.1140625 0.13125 0.1515625
0 0.571875 0.12265625 0.0984375 0.1671875
0 0.70078125 0.1140625 0.096875 0.159375