0 0.09609375 0.49921875 0.1921875 0.9984375
0 0.15 0.30234375 0.1171875 0.6046875
0 0.3109375 0.29140625 0.3171875 0.5828125
0 0.32578125 0.4671875 0.384375 0.459375
0 0.328125 0.7 0.190625 0.4703125
0 0.58671875 0.6109375 0.1828125 0.46875
0 0.6578125 0.29375 0.3375 0.5875
0 0.8828125 0.2390625 0.234375 0.478125
0 0.159375 0.0515625 0.0953125 0.0984375
0 0.1953125 0.3578125 0.046875 0.3015625
0 0.7421875 0.05625 0.10625 0.1125
0 0.45 0.1953125 0.075 0.2671875
0 0.809375 0.76875 0.3796875 0.4609375