0 0.84921875 0.70234375 0.1265625 0.5921875
0 0.74296875 0.75234375 0.109375 0.4484375
0 0.71953125 0.69375 0.075 0.4828125
0 0.65390625 0.66796875 0.0703125 0.4796875
0 0.6140625 0.7765625 0.08125 0.3875
0 0.52890625 0.77890625 0.0796875 0.3453125
0 0.3140625 0.81640625 0.1390625 0.3296875
0 0.25234375 0.696875 0.0828125 0.4984375
0 0.1828125 0.66875 0.096875 0.5671875
0 0.328125 0.59296875 0.078125 0.284375
0 0.38515625 0.690625 0.0703125 0.4578125
0 0.4453125 0.6703125 0.0734375 0.46875
0 0.48828125 0.66328125 0.0515625 0.421875
0 0.5265625 0.58828125 0.0703125 0.2625
0 0.57890625 0.61953125 0.05 0.271875
0 0.628125 0.66015625 0.046875 0.415625
0 0.56328125 0.48359375 0.0546875 0.1515625
0 0.2875 0.57421875 0.05625 0.3171875
0 0.22578125 0.47109375 0.0375 0.1203125
0 0.05234375 0.65859375 0.103125 0.39375
0 0.54765625 0.5125 0.1328125 0.0734375