0 0.278125 0.74375 0.0875 0.328125
0 0.31640625 0.7359375 0.1546875 0.3390625
0 0.49765625 0.6078125 0.0375 0.090625
0 0.51171875 0.62734375 0.040625 0.1203125
0 0.5375 0.746875 0.0828125 0.31875
0 0.58203125 0.73828125 0.0703125 0.296875
0 0.6359375 0.68828125 0.0421875 0.1953125
0 0.65625 0.675 0.0484375 0.1671875
0 0.6859375 0.74375 0.1 0.325
0 0.75 0.74375 0.0859375 0.328125
0 0.58828125 0.61484375 0.0421875 0.075
0 0.85390625 0.746875 0.1 0.31875
0 0.70703125 0.61328125 0.0203125 0.0640625
0 0.625 0.59609375 0.05625 0.0703125
0 0.5609375 0.58515625 0.021875 0.028125
0 0.42265625 0.59921875 0.1265625 0.0609375