0 0.0765625 0.803125 0.0671875 0.390625
0 0.1234375 0.8078125 0.0734375 0.38125
0 0.2859375 0.63359375 0.034375 0.0828125
0 0.2921875 0.67265625 0.03125 0.171875
0 0.35546875 0.6484375 0.0265625 0.13125
0 0.39140625 0.7359375 0.0546875 0.2046875
0 0.48203125 0.65625 0.0234375 0.053125
0 0.50234375 0.653125 0.025 0.053125
0 0.51796875 0.7265625 0.071875 0.1859375
0 0.61484375 0.65390625 0.0546875 0.209375
0 0.6640625 0.678125 0.075 0.259375
0 0.70546875 0.6390625 0.046875 0.1953125
0 0.76484375 0.68515625 0.0703125 0.325
0 0.81875 0.67578125 0.053125 0.2421875
0 0.8578125 0.6671875 0.0515625 0.24375
0 0.9078125 0.65546875 0.0609375 0.265625
0 0.934375 0.5953125 0.0234375 0.121875
0 0.9796875 0.6109375 0.0390625 0.0984375
0 0.7890625 0.61484375 0.040625 0.1734375
0 0.3359375 0.640625 0.0328125 0.1265625
0 0.3734375 0.63359375 0.015625 0.0859375
0 0.65625 0.740625 0.0171875 0.0921875
0 0.44765625 0.609375 0.028125 0.0796875
0 0.4859375 0.63046875 0.0171875 0.05625
0 0.5734375 0.68515625 0.0671875 0.109375
0 0.73671875 0.5625 0.03125 0.0375
0 0.8890625 0.5609375 0.1546875 0.0734375
0 0.9734375 0.5625 0.015625 0.0234375
0 0.79765625 0.4765625 0.0203125 0.078125
0 0.7140625 0.43515625 0.028125 0.0953125
0 0.759375 0.1234375 0.0671875 0.1109375
0 0.6171875 0.4640625 0.0375 0.0953125
0 0.4921875 0.47109375 0.0171875 0.0328125
0 0.9828125 0.3984375 0.0328125 0.1140625
0 0.134375 0.05390625 0.03125 0.0546875