0 0.0546875 0.64609375 0.109375 0.70625
0 0.05703125 0.64609375 0.1125 0.7046875
0 0.11015625 0.47421875 0.0734375 0.171875
0 0.16171875 0.6828125 0.2765625 0.63125
0 0.25703125 0.7203125 0.1 0.5578125
0 0.44453125 0.7140625 0.19375 0.56875
0 0.61875 0.73828125 0.159375 0.5125
0 0.6984375 0.67421875 0.0625 0.271875
0 0.7484375 0.66484375 0.0578125 0.2421875
0 0.26171875 0.671875 0.1265625 0.528125
0 0.35703125 0.66875 0.08125 0.4140625
0 0.315625 0.665625 0.053125 0.409375
0 0.56015625 0.653125 0.0890625 0.2546875
0 0.5859375 0.54140625 0.0578125 0.121875
0 0.61328125 0.55625 0.0265625 0.0671875
0 0.77265625 0.62890625 0.0359375 0.1796875
0 0.790625 0.6265625 0.025 0.1421875
0 0.41875 0.5140625 0.0515625 0.071875
0 0.53671875 0.52890625 0.10625 0.08125
0 0.90234375 0.57734375 0.078125 0.065625
0 0.82578125 0.55859375 0.065625 0.0546875
0 0.84921875 0.61484375 0.0171875 0.0625
0 0.7796875 0.53828125 0.028125 0.0234375
0 0.81484375 0.67265625 0.0375 0.06875
0 0.69375 0.5265625 0.05 0.0328125
0 0.72734375 0.62265625 0.025 0.1609375
0 0.21328125 0.52578125 0.0375 0.0578125
0 0.2265625 0.45078125 0.0234375 0.028125
0 0.340625 0.478125 0.0296875 0.0640625
0 0.08125 0.4625 0.025 0.0453125
0 0.56171875 0.6328125 0.0703125 0.1234375