0 0.3640625 0.3234375 0.0421875 0.2984375
0 0.54765625 0.3109375 0.0421875 0.278125
0 0.5765625 0.3234375 0.0390625 0.2421875
0 0.61015625 0.375 0.03125 0.1359375
0 0.65703125 0.325 0.0328125 0.215625
0 0.6859375 0.32890625 0.0328125 0.2125
0 0.703125 0.34140625 0.0125 0.1671875
0 0.7390625 0.33125 0.0359375 0.178125
0 0.7609375 0.32890625 0.015625 0.1234375
0 0.93359375 0.75234375 0.0109375 0.0859375
0 0.9140625 0.75859375 0.01875 0.0984375
0 0.609375 0.6875 0.009375 0.0546875
0 0.58671875 0.6484375 0.0078125 0.0484375
0 0.546875 0.67109375 0.009375 0.046875
0 0.540625 0.6546875 0.009375 0.0359375
0 0.51484375 0.71484375 0.0109375 0.0359375
0 0.8671875 0.6921875 0.0078125 0.065625
0 0.78203125 0.68984375 0.034375 0.059375
0 0.678125 0.85 0.0125 0.0296875
0 0.634375 0.65859375 0.0484375 0.0875
0 0.50859375 0.9625 0.028125 0.065625
0 0.84453125 0.68515625 0.0046875 0.05
0 0.71171875 0.5796875 0.028125 0.1796875
0 0.82578125 0.6015625 0.0203125 0.2328125