0 0.2125 0.64140625 0.2484375 0.4328125
0 0.296875 0.6484375 0.0984375 0.25
0 0.42109375 0.52890625 0.11875 0.503125
0 0.48046875 0.64921875 0.0859375 0.215625
0 0.57109375 0.54296875 0.1640625 0.35625
0 0.03125 0.3734375 0.0625 0.359375
0 0.19765625 0.29296875 0.171875 0.315625
0 0.12734375 0.3265625 0.0953125 0.3359375
0 0.29921875 0.3390625 0.0390625 0.29375
0 0.35390625 0.340625 0.103125 0.3796875
0 0.41484375 0.2625 0.059375 0.14375
0 0.51640625 0.33046875 0.0859375 0.2859375
0 0.575 0.36640625 0.03125 0.175
0 0.6 0.35078125 0.059375 0.2265625
0 0.63046875 0.33984375 0.05625 0.2578125
0 0.66953125 0.36953125 0.040625 0.1859375
0 0.72734375 0.34609375 0.0546875 0.171875
0 0.75234375 0.35078125 0.025 0.125
0 0.78125 0.35078125 0.046875 0.153125
0 0.81640625 0.35859375 0.03125 0.14375
0 0.83359375 0.3640625 0.028125 0.134375
0 0.85078125 0.32265625 0.0203125 0.05625
0 0.8703125 0.3578125 0.01875 0.090625
0 0.88515625 0.3484375 0.0265625 0.10625
0 0.9015625 0.3515625 0.0234375 0.0921875
0 0.23203125 0.3390625 0.04375 0.3484375
0 0.91953125 0.36796875 0.01875 0.065625
0 0.240625 0.33671875 0.0625 0.346875
0 0.34921875 0.4359375 0.0203125 0.1234375
0 0.4515625 0.24375 0.0953125 0.134375
0 0.47109375 0.39140625 0.0484375 0.15
0 0.5828125 0.25546875 0.0859375 0.065625
0 0.55 0.3375 0.0234375 0.08125
0 0.67734375 0.26171875 0.0671875 0.05625
0 0.696875 0.37265625 0.03125 0.1640625
0 0.73046875 0.28515625 0.0078125 0.0234375
0 0.796875 0.3578125 0.01875 0.1421875
0 0.81171875 0.39140625 0.00625 0.0359375
0 0.859375 0.3703125 0.0140625 0.0640625
0 0.95 0.34765625 0.0890625 0.115625
0 0.3171875 0.20859375 0.015625 0.01875
0 0.31015625 0.4296875 0.015625 0.090625
0 0.6140625 0.4109375 0.01875 0.096875
0 0.6546875 0.4140625 0.025 0.0875
0 0.7375 0.3890625 0.0125 0.0546875
0 0.7734375 0.296875 0.0046875 0.0125