0 0.875 0.45625 0.1078125 0.446875
0 0.89375 0.32578125 0.1140625 0.221875
0 0.78046875 0.48359375 0.1046875 0.378125
0 0.740625 0.48203125 0.0828125 0.3375
0 0.70078125 0.48046875 0.1046875 0.428125
0 0.64921875 0.503125 0.1125 0.4578125
0 0.5921875 0.5359375 0.0890625 0.359375
0 0.54765625 0.540625 0.10625 0.43125
0 0.51640625 0.57421875 0.1328125 0.4140625
0 0.471875 0.39296875 0.065625 0.1078125
0 0.3984375 0.59296875 0.128125 0.4359375
0 0.44453125 0.55625 0.0875 0.365625
0 0.340625 0.55546875 0.078125 0.30625
0 0.31640625 0.540625 0.0421875 0.2046875
0 0.2171875 0.56328125 0.0609375 0.215625
0 0.26953125 0.61171875 0.115625 0.4421875
0 0.184375 0.56953125 0.0375 0.1609375
0 0.12578125 0.64921875 0.0453125 0.09375
0 0.5796875 0.334375 0.0359375 0.0484375
0 0.559375 0.38671875 0.0203125 0.034375
0 0.63515625 0.5671875 0.05 0.2078125
0 0.525 0.69453125 0.0359375 0.075
0 0.1171875 0.58671875 0.0296875 0.028125
0 0.978125 0.359375 0.0421875 0.059375
0 0.0265625 0.6734375 0.0421875 0.0859375