0 0.434375 0.621875 0.134375 0.5828125
0 0.55703125 0.6 0.1265625 0.534375
0 0.6375 0.62265625 0.08125 0.3953125
0 0.74375 0.5765625 0.1125 0.440625
0 0.809375 0.57890625 0.065625 0.3640625
0 0.740625 0.59921875 0.078125 0.3296875
0 0.81953125 0.5546875 0.059375 0.296875
0 0.865625 0.4984375 0.075 0.2734375
0 0.7625 0.384375 0.0625 0.1140625
0 0.71328125 0.3796875 0.04375 0.19375
0 0.7765625 0.36640625 0.05 0.1703125
0 0.7890625 0.30234375 0.021875 0.0484375
0 0.8203125 0.34765625 0.0484375 0.1890625
0 0.71640625 0.26875 0.0390625 0.096875
0 0.76015625 0.26796875 0.0453125 0.125
0 0.76328125 0.21640625 0.028125 0.08125
0 0.7 0.240625 0.0203125 0.090625
0 0.70234375 0.20390625 0.0234375 0.0640625
0 0.728125 0.21953125 0.0296875 0.103125
0 0.7203125 0.19609375 0.0265625 0.0515625
0 0.73046875 0.32890625 0.040625 0.115625
0 0.3375 0.69375 0.0421875 0.2875
0 0.540625 0.68984375 0.0484375 0.1359375