0 0.03046875 0.51484375 0.0296875 0.2375
0 0.0890625 0.53046875 0.034375 0.221875
0 0.1421875 0.52109375 0.034375 0.23125
0 0.21171875 0.57578125 0.0921875 0.484375
0 0.253125 0.5703125 0.09375 0.50625
0 0.30859375 0.49609375 0.01875 0.1671875
0 0.3171875 0.49609375 0.0234375 0.171875
0 0.34921875 0.50234375 0.0234375 0.1546875
0 0.34140625 0.49375 0.01875 0.1421875
0 0.3609375 0.5 0.0203125 0.15
0 0.37421875 0.49375 0.0234375 0.153125
0 0.3953125 0.4984375 0.0296875 0.153125
0 0.4140625 0.49296875 0.01875 0.1359375
0 0.43125 0.48046875 0.021875 0.15
0 0.47265625 0.50234375 0.028125 0.2140625
0 0.4796875 0.5125 0.0328125 0.1890625
0 0.615625 0.5 0.0875 0.3328125
0 0.63515625 0.49140625 0.034375 0.25625
0 0.73125 0.5125 0.0265625 0.228125
0 0.759375 0.50703125 0.05 0.296875
0 0.77734375 0.49609375 0.0296875 0.265625
0 0.8421875 0.49296875 0.034375 0.228125
0 0.95625 0.471875 0.021875 0.171875
0 0.571875 0.4671875 0.3265625 0.153125
0 0.6421875 0.58125 0.0203125 0.08125
0 0.721875 0.57578125 0.0390625 0.071875
0 0.790625 0.4828125 0.015625 0.0671875
0 0.98671875 0.47578125 0.025 0.0375
0 0.28671875 0.44375 0.015625 0.115625