0 0.22578125 0.60625 0.1515625 0.309375
0 0.290625 0.3828125 0.2625 0.26875
0 0.215625 0.2296875 0.0859375 0.20625
0 0.26953125 0.178125 0.078125 0.1671875
0 0.55703125 0.33515625 0.0875 0.153125
0 0.58984375 0.4 0.1015625 0.125
0 0.659375 0.6515625 0.1921875 0.3515625
0 0.42578125 0.6703125 0.365625 0.371875
0 0.74765625 0.5015625 0.1296875 0.25625
0 0.6453125 0.35390625 0.0453125 0.1078125
0 0.6921875 0.3609375 0.046875 0.1484375
0 0.75 0.31796875 0.0515625 0.1171875
0 0.7765625 0.396875 0.078125 0.146875
0 0.825 0.4984375 0.0625 0.1453125
0 0.8890625 0.54375 0.175 0.178125
0 0.75546875 0.19609375 0.09375 0.1859375
0 0.90078125 0.35625 0.0859375 0.178125
0 0.9515625 0.37421875 0.0453125 0.103125
0 0.96171875 0.46171875 0.075 0.228125
0 0.96875 0.315625 0.0421875 0.0828125
0 0.86015625 0.278125 0.05 0.0546875
0 0.02734375 0.19453125 0.03125 0.1546875
0 0.02265625 0.1015625 0.015625 0.04375
0 0.06875 0.19375 0.0421875 0.171875
0 0.11875 0.16171875 0.0453125 0.134375
0 0.12109375 0.16328125 0.03125 0.1171875
0 0.17890625 0.16953125 0.0328125 0.1328125
0 0.19453125 0.125 0.0296875 0.0640625
0 0.22109375 0.1140625 0.034375 0.040625
0 0.32265625 0.17109375 0.021875 0.15625
0 0.33203125 0.1265625 0.028125 0.0796875
0 0.35 0.14765625 0.03125 0.1015625
0 0.37265625 0.165625 0.0328125 0.13125
0 0.39453125 0.16171875 0.0296875 0.134375
0 0.41015625 0.1640625 0.0359375 0.15
0 0.4453125 0.16484375 0.0515625 0.1171875
0 0.46328125 0.15703125 0.0265625 0.103125
0 0.4921875 0.196875 0.0375 0.0734375
0 0.52109375 0.19375 0.040625 0.0640625
0 0.4953125 0.13671875 0.0265625 0.0765625
0 0.52265625 0.15234375 0.03125 0.0984375
0 0.57890625 0.1875 0.0515625 0.0609375
0 0.56015625 0.1671875 0.015625 0.0328125
0 0.5671875 0.1296875 0.028125 0.0796875
0 0.60703125 0.13046875 0.0265625 0.08125
0 0.65703125 0.17421875 0.0296875 0.0515625
0 0.6546875 0.125 0.025 0.0390625
0 0.178125 0.0828125 0.03125 0.0484375
0 0.925 0.17421875 0.021875 0.0828125
0 0.08515625 0.47890625 0.16875 0.196875
0 0.52734375 0.3828125 0.30625 0.1921875
0 0.85625 0.4453125 0.2859375 0.4203125
0 0.1171875 0.13828125 0.165625 0.1390625
0 0.2875 0.096875 0.084375 0.1921875
0 0.54765625 0.14765625 0.378125 0.1546875
0 0.85625 0.17265625 0.053125 0.096875