0 0.353125 0.521875 0.2390625 0.953125
0 0.4875 0.4046875 0.0953125 0.2125
0 0.25859375 0.38984375 0.028125 0.071875
0 0.27578125 0.390625 0.0265625 0.0703125
0 0.6703125 0.35078125 0.0125 0.028125
0 0.67578125 0.340625 0.015625 0.053125
0 0.740625 0.3265625 0.01875 0.040625
0 0.8359375 0.28125 0.01875 0.0734375
0 0.8875 0.2953125 0.0140625 0.0453125
0 0.96953125 0.26875 0.0171875 0.0796875
0 0.87265625 0.271875 0.015625 0.075
0 0.64453125 0.2828125 0.01875 0.0703125
0 0.11796875 0.31953125 0.2359375 0.1015625
0 0.721875 0.3 0.5546875 0.153125