0 0.28828125 0.25625 0.1140625 0.290625
0 0.37890625 0.24296875 0.075 0.1375
0 0.40546875 0.23671875 0.1234375 0.265625
0 0.58125 0.26875 0.090625 0.1953125
0 0.69453125 0.36875 0.121875 0.3265625
0 0.62734375 0.39140625 0.09375 0.225
0 0.55625 0.39453125 0.0875 0.209375
0 0.5109375 0.32421875 0.0546875 0.1296875
0 0.47421875 0.39140625 0.0828125 0.225
0 0.428125 0.40703125 0.08125 0.2140625
0 0.3796875 0.3390625 0.05 0.0984375
0 0.3421875 0.4078125 0.11875 0.296875
0 0.23046875 0.5453125 0.1421875 0.575
0 0.35703125 0.528125 0.1015625 0.21875
0 0.46640625 0.5203125 0.0625 0.1875
0 0.54921875 0.51484375 0.1140625 0.2421875
0 0.621875 0.51640625 0.0640625 0.1234375
0 0.678125 0.57265625 0.071875 0.178125
0 0.73828125 0.7484375 0.1421875 0.4546875
0 0.6203125 0.75078125 0.140625 0.3796875
0 0.534375 0.71796875 0.125 0.4734375
0 0.41328125 0.7265625 0.15625 0.4765625
0 0.30390625 0.7546875 0.175 0.4125
0 0.5265625 0.2046875 0.071875 0.0859375
0 0.4390625 0.18515625 0.034375 0.0546875