0 0.94296875 0.64140625 0.1109375 0.3640625
0 0.7890625 0.4296875 0.046875 0.1953125
0 0.70859375 0.471875 0.0578125 0.2609375
0 0.6578125 0.56796875 0.13125 0.3078125
0 0.5578125 0.39921875 0.0625 0.225
0 0.6453125 0.73515625 0.365625 0.453125
0 0.615625 0.7140625 0.440625 0.490625
0 0.32578125 0.63125 0.1484375 0.3484375
0 0.771875 0.3859375 0.084375 0.1109375
0 0.96796875 0.34765625 0.0609375 0.10625
0 0.43671875 0.3109375 0.1484375 0.1703125
0 0.5796875 0.371875 0.01875 0.0890625
0 0.6390625 0.38125 0.015625 0.0796875