0 0.17421875 0.3953125 0.028125 0.1015625
0 0.2078125 0.459375 0.05625 0.234375
0 0.07578125 0.534375 0.09375 0.3359375
0 0.31015625 0.625 0.0390625 0.4671875
0 0.11640625 0.80625 0.184375 0.384375
0 0.459375 0.65546875 0.2296875 0.6875
0 0.51484375 0.67421875 0.4109375 0.6484375
0 0.96796875 0.52734375 0.0625 0.43125
0 0.93671875 0.4953125 0.0390625 0.3734375
0 0.9140625 0.53359375 0.06875 0.4
0 0.896875 0.49296875 0.0609375 0.421875
0 0.87734375 0.50546875 0.059375 0.371875
0 0.834375 0.48359375 0.084375 0.3921875
0 0.7921875 0.50390625 0.075 0.3671875
0 0.73359375 0.51953125 0.075 0.3796875
0 0.67421875 0.49921875 0.0515625 0.33125
0 0.64296875 0.459375 0.05 0.2578125
0 0.7421875 0.34921875 0.025 0.0390625
0 0.7859375 0.59765625 0.034375 0.1203125
0 0.19921875 0.83125 0.3984375 0.23125
0 0.8328125 0.82734375 0.3328125 0.340625
0 0.68984375 0.384375 0.01875 0.0859375