0 0.3859375 0.71484375 0.1484375 0.196875
0 0.546875 0.57578125 0.0734375 0.0828125
0 0.8015625 0.61640625 0.0578125 0.08125
0 0.75546875 0.65625 0.153125 0.18125
0 0.6609375 0.484375 0.028125 0.084375
0 0.6265625 0.49140625 0.028125 0.1
0 0.60703125 0.48359375 0.0234375 0.1015625
0 0.565625 0.52734375 0.04375 0.0921875
0 0.50703125 0.54453125 0.053125 0.121875
0 0.3765625 0.56171875 0.06875 0.159375
0 0.3296875 0.55625 0.0671875 0.1375
0 0.28671875 0.61015625 0.1015625 0.128125
0 0.24375 0.65859375 0.15 0.1875
0 0.1140625 0.53984375 0.0890625 0.109375
0 0.0828125 0.52265625 0.0484375 0.09375
0 0.0703125 0.49921875 0.025 0.0625
0 0.0328125 0.50234375 0.0359375 0.065625
0 0.2875 0.44296875 0.015625 0.053125