0 0.9484375 0.81953125 0.0640625 0.2234375
0 0.9734375 0.80546875 0.0390625 0.228125
0 0.93203125 0.725 0.0375 0.0875
0 0.8453125 0.8234375 0.0578125 0.2296875
0 0.7609375 0.76015625 0.0578125 0.1421875
0 0.7234375 0.8375 0.0796875 0.325
0 0.6671875 0.85390625 0.0671875 0.290625
0 0.690625 0.71171875 0.0234375 0.059375
0 0.67265625 0.69453125 0.0203125 0.034375
0 0.65390625 0.7015625 0.015625 0.053125
0 0.6328125 0.73671875 0.0203125 0.096875
0 0.60546875 0.78515625 0.0421875 0.184375
0 0.59453125 0.72421875 0.0125 0.059375
0 0.56796875 0.78125 0.04375 0.1890625
0 0.56015625 0.80078125 0.040625 0.1890625
0 0.58125 0.7328125 0.021875 0.0890625
0 0.54921875 0.7078125 0.0125 0.0515625
0 0.52734375 0.69375 0.009375 0.0234375
0 0.54140625 0.6859375 0.0109375 0.0296875
0 0.5265625 0.67578125 0.0078125 0.0140625
0 0.51015625 0.7015625 0.0140625 0.053125
0 0.50859375 0.69453125 0.0125 0.046875
0 0.490625 0.70625 0.0171875 0.046875
0 0.4796875 0.7046875 0.0109375 0.0515625
0 0.4671875 0.7140625 0.0171875 0.0546875
0 0.45859375 0.70703125 0.0109375 0.0453125
0 0.4953125 0.68671875 0.0078125 0.0296875
0 0.43671875 0.7390625 0.025 0.0859375
0 0.39140625 0.71875 0.015625 0.05625
0 0.35078125 0.7265625 0.021875 0.078125
0 0.3703125 0.81953125 0.05 0.2265625
0 0.3703125 0.69921875 0.009375 0.0203125
0 0.38046875 0.715625 0.015625 0.059375
0 0.31484375 0.7390625 0.01875 0.1078125
0 0.303125 0.81875 0.0484375 0.228125
0 0.27265625 0.74609375 0.0140625 0.0984375
0 0.296875 0.78984375 0.0515625 0.1890625
0 0.13203125 0.8265625 0.053125 0.234375
0 0.17109375 0.815625 0.0484375 0.253125
0 0.578125 0.72734375 0.015625 0.078125
0 0.53671875 0.7375 0.03125 0.1125
0 0.075 0.7828125 0.0125 0.078125
0 0.0765625 0.721875 0.0109375 0.0390625
0 0.14375 0.69765625 0.009375 0.028125
0 0.15859375 0.69609375 0.009375 0.015625
0 0.19375 0.7140625 0.0046875 0.0109375
0 0.146875 0.8703125 0.025 0.06875
0 0.14765625 0.74140625 0.0140625 0.0171875
0 0.2578125 0.7734375 0.021875 0.1171875
0 0.390625 0.67890625 0.0125 0.0234375
0 0.4703125 0.6828125 0.040625 0.0265625
0 0.55078125 0.64140625 0.0125 0.015625
0 0.5484375 0.6203125 0.0078125 0.0203125
0 0.56171875 0.68515625 0.0078125 0.01875
0 0.71484375 0.6203125 0.021875 0.0359375
0 0.6171875 0.7140625 0.0109375 0.0375
0 0.91875 0.71640625 0.01875 0.0578125
0 0.65078125 0.746875 0.015625 0.0234375
0 0.609375 0.68203125 0.0265625 0.0265625
0 0.49375 0.678125 0.0046875 0.0109375
0 0.37890625 0.68046875 0.0109375 0.01875
0 0.2734375 0.696875 0.0171875 0.0390625
0 0.03984375 0.821875 0.0125 0.0171875
0 0.05625 0.85546875 0.0078125 0.0109375