0 0.10625 0.57734375 0.1171875 0.5390625
0 0.18125 0.646875 0.1265625 0.5109375
0 0.2 0.378125 0.0859375 0.1125
0 0.2171875 0.58671875 0.05 0.5109375
0 0.25390625 0.6140625 0.0921875 0.559375
0 0.2984375 0.571875 0.05625 0.4484375
0 0.30625 0.36640625 0.046875 0.1171875
0 0.3375 0.61171875 0.0984375 0.5546875
0 0.371875 0.59140625 0.04375 0.478125
0 0.396875 0.5984375 0.040625 0.4625
0 0.425 0.61640625 0.1 0.53125
0 0.4390625 0.64375 0.1265625 0.5578125
0 0.4640625 0.4 0.046875 0.1328125
0 0.5421875 0.65703125 0.1171875 0.5125
0 0.50546875 0.5890625 0.059375 0.503125
0 0.5203125 0.375 0.0640625 0.0875
0 0.55625 0.45234375 0.09375 0.18125
0 0.6 0.37265625 0.0546875 0.1171875
0 0.5921875 0.40390625 0.0484375 0.084375
0 0.61640625 0.42421875 0.0625 0.134375
0 0.6265625 0.63125 0.0734375 0.509375
0 0.665625 0.390625 0.03125 0.0984375
0 0.68515625 0.63359375 0.1265625 0.590625
0 0.75234375 0.6171875 0.0890625 0.6015625
0 0.82578125 0.646875 0.14375 0.6421875
0 0.89375 0.6296875 0.0828125 0.5734375
0 0.79375 0.62734375 0.040625 0.453125