0 0.2203125 0.6828125 0.1015625 0.5171875
0 0.2359375 0.6421875 0.1046875 0.528125
0 0.32109375 0.64375 0.096875 0.5234375
0 0.40078125 0.64765625 0.0859375 0.4984375
0 0.3984375 0.6140625 0.1078125 0.49375
0 0.48984375 0.64453125 0.103125 0.5140625
0 0.57109375 0.7546875 0.1171875 0.340625
0 0.546875 0.53125 0.0796875 0.3109375
0 0.59453125 0.4875 0.06875 0.2453125
0 0.640625 0.63515625 0.0921875 0.4890625
0 0.6890625 0.62109375 0.065625 0.4859375
0 0.7453125 0.646875 0.1015625 0.4625
0 0.80859375 0.6546875 0.0796875 0.453125
0 0.46171875 0.440625 0.05625 0.084375