0 0.10859375 0.60390625 0.1328125 0.509375
0 0.20859375 0.57421875 0.1328125 0.53125
0 0.60703125 0.85390625 0.1796875 0.2875
0 0.746875 0.8859375 0.1484375 0.2234375
0 0.7484375 0.78203125 0.1578125 0.36875
0 0.72265625 0.67421875 0.1328125 0.346875
0 0.59453125 0.73671875 0.15625 0.471875
0 0.48984375 0.721875 0.1796875 0.4921875
0 0.37578125 0.715625 0.13125 0.4421875
0 0.28046875 0.6765625 0.1734375 0.4828125
0 0.834375 0.6546875 0.1640625 0.640625
0 0.78125 0.43671875 0.0828125 0.2265625
0 0.76015625 0.36484375 0.0734375 0.1796875
0 0.696875 0.48828125 0.1078125 0.2703125
0 0.5953125 0.4671875 0.1375 0.2796875
0 0.48984375 0.4578125 0.10625 0.23125
0 0.3953125 0.4578125 0.1015625 0.2171875
0 0.3546875 0.375 0.0546875 0.125
0 0.29453125 0.59921875 0.1125 0.49375
0 0.26484375 0.40390625 0.0546875 0.1265625