0 0.5640625 0.56015625 0.175 0.109375
0 0.63046875 0.50234375 0.034375 0.0953125
0 0.775 0.553125 0.103125 0.2234375
0 0.68046875 0.48203125 0.0203125 0.03125
0 0.8375 0.5 0.0421875 0.109375
0 0.81484375 0.50078125 0.0375 0.0921875
0 0.89375 0.515625 0.0640625 0.109375
0 0.92109375 0.49375 0.0359375 0.0875
0 0.8609375 0.496875 0.028125 0.078125
0 0.725 0.48125 0.025 0.0484375
0 0.875 0.47265625 0.01875 0.040625
0 0.89296875 0.459375 0.01875 0.015625
0 0.8203125 0.4875 0.0265625 0.0703125
0 0.61796875 0.4984375 0.0171875 0.0625
0 0.9359375 0.4890625 0.0171875 0.071875
0 0.95859375 0.50703125 0.065625 0.1203125
0 0.5015625 0.4703125 0.03125 0.0484375
0 0.72890625 0.540625 0.0234375 0.05625
0 0.9859375 0.5203125 0.025 0.078125
0 0.6703125 0.6140625 0.021875 0.015625
0 0.8640625 0.4640625 0.009375 0.0140625
0 0.9421875 0.46015625 0.00625 0.0109375