0 0.0625 0.696875 0.125 0.603125
0 0.20078125 0.61015625 0.1390625 0.4109375
0 0.325 0.71171875 0.1359375 0.5734375
0 0.44140625 0.71015625 0.140625 0.5765625
0 0.51484375 0.6765625 0.1328125 0.575
0 0.6171875 0.6859375 0.1046875 0.521875
0 0.72109375 0.67578125 0.1421875 0.5484375
0 0.7546875 0.64765625 0.1203125 0.53125
0 0.790625 0.45234375 0.0515625 0.075
0 0.82265625 0.6109375 0.0515625 0.35
0 0.884375 0.440625 0.0265625 0.05
0 0.8609375 0.66015625 0.109375 0.55625
0 0.9328125 0.68828125 0.1328125 0.5953125
0 0.2515625 0.5046875 0.025 0.0859375
0 0.69140625 0.47890625 0.0296875 0.034375