0 0.13515625 0.78671875 0.2703125 0.4234375
0 0.4125 0.79296875 0.2671875 0.4125
0 0.2296875 0.709375 0.175 0.2984375
0 0.2765625 0.6265625 0.1 0.26875
0 0.3640625 0.6234375 0.0734375 0.2578125
0 0.3015625 0.5015625 0.065625 0.240625
0 0.340625 0.49765625 0.0546875 0.2265625
0 0.3921875 0.67421875 0.1046875 0.309375
0 0.5625 0.78671875 0.2046875 0.4234375
0 0.49765625 0.634375 0.0828125 0.2140625
0 0.7921875 0.78671875 0.1921875 0.425
0 0.92890625 0.77578125 0.140625 0.4234375
0 0.9359375 0.5390625 0.0578125 0.25625
0 0.978125 0.54921875 0.0421875 0.36875
0 0.67265625 0.46875 0.065625 0.10625
0 0.7203125 0.45546875 0.0578125 0.1515625
0 0.596875 0.45546875 0.0390625 0.0984375
0 0.62265625 0.46015625 0.040625 0.0921875
0 0.4546875 0.45703125 0.03125 0.09375
0 0.4171875 0.55546875 0.0734375 0.1125
0 0.5625 0.5890625 0.0859375 0.1328125
0 0.653125 0.58671875 0.0546875 0.1796875
0 0.703125 0.65390625 0.11875 0.296875
0 0.7078125 0.65625 0.109375 0.296875
0 0.646875 0.43046875 0.0203125 0.078125
0 0.7625 0.44140625 0.0265625 0.046875
0 0.51328125 0.48359375 0.046875 0.05
0 0.628125 0.40390625 0.0078125 0.0234375
0 0.6734375 0.4109375 0.0203125 0.0328125
0 0.6984375 0.43671875 0.028125 0.0796875
0 0.8 0.490625 0.0203125 0.1609375