0 0.15234375 0.62578125 0.1734375 0.4953125
0 0.25625 0.57578125 0.115625 0.41875
0 0.32421875 0.52265625 0.075 0.29375
0 0.4484375 0.55078125 0.090625 0.3265625
0 0.3578125 0.48515625 0.0453125 0.275
0 0.38671875 0.503125 0.0453125 0.234375
0 0.4734375 0.44921875 0.0453125 0.1109375
0 0.03203125 0.64140625 0.0640625 0.5078125
0 0.05859375 0.49296875 0.059375 0.271875
0 0.0984375 0.44453125 0.046875 0.140625
0 0.1140625 0.41171875 0.03125 0.10625
0 0.52578125 0.46328125 0.03125 0.2984375
0 0.925 0.346875 0.0953125 0.15
0 0.75078125 0.35390625 0.0734375 0.1421875
0 0.4140625 0.48359375 0.03125 0.1875
0 0.19453125 0.40078125 0.0328125 0.05625
0 0.65390625 0.4234375 0.0484375 0.1328125
0 0.42265625 0.40546875 0.046875 0.0625
0 0.32109375 0.4125 0.046875 0.0296875
0 0.13984375 0.40703125 0.1078125 0.1171875
0 0.0734375 0.39453125 0.0203125 0.0375
0 0.3140625 0.61640625 0.040625 0.03125