0 0.33203125 0.359375 0.1078125 0.3453125
0 0.43125 0.28515625 0.0703125 0.24375
0 0.51171875 0.31796875 0.075 0.275
0 0.5515625 0.265625 0.05625 0.209375
0 0.5859375 0.23515625 0.0609375 0.171875
0 0.66953125 0.3015625 0.1421875 0.4015625
0 0.759375 0.6703125 0.134375 0.3296875
0 0.621875 0.696875 0.1375 0.303125
0 0.51015625 0.55390625 0.1015625 0.3578125
0 0.42734375 0.4734375 0.0875 0.246875
0 0.4203125 0.70390625 0.1296875 0.31875
0 0.3546875 0.56875 0.1 0.409375
0 0.20234375 0.446875 0.0953125 0.2109375
0 0.2578125 0.58125 0.125 0.4390625
0 0.11875 0.578125 0.14375 0.45625
0 0.5609375 0.4515625 0.025 0.103125