0 0.9734375 0.478125 0.0515625 0.18125
0 0.934375 0.5890625 0.1296875 0.340625
0 0.89765625 0.56875 0.075 0.328125
0 0.8625 0.52890625 0.059375 0.290625
0 0.81015625 0.52421875 0.0703125 0.3046875
0 0.74453125 0.59921875 0.1015625 0.353125
0 0.74453125 0.56953125 0.090625 0.3171875
0 0.6546875 0.5515625 0.0640625 0.2625
0 0.61015625 0.496875 0.05 0.1890625
0 0.575 0.57890625 0.078125 0.334375
0 0.54921875 0.4671875 0.03125 0.121875
0 0.48828125 0.57421875 0.0765625 0.334375
0 0.37265625 0.5875 0.0671875 0.340625
0 0.38046875 0.5796875 0.05625 0.334375
0 0.32421875 0.47265625 0.046875 0.090625
0 0.29609375 0.5875 0.065625 0.346875
0 0.25703125 0.48125 0.046875 0.1171875
0 0.23515625 0.58828125 0.075 0.334375
0 0.19609375 0.6015625 0.090625 0.3671875
0 0.1546875 0.55078125 0.040625 0.209375
0 0.12578125 0.58671875 0.0640625 0.3640625
0 0.0796875 0.60546875 0.0765625 0.396875
0 0.01328125 0.58203125 0.0265625 0.36875
0 0.03984375 0.58828125 0.0390625 0.271875
0 0.05625 0.59609375 0.0953125 0.3125
0 0.390625 0.134375 0.6890625 0.26875