0 0.14453125 0.43671875 0.2234375 0.3265625
0 0.70078125 0.28984375 0.1015625 0.240625
0 0.73359375 0.44296875 0.2609375 0.328125
0 0.928125 0.39140625 0.0484375 0.1328125
0 0.86484375 0.46953125 0.2640625 0.2265625
0 0.75078125 0.36796875 0.2203125 0.1734375
0 0.0953125 0.43203125 0.1890625 0.353125
0 0.12421875 0.38515625 0.1671875 0.2203125
0 0.121875 0.38515625 0.1578125 0.2234375
0 0.59375 0.30234375 0.0875 0.228125
0 0.36640625 0.3578125 0.0921875 0.1953125
0 0.53359375 0.26796875 0.0625 0.0640625
0 0.66015625 0.23828125 0.0703125 0.0828125
0 0.75859375 0.3828125 0.065625 0.0484375
0 0.75078125 0.73515625 0.4953125 0.409375
0 0.44375 0.33828125 0.2375 0.2484375
0 0.63203125 0.17734375 0.0609375 0.0453125
0 0.77578125 0.246875 0.0484375 0.1015625