0 0.925 0.3828125 0.046875 0.096875
0 0.9578125 0.4203125 0.0828125 0.3765625
0 0.87890625 0.4578125 0.109375 0.246875
0 0.7640625 0.5984375 0.225 0.6890625
0 0.6796875 0.53671875 0.05625 0.171875
0 0.6765625 0.475 0.021875 0.075
0 0.665625 0.490625 0.0171875 0.0328125
0 0.65859375 0.49921875 0.0140625 0.021875
0 0.64296875 0.51328125 0.0296875 0.084375
0 0.63046875 0.51171875 0.0515625 0.103125
0 0.61171875 0.6484375 0.0640625 0.371875
0 0.54296875 0.65625 0.15 0.546875
0 0.5046875 0.46875 0.0203125 0.05
0 0.4734375 0.58125 0.0375 0.2296875
0 0.45234375 0.54375 0.021875 0.0703125
0 0.3828125 0.71328125 0.134375 0.3609375
0 0.3359375 0.62734375 0.0484375 0.134375
0 0.425 0.6796875 0.0640625 0.2859375
0 0.42890625 0.553125 0.04375 0.1109375
0 0.3640625 0.5234375 0.0328125 0.0828125
0 0.21796875 0.51484375 0.0671875 0.090625
0 0.1515625 0.50234375 0.090625 0.2828125
0 0.05859375 0.590625 0.1046875 0.4828125
0 0.36640625 0.49765625 0.290625 0.0796875
0 0.62734375 0.48828125 0.015625 0.0265625