0 0.57578125 0.55078125 0.0203125 0.109375
0 0.61171875 0.5953125 0.0203125 0.159375
0 0.5703125 0.61015625 0.0140625 0.0515625
0 0.58125 0.61640625 0.015625 0.0578125
0 0.59921875 0.69296875 0.0171875 0.0734375
0 0.61015625 0.70625 0.0171875 0.065625
0 0.66171875 0.76484375 0.0390625 0.2625
0 0.634375 0.9484375 0.0421875 0.1
0 0.67265625 0.9515625 0.028125 0.09375
0 0.54375 0.3703125 0.0203125 0.0640625
0 0.5078125 0.421875 0.0140625 0.1109375
0 0.57890625 0.365625 0.0171875 0.0546875
0 0.59765625 0.365625 0.0140625 0.0578125
0 0.61171875 0.4 0.0078125 0.084375
0 0.62265625 0.384375 0.0109375 0.059375
0 0.63125 0.415625 0.0125 0.09375
0 0.64296875 0.4265625 0.0140625 0.09375
0 0.66015625 0.4328125 0.0140625 0.1
0 0.52109375 0.41484375 0.0125 0.096875
0 0.5625 0.39921875 0.0140625 0.090625
0 0.55234375 0.37734375 0.0109375 0.0421875
0 0.52734375 0.3875 0.009375 0.0421875
0 0.5140625 0.42265625 0.0109375 0.08125
0 0.5890625 0.36875 0.009375 0.053125
0 0.496875 0.4171875 0.0125 0.0390625
0 0.6140625 0.36015625 0.015625 0.034375
0 0.63515625 0.37109375 0.0125 0.0296875
0 0.55546875 0.36328125 0.021875 0.0421875