0 0.9578125 0.6203125 0.08125 0.553125
0 0.8640625 0.57578125 0.1234375 0.5265625
0 0.80703125 0.61875 0.159375 0.65625
0 0.72421875 0.5953125 0.0796875 0.396875
0 0.64921875 0.6015625 0.14375 0.5578125
0 0.61796875 0.5578125 0.06875 0.365625
0 0.56328125 0.4953125 0.08125 0.2625
0 0.49765625 0.653125 0.1984375 0.6921875
0 0.46015625 0.584375 0.065625 0.40625
0 0.40078125 0.584375 0.0671875 0.3453125
0 0.3296875 0.5546875 0.0578125 0.3390625
0 0.234375 0.6578125 0.20625 0.68125
0 0.971875 0.58984375 0.0546875 0.0828125