0 0.9046875 0.72890625 0.190625 0.5421875
0 0.7421875 0.7609375 0.1546875 0.4765625
0 0.40234375 0.74140625 0.140625 0.5
0 0.15234375 0.70625 0.128125 0.378125
0 0.2109375 0.6359375 0.0859375 0.4015625
0 0.1 0.55703125 0.04375 0.2234375
0 0.19609375 0.44921875 0.0328125 0.0484375
0 0.0140625 0.6296875 0.028125 0.36875
0 0.01875 0.6453125 0.0375 0.3359375
0 0.0234375 0.49140625 0.046875 0.140625
0 0.596875 0.58671875 0.08125 0.3171875
0 0.60390625 0.58984375 0.0703125 0.31875
0 0.69921875 0.54140625 0.053125 0.2390625