0 0.0265625 0.5375 0.053125 0.828125
0 0.0453125 0.5109375 0.090625 0.7328125
0 0.10625 0.359375 0.090625 0.4046875
0 0.17734375 0.534375 0.15625 0.7828125
0 0.2359375 0.234375 0.0671875 0.1421875
0 0.26484375 0.2796875 0.0421875 0.1015625
0 0.32421875 0.5671875 0.171875 0.75625
0 0.35859375 0.22265625 0.0390625 0.0609375
0 0.3703125 0.290625 0.046875 0.103125
0 0.3765625 0.5796875 0.059375 0.671875
0 0.47578125 0.56484375 0.1671875 0.7140625
0 0.48828125 0.5421875 0.1484375 0.7171875
0 0.56015625 0.53671875 0.1296875 0.73125
0 0.63671875 0.31640625 0.0625 0.1171875
0 0.67890625 0.590625 0.09375 0.63125
0 0.68828125 0.2359375 0.0578125 0.1234375
0 0.74375 0.37734375 0.0671875 0.2765625
0 0.8 0.58515625 0.10625 0.6046875
0 0.8484375 0.31484375 0.0375 0.0921875
0 0.884375 0.58671875 0.109375 0.5953125
0 0.9359375 0.6 0.1015625 0.571875
0 0.5859375 0.303125 0.0484375 0.1140625
0 0.91484375 0.3171875 0.16875 0.134375