0 0.03046875 0.6734375 0.0609375 0.3921875
0 0.071875 0.68515625 0.059375 0.353125
0 0.10625 0.66953125 0.0515625 0.365625
0 0.1484375 0.665625 0.059375 0.365625
0 0.1875 0.65234375 0.0546875 0.3734375
0 0.23359375 0.6734375 0.059375 0.328125
0 0.2640625 0.6640625 0.0984375 0.33125
0 0.32890625 0.6609375 0.0671875 0.3453125
0 0.35078125 0.65390625 0.1 0.340625
0 0.40625 0.65859375 0.0734375 0.34375
0 0.46640625 0.6421875 0.0671875 0.378125
0 0.50625 0.6515625 0.05 0.340625
0 0.54140625 0.65546875 0.0515625 0.34375
0 0.590625 0.65 0.08125 0.35625
0 0.615625 0.64921875 0.0703125 0.365625
0 0.68203125 0.63828125 0.08125 0.3828125
0 0.73203125 0.65078125 0.0515625 0.36875
0 0.78203125 0.65546875 0.0578125 0.3671875
0 0.83515625 0.65078125 0.0671875 0.3875
0 0.8875 0.6703125 0.0703125 0.3859375
0 0.934375 0.684375 0.05625 0.3625
0 0.97734375 0.68359375 0.04375 0.396875
0 0.0203125 0.4703125 0.040625 0.146875
0 0.0671875 0.475 0.0609375 0.1890625
0 0.11328125 0.4609375 0.05 0.1796875
0 0.15078125 0.46796875 0.0453125 0.165625
0 0.1859375 0.44765625 0.040625 0.1765625
0 0.22734375 0.45703125 0.05 0.221875
0 0.26640625 0.50078125 0.0484375 0.253125
0 0.31171875 0.4609375 0.046875 0.20625
0 0.35234375 0.43671875 0.05 0.1796875
0 0.4 0.4515625 0.0515625 0.190625
0 0.44765625 0.4296875 0.053125 0.1828125
0 0.49765625 0.4484375 0.0546875 0.1640625
0 0.5390625 0.4484375 0.0515625 0.1859375
0 0.58984375 0.44296875 0.0609375 0.19375
0 0.63984375 0.5078125 0.046875 0.284375
0 0.68671875 0.44921875 0.0625 0.1578125
0 0.72578125 0.4609375 0.0546875 0.1765625
0 0.76171875 0.49921875 0.046875 0.21875
0 0.80625 0.43828125 0.0546875 0.1796875
0 0.85546875 0.46875 0.05625 0.19375
0 0.89765625 0.48125 0.053125 0.2171875
0 0.93671875 0.4859375 0.0484375 0.159375
0 0.965625 0.51484375 0.0671875 0.321875
0 0.0265625 0.359375 0.0484375 0.24375
0 0.0625 0.35234375 0.0515625 0.1796875
0 0.096875 0.359375 0.046875 0.165625
0 0.1203125 0.3484375 0.0765625 0.1765625
0 0.17109375 0.36484375 0.040625 0.2203125
0 0.2125 0.34765625 0.0453125 0.140625
0 0.24921875 0.33515625 0.04375 0.1796875
0 0.265625 0.340625 0.0953125 0.1953125
0 0.33125 0.340625 0.04375 0.16875
0 0.36640625 0.340625 0.065625 0.1875
0 0.40859375 0.32578125 0.0453125 0.1765625
0 0.45078125 0.32421875 0.0453125 0.146875
0 0.4875 0.35234375 0.0453125 0.1984375
0 0.5359375 0.33984375 0.090625 0.175
0 0.57265625 0.33984375 0.0484375 0.1859375
0 0.6234375 0.33828125 0.0546875 0.159375
0 0.659375 0.3265625 0.0453125 0.2125
0 0.69609375 0.309375 0.04375 0.1359375
0 0.7484375 0.34453125 0.0859375 0.20625
0 0.79140625 0.309375 0.046875 0.15
0 0.84296875 0.3390625 0.0703125 0.1796875
0 0.884375 0.3390625 0.0515625 0.240625
0 0.925 0.3390625 0.0609375 0.240625
0 0.97109375 0.35078125 0.05625 0.2234375
0 0.00546875 0.33359375 0.0109375 0.1765625