0 0.7 0.70703125 0.16875 0.375
0 0.54453125 0.70859375 0.1046875 0.4421875
0 0.44375 0.66328125 0.1078125 0.28125
0 0.484375 0.7796875 0.0515625 0.1515625
0 0.315625 0.72265625 0.109375 0.4015625
0 0.38125 0.68984375 0.028125 0.1359375
0 0.20390625 0.7234375 0.0890625 0.2578125
0 0.11328125 0.69609375 0.03125 0.1640625
0 0.16796875 0.7265625 0.040625 0.196875
0 0.47890625 0.6890625 0.046875 0.10625
0 0.50625 0.68203125 0.0140625 0.08125
0 0.51875 0.66953125 0.01875 0.0796875
0 0.6 0.66875 0.0390625 0.1140625
0 0.62421875 0.67578125 0.015625 0.059375
0 0.58125 0.64609375 0.0078125 0.0359375
0 0.83671875 0.66484375 0.01875 0.0890625
0 0.8171875 0.66015625 0.021875 0.09375
0 0.7953125 0.66328125 0.0203125 0.0859375
0 0.77734375 0.665625 0.0265625 0.0890625
0 0.86171875 0.64375 0.021875 0.0453125
0 0.928125 0.6609375 0.0203125 0.0703125
0 0.9875 0.659375 0.0234375 0.103125
0 0.971875 0.65234375 0.0140625 0.090625
0 0.87734375 0.64453125 0.0125 0.0421875
0 0.8484375 0.65546875 0.0125 0.0640625
0 0.69609375 0.66484375 0.0125 0.05
0 0.37421875 0.6609375 0.015625 0.071875
0 0.2484375 0.66328125 0.021875 0.0765625
0 0.2671875 0.6625 0.0203125 0.0765625
0 0.184375 0.715625 0.025 0.2046875
0 0.0546875 0.665625 0.0265625 0.09375
0 0.0921875 0.66328125 0.028125 0.109375
0 0.078125 0.7125 0.0234375 0.08125
0 0.5890625 0.6734375 0.01875 0.090625
0 0.4921875 0.67109375 0.0421875 0.0453125
0 0.61328125 0.671875 0.015625 0.05
0 0.5671875 0.865625 0.4796875 0.1625
0 0.24921875 0.83515625 0.09375 0.04375
0 0.96640625 0.6453125 0.065625 0.06875
0 0.88828125 0.6546875 0.0125 0.0515625
0 0.7640625 0.63984375 0.1203125 0.065625
0 0.365625 0.65546875 0.0359375 0.075
0 0.25859375 0.653125 0.0765625 0.06875
0 0.09140625 0.66015625 0.0703125 0.1109375