0 0.76875 0.46640625 0.0640625 0.1390625
0 0.66015625 0.54375 0.1328125 0.3171875
0 0.6140625 0.51796875 0.0390625 0.228125
0 0.5796875 0.5296875 0.103125 0.2890625
0 0.47890625 0.5125 0.0359375 0.1984375
0 0.4984375 0.53046875 0.053125 0.2359375
0 0.43359375 0.41875 0.05 0.053125
0 0.4515625 0.5390625 0.059375 0.2140625
0 0.51953125 0.559375 0.125 0.26875
0 0.353125 0.4921875 0.03125 0.1421875
0 0.24609375 0.49453125 0.0796875 0.1578125
0 0.3171875 0.5 0.08125 0.2078125
0 0.403125 0.53046875 0.1328125 0.2890625
0 0.534375 0.41484375 0.046875 0.0359375