0 0.12109375 0.3828125 0.0609375 0.3234375
0 0.15546875 0.415625 0.1078125 0.3546875
0 0.22265625 0.27734375 0.065625 0.05625
0 0.21328125 0.50546875 0.0953125 0.390625
0 0.246875 0.52890625 0.1625 0.4765625
0 0.2875 0.40390625 0.059375 0.275
0 0.3078125 0.4109375 0.0546875 0.3171875
0 0.32578125 0.2921875 0.0328125 0.071875
0 0.36015625 0.42265625 0.071875 0.365625
0 0.375 0.3203125 0.0546875 0.1078125
0 0.4140625 0.46796875 0.1125 0.446875
0 0.45390625 0.35078125 0.053125 0.24375
0 0.46015625 0.40546875 0.059375 0.3484375
0 0.4953125 0.43671875 0.0625 0.3875
0 0.5109375 0.58515625 0.1484375 0.64375
0 0.59140625 0.62890625 0.1453125 0.6296875
0 0.7234375 0.6921875 0.146875 0.6140625
0 0.5703125 0.3015625 0.046875 0.0953125
0 0.60078125 0.2875 0.034375 0.0703125
0 0.63359375 0.34921875 0.0703125 0.1734375
0 0.66328125 0.37734375 0.0515625 0.23125
0 0.70234375 0.378125 0.0515625 0.25
0 0.7484375 0.32734375 0.059375 0.159375
0 0.78515625 0.34375 0.03125 0.2296875
0 0.8078125 0.35703125 0.0609375 0.3140625
0 0.8671875 0.36640625 0.0578125 0.253125
0 0.89609375 0.36015625 0.0765625 0.24375
0 0.93671875 0.3625 0.05 0.2703125
0 0.96875 0.36953125 0.0390625 0.221875
0 0.99375 0.3609375 0.0109375 0.234375
0 0.98828125 0.3375 0.021875 0.2234375
0 0.36171875 0.259375 0.0390625 0.05625
0 0.63828125 0.28359375 0.0171875 0.046875
0 0.6828125 0.27421875 0.046875 0.0828125