0 0.1078125 0.6484375 0.0140625 0.0515625
0 0.07734375 0.6453125 0.0171875 0.0484375
0 0.0578125 0.66875 0.0203125 0.0703125
0 0.03125 0.82265625 0.0234375 0.0734375
0 0.1625 0.60859375 0.0484375 0.08125
0 0.14765625 0.68671875 0.1125 0.203125
0 0.18671875 0.8171875 0.1546875 0.3625
0 0.17890625 0.5859375 0.0140625 0.065625
0 0.1921875 0.57421875 0.0171875 0.0640625
0 0.20625 0.5734375 0.0203125 0.065625
0 0.25546875 0.5671875 0.0234375 0.046875
0 0.253125 0.5890625 0.0265625 0.059375
0 0.2390625 0.69453125 0.059375 0.2390625
0 0.2796875 0.60234375 0.0359375 0.0859375
0 0.2859375 0.690625 0.0546875 0.21875
0 0.27890625 0.54765625 0.009375 0.0265625
0 0.2890625 0.5625 0.0125 0.0484375
0 0.3484375 0.5421875 0.0109375 0.0421875
0 0.40390625 0.540625 0.0125 0.0375
0 0.41796875 0.54140625 0.0109375 0.0328125
0 0.4296875 0.53828125 0.009375 0.0296875
0 0.45390625 0.53828125 0.0109375 0.034375
0 0.47578125 0.5484375 0.0109375 0.04375
0 0.5078125 0.565625 0.021875 0.0625
0 0.5265625 0.56015625 0.0171875 0.0515625
0 0.98984375 0.528125 0.0171875 0.0390625
0 0.9859375 0.51015625 0.0140625 0.0265625
0 0.9734375 0.5328125 0.0109375 0.034375
0 0.87890625 0.5140625 0.0171875 0.034375
0 0.81875 0.55625 0.0171875 0.0703125
0 0.80234375 0.5546875 0.0203125 0.0734375
0 0.7109375 0.471875 0.0140625 0.04375
0 0.7015625 0.47109375 0.0109375 0.0453125
0 0.70390625 0.55234375 0.015625 0.0546875
0 0.690625 0.5375 0.015625 0.0515625
0 0.33359375 0.66640625 0.046875 0.2
0 0.378125 0.6203125 0.0484375 0.0921875
0 0.859375 0.78515625 0.159375 0.4265625
0 0.7984375 0.81171875 0.071875 0.3734375
0 0.77734375 0.70234375 0.053125 0.1140625
0 0.7046875 0.65703125 0.0734375 0.1125
0 0.7109375 0.81328125 0.1 0.3703125
0 0.640625 0.840625 0.0484375 0.28125
0 0.59453125 0.78125 0.1171875 0.434375
0 0.53125 0.79921875 0.1046875 0.3984375
0 0.45625 0.8140625 0.125 0.36875
0 0.37421875 0.82890625 0.1109375 0.3375
0 0.109375 0.6140625 0.0109375 0.0359375
0 0.0640625 0.634375 0.0109375 0.0265625
0 0.746875 0.4140625 0.5015625 0.0578125
0 0.4921875 0.5328125 0.021875 0.0375
0 0.23125 0.53671875 0.1890625 0.0296875
0 0.2203125 0.590625 0.0125 0.0375
0 0.36171875 0.5390625 0.0078125 0.0359375
0 0.15 0.5578125 0.028125 0.0171875
0 0.0390625 0.725 0.078125 0.121875