0 0.1765625 0.58203125 0.1296875 0.440625
0 0.27265625 0.5609375 0.0984375 0.4078125
0 0.34765625 0.56015625 0.0859375 0.36875
0 0.4140625 0.55703125 0.065625 0.3265625
0 0.39921875 0.53671875 0.06875 0.3265625
0 0.48671875 0.5640625 0.103125 0.3421875
0 0.4515625 0.54140625 0.053125 0.33125
0 0.4875 0.40234375 0.065625 0.0890625
0 0.53671875 0.54140625 0.0640625 0.3265625
0 0.54296875 0.40234375 0.0640625 0.09375
0 0.596875 0.53984375 0.0765625 0.325
0 0.58828125 0.5140625 0.0671875 0.309375
0 0.65390625 0.5390625 0.0625 0.3140625
0 0.6953125 0.553125 0.0578125 0.2796875
0 0.671875 0.40703125 0.0375 0.0703125
0 0.73984375 0.553125 0.0578125 0.29375
0 0.80390625 0.55703125 0.0828125 0.3140625