0 0.12265625 0.46796875 0.0171875 0.06875
0 0.05859375 0.6625 0.0484375 0.1828125
0 0.0671875 0.65703125 0.0234375 0.171875
0 0.14453125 0.6796875 0.03125 0.171875
0 0.14609375 0.66171875 0.0453125 0.1796875
0 0.1796875 0.6765625 0.034375 0.1890625
0 0.19375 0.67265625 0.0421875 0.1828125
0 0.20625 0.66875 0.0421875 0.171875
0 0.21171875 0.6765625 0.0421875 0.178125
0 0.24140625 0.6796875 0.0375 0.175
0 0.26328125 0.66015625 0.0328125 0.196875
0 0.2796875 0.67578125 0.0375 0.1875
0 0.28203125 0.6171875 0.034375 0.084375
0 0.29765625 0.66484375 0.0359375 0.19375
0 0.315625 0.678125 0.059375 0.184375
0 0.325 0.628125 0.025 0.1015625
0 0.33203125 0.67734375 0.04375 0.1796875
0 0.37734375 0.66484375 0.0375 0.1875
0 0.37578125 0.64921875 0.0484375 0.165625
0 0.41171875 0.63125 0.0375 0.184375
0 0.4265625 0.59453125 0.0296875 0.140625
0 0.47734375 0.55 0.0421875 0.1796875
0 0.50625 0.5421875 0.04375 0.171875
0 0.534375 0.52890625 0.0546875 0.1453125
0 0.58984375 0.478125 0.0578125 0.1703125