0 0.17421875 0.65859375 0.20625 0.6796875
0 0.325 0.66640625 0.1765625 0.6640625
0 0.45390625 0.678125 0.1390625 0.640625
0 0.5484375 0.66953125 0.1015625 0.6578125
0 0.62734375 0.6625 0.1296875 0.671875
0 0.7390625 0.68359375 0.171875 0.6296875
0 0.83125 0.6515625 0.2 0.69375
0 0.1078125 0.63828125 0.15625 0.7203125
0 0.27890625 0.396875 0.0796875 0.18125
0 0.3796875 0.60078125 0.1 0.6296875
0 0.484375 0.38046875 0.075 0.1859375
0 0.578125 0.3375 0.0609375 0.2015625
0 0.9296875 0.6296875 0.1375 0.640625
0 0.8578125 0.34140625 0.0859375 0.1609375
0 0.7265625 0.39921875 0.0578125 0.2015625
0 0.184375 0.27265625 0.075 0.121875
0 0.2328125 0.32890625 0.0828125 0.1828125
0 0.27890625 0.28515625 0.06875 0.1078125
0 0.23125 0.2078125 0.04375 0.078125
0 0.32578125 0.2953125 0.0515625 0.1234375
0 0.39296875 0.33671875 0.075 0.2359375
0 0.31484375 0.21640625 0.0515625 0.103125
0 0.41484375 0.228125 0.0703125 0.1203125
0 0.45859375 0.25546875 0.1078125 0.140625
0 0.50078125 0.22578125 0.0640625 0.125
0 0.53671875 0.29765625 0.0703125 0.19375
0 0.62734375 0.24375 0.05625 0.1
0 0.73359375 0.26171875 0.065625 0.11875
0 0.8625 0.2578125 0.090625 0.1359375
0 0.62734375 0.321875 0.0546875 0.078125
0 0.6765625 0.33046875 0.0625 0.109375
0 0.35078125 0.26328125 0.0515625 0.121875
0 0.790625 0.23125 0.08125 0.1109375
0 0.6765625 0.22890625 0.0515625 0.0890625
0 0.809375 0.2921875 0.08125 0.146875
0 0.44609375 0.32890625 0.0671875 0.15
0 0.24765625 0.28828125 0.040625 0.1453125
0 0.578125 0.2234375 0.1 0.0890625
0 0.7828125 0.2953125 0.059375 0.0640625
0 0.68125 0.27421875 0.0703125 0.0703125