0 0.0375 0.74765625 0.040625 0.0828125
0 0.1234375 0.73984375 0.0578125 0.1578125
0 0.13046875 0.67109375 0.0171875 0.0453125
0 0.1515625 0.73125 0.0265625 0.121875
0 0.18828125 0.740625 0.053125 0.1703125
0 0.33203125 0.71796875 0.0234375 0.0984375
0 0.3671875 0.7671875 0.0546875 0.234375
0 0.42734375 0.76640625 0.0609375 0.2484375
0 0.459375 0.74453125 0.0359375 0.1359375
0 0.50390625 0.74765625 0.0265625 0.1421875
0 0.51875 0.70625 0.0328125 0.0515625
0 0.54453125 0.76328125 0.0265625 0.1875
0 0.5765625 0.74453125 0.025 0.1703125
0 0.6328125 0.71640625 0.034375 0.115625
0 0.65078125 0.75234375 0.0359375 0.18125
0 0.7203125 0.734375 0.0578125 0.1640625
0 0.8109375 0.7390625 0.053125 0.1546875
0 0.834375 0.7390625 0.028125 0.1484375
0 0.89921875 0.73828125 0.0640625 0.1484375
0 0.95546875 0.75234375 0.04375 0.1625
0 0.94140625 0.7484375 0.0296875 0.134375
0 0.6625 0.57265625 0.01875 0.06875
0 0.67421875 0.5734375 0.0203125 0.06875
0 0.63203125 0.6578125 0.0265625 0.04375
0 0.625 0.628125 0.0171875 0.078125
0 0.63984375 0.621875 0.01875 0.0546875
0 0.61640625 0.5953125 0.015625 0.0390625
0 0.63671875 0.5984375 0.01875 0.034375
0 0.55546875 0.58515625 0.015625 0.0390625
0 0.36328125 0.7078125 0.0234375 0.0921875
0 0.55703125 0.74765625 0.028125 0.153125
0 0.31171875 0.7140625 0.0265625 0.0859375
0 0.35 0.703125 0.0234375 0.05625
0 0.75390625 0.55078125 0.046875 0.1453125
0 0.9765625 0.7875 0.01875 0.04375
0 0.87578125 0.72578125 0.0140625 0.0328125
0 0.909375 0.7171875 0.0078125 0.03125
0 0.9015625 0.771875 0.0078125 0.0171875
0 0.128125 0.740625 0.0328125 0.13125