0 0.08203125 0.61171875 0.1640625 0.7734375
0 0.159375 0.4859375 0.06875 0.2953125
0 0.2015625 0.48515625 0.065625 0.2640625
0 0.2328125 0.5109375 0.0296875 0.128125
0 0.26875 0.4578125 0.0578125 0.175
0 0.3078125 0.53671875 0.0875 0.3359375
0 0.35703125 0.528125 0.05625 0.284375
0 0.38671875 0.528125 0.04375 0.1703125
0 0.4140625 0.54296875 0.0734375 0.2671875
0 0.40234375 0.54140625 0.0234375 0.1921875
0 0.4546875 0.46171875 0.0171875 0.053125
0 0.46484375 0.51796875 0.0359375 0.134375
0 0.48515625 0.58203125 0.065625 0.2140625
0 0.5203125 0.54453125 0.0421875 0.178125
0 0.5359375 0.5578125 0.046875 0.1953125
0 0.56015625 0.57421875 0.0375 0.1984375
0 0.58046875 0.62265625 0.0671875 0.278125
0 0.5796875 0.48359375 0.025 0.0265625
0 0.6078125 0.590625 0.040625 0.225
0 0.64765625 0.60234375 0.0625 0.225
0 0.6375 0.5578125 0.0515625 0.1859375
0 0.6203125 0.47578125 0.0265625 0.0515625
0 0.6984375 0.5515625 0.05625 0.203125
0 0.6984375 0.5890625 0.059375 0.209375
0 0.740625 0.65703125 0.090625 0.296875
0 0.78203125 0.53671875 0.04375 0.0765625
0 0.7859375 0.703125 0.0921875 0.303125
0 0.84453125 0.571875 0.06875 0.1203125
0 0.85234375 0.73828125 0.125 0.353125
0 0.91640625 0.69140625 0.078125 0.340625
0 0.9625 0.740625 0.0734375 0.4484375
0 0.83515625 0.42890625 0.0296875 0.075
0 0.87734375 0.446875 0.0375 0.103125
0 0.9015625 0.453125 0.034375 0.1109375
0 0.92421875 0.4421875 0.0265625 0.0984375
0 0.896875 0.415625 0.01875 0.0515625
0 0.6234375 0.4125 0.015625 0.028125
0 0.5171875 0.4078125 0.0125 0.0359375
0 0.0125 0.325 0.025 0.103125
0 0.4671875 0.44609375 0.015625 0.015625
0 0.99296875 0.8890625 0.0109375 0.0453125
0 0.46328125 0.3953125 0.0546875 0.0375
0 0.25390625 0.3921875 0.015625 0.0390625
0 0.38203125 0.496875 0.0515625 0.1609375
0 0.22109375 0.50859375 0.0921875 0.1265625
0 0.34921875 0.37734375 0.0515625 0.021875