0 0.04765625 0.740625 0.084375 0.4484375
0 0.12109375 0.72734375 0.09375 0.471875
0 0.203125 0.740625 0.078125 0.4515625
0 0.2953125 0.7453125 0.084375 0.434375
0 0.37890625 0.740625 0.0875 0.43125
0 0.46328125 0.73046875 0.0828125 0.459375
0 0.54140625 0.746875 0.0875 0.428125
0 0.62734375 0.73203125 0.084375 0.4625
0 0.7125 0.74375 0.0875 0.4421875
0 0.7921875 0.72890625 0.0859375 0.471875
0 0.87265625 0.746875 0.0796875 0.4375
0 0.95078125 0.73984375 0.0828125 0.45
0 0.1828125 0.6734375 0.0734375 0.4359375
0 0.25703125 0.66796875 0.0734375 0.4375
0 0.34375 0.6234375 0.078125 0.390625
0 0.42265625 0.67578125 0.06875 0.421875
0 0.509375 0.55859375 0.065625 0.2109375
0 0.584375 0.66640625 0.065625 0.4453125
0 0.6703125 0.671875 0.059375 0.4390625
0 0.73359375 0.66953125 0.0734375 0.4421875
0 0.834375 0.5296875 0.06875 0.15625
0 0.89296875 0.615625 0.084375 0.4390625
0 0.79375 0.48125 0.0609375 0.1515625
0 0.76875 0.43359375 0.0625 0.1734375
0 0.69921875 0.48515625 0.0515625 0.125
0 0.62734375 0.453125 0.0625 0.14375
0 0.54921875 0.46640625 0.0625 0.1640625
0 0.465625 0.48515625 0.0703125 0.1890625
0 0.36875 0.45625 0.0609375 0.1921875
0 0.28046875 0.4671875 0.0453125 0.1328125
0 0.209375 0.503125 0.059375 0.1671875
0 0.2296875 0.42578125 0.06875 0.1796875
0 0.3140625 0.446875 0.0609375 0.1953125
0 0.41796875 0.4375 0.059375 0.19375
0 0.50390625 0.4015625 0.0609375 0.125
0 0.5875 0.4015625 0.059375 0.121875