0 0.246875 0.646875 0.046875 0.1875
0 0.30078125 0.62890625 0.0515625 0.2328125
0 0.340625 0.615625 0.0375 0.228125
0 0.34140625 0.6140625 0.0359375 0.21875
0 0.37734375 0.61796875 0.040625 0.1921875
0 0.428125 0.609375 0.046875 0.2015625
0 0.62109375 0.73828125 0.1921875 0.5203125
0 0.7890625 0.75234375 0.1875 0.4921875
0 0.746875 0.66171875 0.046875 0.2390625
0 0.8921875 0.615625 0.0421875 0.1546875
0 0.93359375 0.65859375 0.0765625 0.275
0 0.9828125 0.63515625 0.03125 0.215625
0 0.95859375 0.61015625 0.03125 0.140625
0 0.92421875 0.64453125 0.0375 0.1734375
0 0.97109375 0.5578125 0.0296875 0.034375
0 0.875 0.5953125 0.01875 0.0828125