0 0.16640625 0.25 0.1015625 0.2375
0 0.29765625 0.2265625 0.0921875 0.228125
0 0.08828125 0.7 0.1765625 0.596875
0 0.22421875 0.584375 0.1390625 0.79375
0 0.365625 0.40859375 0.1484375 0.4328125
0 0.3140625 0.66328125 0.209375 0.671875
0 0.50546875 0.303125 0.1703125 0.3796875
0 0.48359375 0.64765625 0.20625 0.578125
0 0.66171875 0.39921875 0.265625 0.4953125
0 0.68125 0.66171875 0.3015625 0.675
0 0.76171875 0.29140625 0.125 0.30625
0 0.87890625 0.2875 0.153125 0.31875
0 0.890625 0.36953125 0.2171875 0.390625
0 0.89765625 0.66640625 0.203125 0.665625
0 0.57734375 0.234375 0.0921875 0.146875
0 0.70390625 0.1890625 0.0625 0.1359375