0 0.046875 0.6625 0.0421875 0.1796875
0 0.065625 0.63125 0.025 0.121875
0 0.08515625 0.61171875 0.0421875 0.16875
0 0.12421875 0.7578125 0.1171875 0.2734375
0 0.14140625 0.578125 0.0828125 0.2421875
0 0.1625 0.6109375 0.04375 0.3
0 0.21640625 0.5953125 0.071875 0.2015625
0 0.1984375 0.675 0.034375 0.18125
0 0.22265625 0.6375 0.034375 0.15625
0 0.2125 0.7453125 0.0625 0.24375
0 0.2046875 0.72265625 0.1109375 0.3109375
0 0.2953125 0.7140625 0.0609375 0.2453125
0 0.340625 0.71171875 0.0453125 0.2265625
0 0.37578125 0.7140625 0.0546875 0.221875
0 0.40703125 0.7171875 0.0796875 0.221875
0 0.46171875 0.67890625 0.0296875 0.146875
0 0.49765625 0.69453125 0.0421875 0.171875
0 0.51953125 0.63984375 0.025 0.1640625
0 0.5 0.67265625 0.0671875 0.25625
0 0.553125 0.69609375 0.06875 0.2328125
0 0.5640625 0.628125 0.028125 0.1390625
0 0.58203125 0.68671875 0.0765625 0.2453125
0 0.603125 0.67421875 0.0703125 0.253125
0 0.61875 0.66171875 0.0328125 0.2109375
0 0.63828125 0.696875 0.03125 0.1859375
0 0.67421875 0.69765625 0.0484375 0.1875
0 0.715625 0.703125 0.046875 0.2
0 0.75625 0.71171875 0.0671875 0.234375
0 0.79375 0.71328125 0.0578125 0.2078125
0 0.81875 0.6578125 0.040625 0.2703125
0 0.85390625 0.7109375 0.0484375 0.2359375
0 0.9046875 0.7109375 0.065625 0.2578125
0 0.93046875 0.696875 0.04375 0.2515625
0 0.0765625 0.41484375 0.075 0.2703125
0 0.15078125 0.46796875 0.0484375 0.15625
0 0.14921875 0.44921875 0.053125 0.2
0 0.1265625 0.40703125 0.046875 0.2359375
0 0.178125 0.43671875 0.0328125 0.253125
0 0.21171875 0.446875 0.0609375 0.2828125
0 0.24140625 0.51640625 0.0296875 0.1234375
0 0.26328125 0.5984375 0.0328125 0.24375
0 0.25546875 0.48515625 0.059375 0.1375
0 0.28125 0.65390625 0.0484375 0.2484375
0 0.3109375 0.63984375 0.04375 0.29375
0 0.33203125 0.56875 0.0359375 0.221875
0 0.35546875 0.64921875 0.046875 0.2234375
0 0.3984375 0.615625 0.028125 0.125
0 0.37734375 0.57265625 0.0265625 0.121875
0 0.40546875 0.60078125 0.0203125 0.103125
0 0.4375 0.6390625 0.0296875 0.2109375
0 0.4578125 0.60859375 0.028125 0.1140625
0 0.45703125 0.54296875 0.0390625 0.18125
0 0.4890625 0.51953125 0.0515625 0.2046875
0 0.53046875 0.578125 0.0265625 0.1515625
0 0.56015625 0.55703125 0.0484375 0.2
0 0.6125 0.5234375 0.034375 0.203125
0 0.59765625 0.4703125 0.0234375 0.171875
0 0.6609375 0.640625 0.03125 0.228125
0 0.7046875 0.63046875 0.0359375 0.2234375
0 0.7484375 0.64765625 0.0578125 0.19375
0 0.775 0.6546875 0.0296875 0.1953125
0 0.85234375 0.61171875 0.040625 0.159375
0 0.85078125 0.5609375 0.046875 0.18125
0 0.89140625 0.58125 0.05 0.190625
0 0.95390625 0.64140625 0.065625 0.3296875
0 0.39296875 0.496875 0.021875 0.1203125
0 0.40859375 0.45234375 0.0171875 0.0515625
0 0.91640625 0.4515625 0.0421875 0.2984375
0 0.92890625 0.3703125 0.065625 0.2421875
0 0.89609375 0.36796875 0.025 0.128125
0 0.8765625 0.45390625 0.046875 0.2484375
0 0.859375 0.3578125 0.0234375 0.1296875
0 0.83515625 0.46171875 0.053125 0.2703125
0 0.81328125 0.35078125 0.0203125 0.13125
0 0.821875 0.36875 0.015625 0.0703125
0 0.79296875 0.50390625 0.03125 0.2421875
0 0.7796875 0.39921875 0.0234375 0.121875
0 0.7953125 0.40390625 0.040625 0.2578125
0 0.759375 0.4984375 0.0453125 0.3375
0 0.7671875 0.33125 0.0171875 0.0515625
0 0.740625 0.34921875 0.03125 0.1265625
0 0.74296875 0.45234375 0.0203125 0.215625
0 0.7296875 0.36640625 0.0171875 0.0703125
0 0.7234375 0.55234375 0.028125 0.1578125
0 0.71796875 0.47421875 0.040625 0.1953125
0 0.71640625 0.4109375 0.040625 0.159375
0 0.71640625 0.4 0.0390625 0.1375
0 0.68125 0.5796875 0.03125 0.275
0 0.6953125 0.48125 0.025 0.11875
0 0.696875 0.3578125 0.021875 0.1171875
0 0.67109375 0.4640625 0.0171875 0.1375
0 0.68671875 0.396875 0.0265625 0.1109375
0 0.67734375 0.3453125 0.0328125 0.140625
0 0.65859375 0.3796875 0.0203125 0.1515625
0 0.6515625 0.5046875 0.0359375 0.246875
0 0.634375 0.4765625 0.0296875 0.2609375
0 0.64609375 0.3359375 0.015625 0.103125
0 0.6203125 0.36328125 0.028125 0.1515625
0 0.61015625 0.35859375 0.0234375 0.0875
0 0.57265625 0.484375 0.0359375 0.215625
0 0.5765625 0.40234375 0.0359375 0.125
0 0.59140625 0.37265625 0.0296875 0.1625
0 0.5609375 0.3734375 0.0203125 0.10625
0 0.540625 0.4796875 0.03125 0.18125
0 0.54453125 0.39140625 0.0328125 0.146875
0 0.5203125 0.46171875 0.0328125 0.215625
0 0.515625 0.3921875 0.0125 0.0546875
0 0.496875 0.421875 0.03125 0.1578125
0 0.49296875 0.3515625 0.0390625 0.13125
0 0.471875 0.42265625 0.028125 0.1921875
0 0.45625 0.43671875 0.0328125 0.1859375
0 0.4328125 0.44921875 0.0375 0.190625
0 0.440625 0.3671875 0.01875 0.1078125
0 0.40859375 0.4140625 0.0328125 0.1203125
0 0.37109375 0.46796875 0.034375 0.2265625
0 0.3875 0.415625 0.01875 0.1140625
0 0.4 0.36953125 0.0234375 0.1078125
0 0.353125 0.403125 0.025 0.1171875
0 0.34375 0.3921875 0.0390625 0.1546875
0 0.334375 0.5109375 0.05 0.234375
0 0.31328125 0.4640625 0.034375 0.175
0 0.31875 0.34375 0.0328125 0.115625
0 0.2859375 0.44765625 0.034375 0.18125
0 0.30078125 0.3828125 0.025 0.1421875
0 0.240625 0.36015625 0.0171875 0.0765625
0 0.25859375 0.3921875 0.0453125 0.196875
0 0.00390625 0.46796875 0.0078125 0.165625
0 0.421875 0.37734375 0.0140625 0.0921875
0 0.44609375 0.575 0.0140625 0.0734375