0 0.925 0.3375 0.025 0.109375
0 0.88984375 0.359375 0.06875 0.2015625
0 0.87109375 0.28515625 0.025 0.09375
0 0.85703125 0.31015625 0.034375 0.1109375
0 0.8109375 0.29375 0.025 0.065625
0 0.84453125 0.36875 0.028125 0.18125
0 0.825 0.3921875 0.046875 0.21875
0 0.7984375 0.396875 0.0359375 0.2203125
0 0.75390625 0.290625 0.0171875 0.059375
0 0.77109375 0.38046875 0.065625 0.23125
0 0.740625 0.3 0.0234375 0.046875
0 0.71796875 0.3078125 0.025 0.065625
0 0.6921875 0.2984375 0.0265625 0.053125
0 0.66328125 0.29296875 0.015625 0.0296875
0 0.64921875 0.2921875 0.015625 0.028125
0 0.67265625 0.32890625 0.021875 0.0796875
0 0.6390625 0.31328125 0.034375 0.0828125
0 0.578125 0.309375 0.015625 0.0375
0 0.56875 0.32109375 0.0203125 0.0515625
0 0.63046875 0.3359375 0.03125 0.0625
0 0.6609375 0.39296875 0.0515625 0.159375
0 0.7015625 0.3578125 0.046875 0.0921875
0 0.75546875 0.41796875 0.0625 0.1890625
0 0.73046875 0.56484375 0.140625 0.3453125
0 0.7171875 0.4234375 0.0625 0.13125
0 0.61484375 0.5390625 0.109375 0.4125
0 0.553125 0.58203125 0.1125 0.446875
0 0.525 0.39140625 0.028125 0.109375
0 0.54375 0.38828125 0.0671875 0.1109375
0 0.4828125 0.334375 0.025 0.065625
0 0.50546875 0.36171875 0.021875 0.0765625
0 0.4953125 0.3828125 0.04375 0.1296875
0 0.40234375 0.725 0.215625 0.546875
0 0.47578125 0.65234375 0.1390625 0.4515625
0 0.46640625 0.4359375 0.084375 0.15625
0 0.45234375 0.35 0.03125 0.0625
0 0.4203125 0.4140625 0.0640625 0.1484375
0 0.40625 0.37421875 0.03125 0.096875
0 0.31640625 0.41796875 0.0390625 0.1171875
0 0.3578125 0.42265625 0.04375 0.08125
0 0.29296875 0.46875 0.0640625 0.15
0 0.334375 0.53671875 0.0625 0.1703125
0 0.19765625 0.4546875 0.04375 0.1484375
0 0.20078125 0.52109375 0.065625 0.2234375
0 0.23984375 0.44140625 0.053125 0.06875
0 0.26796875 0.67421875 0.090625 0.4296875
0 0.15390625 0.75703125 0.203125 0.484375
0 0.16796875 0.53515625 0.14375 0.2796875
0 0.05859375 0.5515625 0.0921875 0.225
0 0.08359375 0.43984375 0.05 0.1015625
0 0.709375 0.1484375 0.0359375 0.0453125
0 0.96171875 0.38359375 0.075 0.0796875
0 0.43046875 0.3484375 0.021875 0.040625
0 0.38359375 0.39765625 0.01875 0.103125
0 0.32109375 0.3703125 0.10625 0.06875
0 0.0171875 0.55390625 0.034375 0.2828125
0 0.10859375 0.43125 0.153125 0.1171875
0 0.17421875 0.48515625 0.009375 0.003125
0 0.50234375 0.34765625 0.0359375 0.0578125
0 0.78828125 0.2671875 0.246875 0.071875