0 0.00703125 0.3265625 0.0140625 0.1078125
0 0.01875 0.34921875 0.0296875 0.175
0 0.075 0.36640625 0.0515625 0.1953125
0 0.203125 0.46484375 0.1578125 0.68125
0 0.29375 0.3765625 0.03125 0.1390625
0 0.315625 0.38515625 0.025 0.1203125
0 0.3359375 0.38515625 0.0234375 0.1296875
0 0.35390625 0.38046875 0.021875 0.10625
0 0.3984375 0.41796875 0.0234375 0.0765625
0 0.43046875 0.390625 0.021875 0.10625
0 0.44453125 0.38046875 0.0140625 0.059375
0 0.49140625 0.43515625 0.040625 0.18125
0 0.5453125 0.41171875 0.028125 0.128125
0 0.53671875 0.4 0.01875 0.1203125
0 0.59296875 0.4296875 0.025 0.1703125
0 0.6078125 0.41171875 0.0171875 0.1140625
0 0.66328125 0.5609375 0.1140625 0.5671875
0 0.83125 0.4765625 0.0546875 0.2
0 0.87734375 0.45703125 0.0421875 0.0875
0 0.87109375 0.43671875 0.0203125 0.0515625
0 0.375 0.37890625 0.0171875 0.09375
0 0.41796875 0.3734375 0.021875 0.0828125
0 0.4984375 0.365625 0.0578125 0.040625
0 0.62734375 0.3765625 0.01875 0.04375
0 0.76015625 0.41328125 0.075 0.10625
0 0.8265625 0.46328125 0.0625 0.075
0 0.45625 0.365625 0.0078125 0.025