0 0.10234375 0.58828125 0.2046875 0.8203125
0 0.23671875 0.56328125 0.1953125 0.8703125
0 0.27734375 0.5625 0.11875 0.59375
0 0.4109375 0.5484375 0.0984375 0.540625
0 0.53515625 0.56484375 0.1046875 0.5859375
0 0.48671875 0.5375 0.03125 0.4046875
0 0.50546875 0.32265625 0.0546875 0.0953125
0 0.5890625 0.51015625 0.0625 0.4515625
0 0.6421875 0.521875 0.096875 0.515625
0 0.7296875 0.553125 0.0921875 0.4828125
0 0.88203125 0.57578125 0.1125 0.5453125
0 0.78515625 0.34765625 0.06875 0.14375
0 0.03125 0.23984375 0.0578125 0.2421875