0 0.859375 0.55078125 0.0421875 0.16875
0 0.77109375 0.59453125 0.0359375 0.25625
0 0.71796875 0.60625 0.0546875 0.2984375
0 0.6890625 0.6421875 0.040625 0.3984375
0 0.67109375 0.65390625 0.0625 0.409375
0 0.48984375 0.63203125 0.1015625 0.403125
0 0.4859375 0.62421875 0.0953125 0.46875
0 0.32734375 0.55078125 0.04375 0.2578125
0 0.246875 0.55703125 0.0625 0.23125
0 0.2203125 0.54921875 0.0421875 0.221875
0 0.1921875 0.540625 0.034375 0.1859375
0 0.13046875 0.50390625 0.0265625 0.121875
0 0.146875 0.58515625 0.103125 0.2734375
0 0.10078125 0.55234375 0.053125 0.2328125
0 0.0828125 0.5828125 0.0953125 0.2796875
0 0.0640625 0.515625 0.0265625 0.14375
0 0.040625 0.54453125 0.0625 0.221875
0 0.31640625 0.54140625 0.0234375 0.19375
0 0.01640625 0.521875 0.0328125 0.159375
0 0.94765625 0.59453125 0.0890625 0.1375
0 0.17109375 0.54921875 0.025 0.165625
0 0.28125 0.50625 0.034375 0.059375
0 0.37109375 0.50078125 0.0296875 0.09375
0 0.6203125 0.57265625 0.025 0.0734375
0 0.72421875 0.515625 0.0390625 0.1078125
0 0.31015625 0.46171875 0.0125 0.0421875