0 0.18984375 0.72734375 0.1046875 0.315625
0 0.221875 0.75546875 0.1234375 0.33125
0 0.2375 0.7828125 0.1515625 0.334375
0 0.371875 0.7953125 0.240625 0.40625
0 0.4953125 0.79453125 0.5265625 0.4078125
0 0.65625 0.82109375 0.1515625 0.278125
0 0.7828125 0.68125 0.2046875 0.5359375
0 0.021875 0.62421875 0.040625 0.090625
0 0.03515625 0.59921875 0.028125 0.0421875
0 0.059375 0.61015625 0.0390625 0.046875
0 0.0625 0.640625 0.05 0.0515625
0 0.25625 0.5875 0.0265625 0.0203125
0 0.3375 0.7375 0.1546875 0.2890625
0 0.42421875 0.6265625 0.05625 0.04375
0 0.49921875 0.58515625 0.04375 0.0921875
0 0.5453125 0.6234375 0.0828125 0.0859375
0 0.58984375 0.61796875 0.078125 0.09375
0 0.66328125 0.63046875 0.0921875 0.1421875
0 0.70078125 0.61328125 0.0515625 0.08125
0 0.92265625 0.68046875 0.0765625 0.04375
0 0.9015625 0.64609375 0.05 0.0328125
0 0.971875 0.6734375 0.053125 0.059375
0 0.1015625 0.6390625 0.0453125 0.05
0 0.61484375 0.61953125 0.0421875 0.059375
0 0.92734375 0.65625 0.1421875 0.0953125
0 0.84140625 0.675 0.03125 0.0515625