0 0.5140625 0.64609375 0.34375 0.70625
0 0.8234375 0.61640625 0.159375 0.765625
0 0.69296875 0.625 0.190625 0.75
0 0.7296875 0.4015625 0.06875 0.196875
0 0.31875 0.3984375 0.084375 0.2765625
0 0.371875 0.3859375 0.0875 0.3078125
0 0.43671875 0.421875 0.0671875 0.3671875
0 0.4734375 0.54453125 0.1 0.4625
0 0.5796875 0.325 0.0765625 0.2015625
0 0.12734375 0.525 0.1328125 0.45625
0 0.06953125 0.64921875 0.11875 0.6890625
0 0.06328125 0.6421875 0.1265625 0.7140625
0 0.83984375 0.56640625 0.1984375 0.6671875
0 0.31953125 0.24375 0.01875 0.0484375