0 0.15390625 0.64296875 0.0578125 0.2234375
0 0.14375 0.6296875 0.04375 0.2203125
0 0.18125 0.64765625 0.0234375 0.1796875
0 0.265625 0.64140625 0.0546875 0.24375
0 0.30390625 0.63359375 0.071875 0.253125
0 0.3359375 0.64375 0.053125 0.215625
0 0.36875 0.6453125 0.0359375 0.184375
0 0.440625 0.6546875 0.134375 0.6796875
0 0.52265625 0.65546875 0.1046875 0.60625
0 0.6140625 0.66796875 0.0515625 0.1828125
0 0.62109375 0.64765625 0.021875 0.165625
0 0.6453125 0.65234375 0.0390625 0.16875
0 0.6625 0.65546875 0.025 0.159375
0 0.6828125 0.66640625 0.04375 0.1734375
0 0.6890625 0.64921875 0.025 0.1796875
0 0.70390625 0.66484375 0.0234375 0.159375
0 0.709375 0.590625 0.0140625 0.0234375
0 0.73125 0.59765625 0.0203125 0.0328125
0 0.7984375 0.6734375 0.084375 0.2234375
0 0.85703125 0.64765625 0.034375 0.1046875
0 0.95078125 0.68671875 0.09375 0.215625
0 0.434375 0.71875 0.115625 0.2546875
0 0.57734375 0.6734375 0.0359375 0.11875
0 0.103125 0.596875 0.0421875 0.134375
0 0.18203125 0.5828125 0.0359375 0.109375