0 0.22265625 0.7828125 0.371875 0.4328125
0 0.84921875 0.3125 0.1046875 0.2640625
0 0.6984375 0.33203125 0.1 0.434375
0 0.7359375 0.1453125 0.0390625 0.0984375
0 0.74765625 0.13515625 0.025 0.059375
0 0.78828125 0.1375 0.04375 0.10625
0 0.815625 0.140625 0.03125 0.09375
0 0.678125 0.1484375 0.025 0.0765625
0 0.553125 0.35390625 0.1015625 0.565625
0 0.05390625 0.3640625 0.1078125 0.5140625
0 0.20703125 0.3171875 0.1984375 0.571875
0 0.35 0.359375 0.1515625 0.55625
0 0.3046875 0.221875 0.0875 0.2609375
0 0.3984375 0.34765625 0.0859375 0.515625
0 0.43203125 0.3234375 0.0703125 0.4609375
0 0.478125 0.31171875 0.040625 0.2453125
0 0.51796875 0.19921875 0.0125 0.0421875
0 0.95625 0.234375 0.0859375 0.1859375
0 0.784375 0.10234375 0.04375 0.0546875
0 0.6421875 0.1734375 0.0484375 0.0359375
0 0.27890625 0.1359375 0.0296875 0.0546875
0 0.496875 0.1421875 0.1015625 0.08125
0 0.8171875 0.45390625 0.046875 0.1328125