0 0.3046875 0.80234375 0.0859375 0.3921875
0 0.2421875 0.8046875 0.0921875 0.3859375
0 0.0765625 0.79765625 0.0875 0.378125
0 0.16484375 0.7484375 0.071875 0.2109375
0 0.759375 0.790625 0.096875 0.2609375
0 0.92421875 0.75390625 0.059375 0.2265625
0 0.9734375 0.79765625 0.0515625 0.2703125
0 0.95625 0.75 0.0359375 0.2109375
0 0.98046875 0.671875 0.0359375 0.0859375
0 0.71875 0.6609375 0.0296875 0.0671875
0 0.6671875 0.6734375 0.0203125 0.0625
0 0.6828125 0.6734375 0.0203125 0.0625
0 0.57265625 0.6859375 0.0484375 0.121875
0 0.53671875 0.6796875 0.0421875 0.0890625
0 0.3578125 0.68359375 0.0359375 0.065625
0 0.278125 0.6890625 0.0265625 0.1
0 0.20703125 0.73203125 0.0421875 0.16875
0 0.19765625 0.659375 0.0328125 0.075
0 0.22578125 0.64765625 0.021875 0.0484375
0 0.05078125 0.6640625 0.0296875 0.078125
0 0.6046875 0.66015625 0.0203125 0.034375
0 0.5828125 0.66015625 0.01875 0.0390625
0 0.11015625 0.79453125 0.0484375 0.31875
0 0.88515625 0.7078125 0.0625 0.153125
0 0.49296875 0.74296875 0.1015625 0.378125
0 0.0171875 0.734375 0.034375 0.271875
0 0.390625 0.69765625 0.08125 0.090625
0 0.21328125 0.359375 0.0609375 0.14375
0 0.0953125 0.08671875 0.0546875 0.08125
0 0.0734375 0.52109375 0.0734375 0.09375
0 0.6078125 0.66640625 0.0390625 0.0421875
0 0.09375 0.64765625 0.0125 0.0328125
0 0.77734375 0.70078125 0.0734375 0.2203125