0 0.8140625 0.81796875 0.2640625 0.3609375
0 0.7421875 0.79140625 0.1296875 0.4078125
0 0.7265625 0.79296875 0.1703125 0.4109375
0 0.89375 0.43671875 0.1921875 0.4265625
0 0.7421875 0.515625 0.2109375 0.5109375
0 0.64609375 0.48515625 0.1328125 0.2921875
0 0.4515625 0.6078125 0.3265625 0.78125
0 0.54765625 0.36953125 0.165625 0.2828125
0 0.3484375 0.4296875 0.0796875 0.1484375
0 0.24453125 0.81640625 0.2109375 0.3640625
0 0.29921875 0.45390625 0.1453125 0.4671875
0 0.19453125 0.48828125 0.16875 0.3953125
0 0.09296875 0.38203125 0.1375 0.4375
0 0.12421875 0.74609375 0.2484375 0.5046875
0 0.9203125 0.78984375 0.1578125 0.4078125
0 0.8140625 0.41796875 0.0640625 0.1390625