0 0.2828125 0.60234375 0.290625 0.7296875
0 0.91640625 0.77578125 0.1640625 0.4453125
0 0.73515625 0.5 0.253125 0.39375
0 0.53203125 0.57109375 0.20625 0.23125
0 0.81953125 0.44296875 0.065625 0.23125
0 0.66328125 0.42109375 0.0640625 0.184375
0 0.66328125 0.42109375 0.065625 0.1859375
0 0.5421875 0.42265625 0.0921875 0.1625
0 0.421875 0.45 0.0890625 0.1890625
0 0.3671875 0.4734375 0.0484375 0.159375
0 0.3171875 0.4453125 0.078125 0.225
0 0.365625 0.43125 0.0640625 0.1875
0 0.38515625 0.36875 0.034375 0.05
0 0.45625 0.40703125 0.05 0.1171875
0 0.4984375 0.409375 0.0453125 0.1296875
0 0.58515625 0.41875 0.0421875 0.15
0 0.46796875 0.371875 0.0921875 0.0375
0 0.04609375 0.61171875 0.0921875 0.6578125
0 0.91953125 0.36328125 0.0671875 0.0671875
0 0.3359375 0.3609375 0.01875 0.015625
0 0.13125 0.4453125 0.0734375 0.23125