0 0.02578125 0.19375 0.040625 0.1109375
0 0.09453125 0.20390625 0.06875 0.134375
0 0.14453125 0.2078125 0.0421875 0.0890625
0 0.03046875 0.54453125 0.0609375 0.7984375
0 0.071875 0.5734375 0.1140625 0.85
0 0.1640625 0.56640625 0.0859375 0.7578125
0 0.209375 0.55859375 0.125 0.8578125
0 0.27109375 0.52109375 0.071875 0.8046875
0 0.321875 0.5328125 0.128125 0.859375
0 0.3890625 0.54609375 0.0765625 0.7625
0 0.4390625 0.54453125 0.1375 0.8375
0 0.503125 0.4953125 0.084375 0.7328125
0 0.56015625 0.55078125 0.165625 0.8421875
0 0.6203125 0.30703125 0.0875 0.2453125
0 0.684375 0.540625 0.1296875 0.846875
0 0.734375 0.34921875 0.084375 0.31875
0 0.8 0.54140625 0.125 0.85625
0 0.8515625 0.31171875 0.0703125 0.2296875
0 0.9171875 0.5546875 0.15 0.8265625
0 0.11171875 0.2 0.0234375 0.0515625
0 0.2015625 0.1890625 0.0703125 0.0625
0 0.11640625 0.3078125 0.0296875 0.1625
0 0.234375 0.28671875 0.0375 0.1296875
0 0.2984375 0.2984375 0.0203125 0.1109375
0 0.35703125 0.32578125 0.0265625 0.1015625
0 0.41875 0.315625 0.028125 0.0984375
0 0.47890625 0.29921875 0.0234375 0.065625
0 0.58984375 0.303125 0.0265625 0.0796875
0 0.70390625 0.30546875 0.0234375 0.0859375
0 0.7578125 0.29921875 0.0171875 0.090625
0 0.82109375 0.30390625 0.0296875 0.0890625
0 0.88671875 0.28203125 0.028125 0.1609375
0 0.9796875 0.571875 0.0375 0.675