0 0.9703125 0.190625 0.0296875 0.0671875
0 0.96953125 0.3640625 0.0328125 0.1140625
0 0.89140625 0.35390625 0.040625 0.14375
0 0.840625 0.3859375 0.065625 0.2328125
0 0.69921875 0.5046875 0.225 0.8390625
0 0.55 0.40390625 0.0625 0.290625
0 0.4734375 0.36015625 0.034375 0.1859375
0 0.41953125 0.38828125 0.059375 0.246875
0 0.38359375 0.365625 0.0390625 0.1625
0 0.35390625 0.365625 0.0640625 0.1890625
0 0.3109375 0.21328125 0.0359375 0.1125
0 0.290625 0.39765625 0.059375 0.2578125
0 0.2375 0.309375 0.06875 0.0859375
0 0.2328125 0.3890625 0.0546875 0.2140625
0 0.159375 0.5109375 0.1421875 0.609375
0 0.04296875 0.3890625 0.040625 0.16875
0 0.065625 0.38671875 0.071875 0.209375
0 0.090625 0.3890625 0.0328125 0.16875
0 0.01484375 0.371875 0.0296875 0.0859375
0 0.09140625 0.3421875 0.040625 0.0921875
0 0.56328125 0.2015625 0.0203125 0.0671875
0 0.91171875 0.34453125 0.0171875 0.0515625