0 0.04375 0.59921875 0.0875 0.7984375
0 0.15859375 0.6734375 0.121875 0.65
0 0.25546875 0.634375 0.1109375 0.7265625
0 0.35234375 0.62578125 0.084375 0.415625
0 0.4015625 0.60859375 0.0328125 0.221875
0 0.4484375 0.6296875 0.08125 0.446875
0 0.4859375 0.603125 0.0140625 0.1140625
0 0.51171875 0.596875 0.015625 0.0640625
0 0.54140625 0.6109375 0.04375 0.25
0 0.5828125 0.6359375 0.103125 0.5296875
0 0.6546875 0.61328125 0.078125 0.5375
0 0.72578125 0.634375 0.096875 0.4515625
0 0.76015625 0.48203125 0.03125 0.103125
0 0.80546875 0.64921875 0.103125 0.5609375
0 0.89296875 0.615625 0.05625 0.5078125
0 0.91953125 0.61640625 0.09375 0.6296875
0 0.371875 0.915625 0.1875 0.1640625
0 0.09609375 0.9625 0.075 0.0625
0 0.51171875 0.753125 0.0828125 0.053125
0 0.65703125 0.93203125 0.3859375 0.13125
0 0.94375 0.94765625 0.109375 0.1015625
0 0.6171875 0.60234375 0.0125 0.0578125
0 0.690625 0.671875 0.015625 0.0296875
0 0.69140625 0.5203125 0.009375 0.0453125
0 0.98984375 0.5546875 0.01875 0.225
0 0.96953125 0.17109375 0.059375 0.221875