0 0.06953125 0.534375 0.1390625 0.690625
0 0.16328125 0.521875 0.1546875 0.671875
0 0.2921875 0.390625 0.1546875 0.3875
0 0.38046875 0.384375 0.1359375 0.40625
0 0.51015625 0.4484375 0.1453125 0.6015625
0 0.6484375 0.39375 0.16875 0.375
0 0.71796875 0.3578125 0.1046875 0.3796875
0 0.82578125 0.490625 0.165625 0.6
0 0.17578125 0.68203125 0.1703125 0.4546875
0 0.303125 0.65703125 0.146875 0.43125
0 0.446875 0.6578125 0.178125 0.4515625
0 0.5703125 0.74140625 0.1203125 0.340625
0 0.60625 0.6640625 0.1625 0.4328125
0 0.7265625 0.6703125 0.15 0.4265625
0 0.90859375 0.66484375 0.18125 0.421875
0 0.434375 0.28984375 0.01875 0.0625
0 0.25546875 0.28046875 0.021875 0.0546875
0 0.03203125 0.29296875 0.021875 0.0609375