0 0.05 0.36953125 0.046875 0.1515625
0 0.09921875 0.496875 0.121875 0.4265625
0 0.1125 0.29140625 0.0546875 0.196875
0 0.2046875 0.41484375 0.075 0.2953125
0 0.3203125 0.53984375 0.259375 0.4046875
0 0.33046875 0.33203125 0.0546875 0.109375
0 0.440625 0.43359375 0.0828125 0.2765625
0 0.475 0.3671875 0.0515625 0.203125
0 0.5171875 0.371875 0.0578125 0.1921875
0 0.559375 0.3734375 0.046875 0.178125
0 0.5578125 0.2953125 0.0265625 0.0515625
0 0.5765625 0.3328125 0.0265625 0.1140625
0 0.58984375 0.309375 0.0234375 0.0640625
0 0.6359375 0.3140625 0.028125 0.059375
0 0.6515625 0.3046875 0.015625 0.0546875
0 0.64296875 0.290625 0.0109375 0.0328125
0 0.66796875 0.315625 0.0328125 0.053125
0 0.67890625 0.31875 0.0234375 0.0609375
0 0.68984375 0.28359375 0.0125 0.0140625
0 0.7671875 0.33828125 0.04375 0.128125
0 0.74140625 0.30390625 0.0359375 0.0515625
0 0.6125 0.3296875 0.046875 0.1078125
0 0.6609375 0.29609375 0.075 0.0453125
0 0.0125 0.32890625 0.025 0.090625
0 0.43359375 0.29296875 0.0140625 0.0140625
0 0.62578125 0.29375 0.0109375 0.0140625
0 0.7796875 0.2890625 0.0203125 0.0265625
0 0.2640625 0.2390625 0.0703125 0.053125