0 0.0328125 0.875 0.065625 0.234375
0 0.06015625 0.8765625 0.0875 0.24375
0 0.06015625 0.7515625 0.0203125 0.046875
0 0.12265625 0.85390625 0.0703125 0.2890625
0 0.27265625 0.7921875 0.025 0.1625
0 0.2796875 0.79296875 0.0328125 0.14375
0 0.3203125 0.79140625 0.03125 0.1625
0 0.33125 0.8 0.0375 0.16875
0 0.375 0.79921875 0.0359375 0.178125
0 0.41796875 0.79765625 0.0390625 0.1984375
0 0.490625 0.77421875 0.025 0.14375
0 0.5375 0.7359375 0.0125 0.075
0 0.55078125 0.7390625 0.015625 0.0921875
0 0.66484375 0.82109375 0.0390625 0.2140625
0 0.70703125 0.815625 0.0390625 0.2390625
0 0.81796875 0.7390625 0.0234375 0.121875
0 0.83671875 0.78046875 0.0390625 0.209375
0 0.8734375 0.7921875 0.0515625 0.1984375
0 0.94765625 0.79921875 0.0578125 0.26875
0 0.98046875 0.69296875 0.021875 0.0578125
0 0.99296875 0.78359375 0.0125 0.1859375
0 0.89140625 0.8296875 0.040625 0.1015625
0 0.190625 0.71171875 0.034375 0.1890625
0 0.31171875 0.69140625 0.04375 0.1515625
0 0.4203125 0.68984375 0.0359375 0.1515625
0 0.5578125 0.74609375 0.0828125 0.10625
0 0.65078125 0.7484375 0.0515625 0.1265625
0 0.8859375 0.7296875 0.159375 0.175
0 0.91953125 0.62109375 0.0265625 0.0453125