0 0.02890625 0.83203125 0.0578125 0.3359375
0 0.1078125 0.846875 0.1390625 0.3046875
0 0.2234375 0.88671875 0.1296875 0.225
0 0.11796875 0.678125 0.090625 0.2265625
0 0.40625 0.846875 0.1 0.2234375
0 0.4578125 0.80703125 0.040625 0.2015625
0 0.396875 0.9484375 0.1046875 0.103125
0 0.48046875 0.9140625 0.11875 0.1703125
0 0.61484375 0.90546875 0.1203125 0.1890625
0 0.7421875 0.9203125 0.1078125 0.1578125
0 0.51796875 0.82734375 0.0921875 0.3015625
0 0.61796875 0.78359375 0.096875 0.3890625
0 0.5671875 0.48515625 0.0640625 0.378125
0 0.31953125 0.3796875 0.0890625 0.1921875
0 0.25546875 0.34921875 0.0921875 0.3125
0 0.26484375 0.31328125 0.0546875 0.28125
0 0.1765625 0.31328125 0.06875 0.2734375
0 0.103125 0.38125 0.0703125 0.2984375
0 0.1078125 0.1890625 0.04375 0.1703125
0 0.1484375 0.23046875 0.0484375 0.234375
0 0.21171875 0.2296875 0.0640625 0.24375
0 0.3453125 0.2515625 0.075 0.2015625
0 0.36796875 0.25703125 0.0421875 0.225
0 0.01328125 0.05625 0.0265625 0.1125
0 0.0265625 0.04921875 0.040625 0.0984375
0 0.18125 0.09296875 0.040625 0.1859375
0 0.25859375 0.06953125 0.0546875 0.1390625
0 0.33828125 0.075 0.0484375 0.15
0 0.37734375 0.06796875 0.0421875 0.1359375
0 0.4125 0.109375 0.0625 0.20625
0 0.4703125 0.075 0.05 0.1421875
0 0.48359375 0.24609375 0.06875 0.2578125
0 0.5125 0.06484375 0.046875 0.1296875
0 0.53515625 0.05625 0.025 0.1125
0 0.56484375 0.05078125 0.04375 0.1015625
0 0.603125 0.0546875 0.046875 0.109375
0 0.65234375 0.090625 0.028125 0.178125
0 0.68125 0.1125 0.0328125 0.225
0 0.72421875 0.2359375 0.05 0.26875
0 0.75859375 0.17734375 0.0546875 0.240625
0 0.8375 0.084375 0.0421875 0.1046875
0 0.8640625 0.090625 0.040625 0.1046875
0 0.96484375 0.33046875 0.0703125 0.290625
0 0.9234375 0.0625 0.0421875 0.125
0 0.13203125 0.05078125 0.0328125 0.1015625
0 0.4734375 0.0203125 0.040625 0.040625
0 0.57578125 0.04765625 0.0265625 0.0953125
0 0.953125 0.05625 0.046875 0.1125
0 0.57578125 0.965625 0.05625 0.0671875
0 0.10859375 0.01328125 0.01875 0.0265625
0 0.55 0.034375 0.0109375 0.06875
0 0.82265625 0.01796875 0.1078125 0.0359375
0 0.97734375 0.07578125 0.0421875 0.1515625