0 0.8171875 0.678125 0.0453125 0.24375
0 0.7640625 0.675 0.059375 0.275
0 0.4921875 0.54296875 0.0375 0.08125
0 0.48125 0.54296875 0.01875 0.04375
0 0.9796875 0.58046875 0.021875 0.0859375
0 0.9609375 0.578125 0.0203125 0.078125
0 0.9328125 0.55546875 0.0140625 0.0515625
0 0.29296875 0.56953125 0.09375 0.1859375
0 0.1765625 0.57890625 0.025 0.109375
0 0.15546875 0.63671875 0.075 0.16875
0 0.15859375 0.6 0.0703125 0.1421875
0 0.12421875 0.54453125 0.01875 0.0734375
0 0.21640625 0.62109375 0.0765625 0.1875
0 0.7109375 0.54375 0.0140625 0.075
0 0.696875 0.54140625 0.0171875 0.0828125
0 0.734375 0.5375 0.0140625 0.0671875
0 0.77734375 0.52578125 0.01875 0.0484375
0 0.6546875 0.53046875 0.0125 0.06875
0 0.64296875 0.5375 0.0125 0.0796875
0 0.6265625 0.52734375 0.015625 0.059375
0 0.98671875 0.78359375 0.0234375 0.346875
0 0.35078125 0.44296875 0.215625 0.0359375
0 0.21015625 0.50703125 0.09375 0.028125
0 0.32265625 0.51015625 0.0703125 0.025
0 0.41640625 0.51875 0.1078125 0.0421875
0 0.8609375 0.50703125 0.1328125 0.06875
0 0.09296875 0.53046875 0.0375 0.09375
0 0.909375 0.6 0.025 0.0546875
0 0.6671875 0.534375 0.0109375 0.06875
0 0.68203125 0.534375 0.009375 0.065625
0 0.72265625 0.53515625 0.009375 0.059375