0 0.534375 0.49921875 0.0328125 0.0703125
0 0.5578125 0.6453125 0.09375 0.4015625
0 0.61796875 0.63984375 0.0921875 0.3828125
0 0.6625 0.62890625 0.090625 0.3296875
0 0.72421875 0.6375 0.0828125 0.384375
0 0.78125 0.63125 0.0671875 0.3609375
0 0.95078125 0.63046875 0.096875 0.3890625
0 0.86953125 0.6515625 0.078125 0.378125
0 0.90390625 0.4890625 0.040625 0.0703125
0 0.5859375 0.50390625 0.0328125 0.109375
0 0.815625 0.6171875 0.04375 0.328125
0 0.15859375 0.52421875 0.1109375 0.2984375
0 0.3140625 0.54921875 0.2015625 0.1703125
0 0.49453125 0.51875 0.0546875 0.134375
0 0.6875 0.5125 0.0453125 0.0609375
0 0.76328125 0.54296875 0.0265625 0.0921875
0 0.915625 0.490625 0.021875 0.0453125
0 0.68359375 0.72265625 0.05625 0.0515625