0 0.0296875 0.92109375 0.053125 0.153125
0 0.1078125 0.9359375 0.065625 0.125
0 0.1703125 0.92578125 0.0171875 0.0921875
0 0.2234375 0.92578125 0.0171875 0.078125
0 0.35546875 0.915625 0.071875 0.1640625
0 0.396875 0.928125 0.021875 0.1046875
0 0.43203125 0.9234375 0.0109375 0.0515625
0 0.44921875 0.915625 0.0109375 0.05
0 0.51953125 0.9296875 0.0171875 0.06875
0 0.53828125 0.9265625 0.0203125 0.0890625
0 0.55078125 0.92890625 0.0171875 0.071875
0 0.5734375 0.92578125 0.01875 0.06875
0 0.62265625 0.928125 0.0296875 0.0953125
0 0.628125 0.92578125 0.0234375 0.0953125
0 0.646875 0.92890625 0.03125 0.1375
0 0.66875 0.92890625 0.0328125 0.1375
0 0.740625 0.92421875 0.03125 0.115625
0 0.75546875 0.92109375 0.01875 0.0828125
0 0.7734375 0.9359375 0.028125 0.1109375
0 0.8328125 0.92421875 0.0671875 0.146875
0 0.884375 0.92109375 0.0546875 0.153125
0 0.93046875 0.928125 0.04375 0.140625
0 0.96796875 0.9234375 0.0546875 0.15
0 0.26875 0.93125 0.0203125 0.0625
0 0.10703125 0.69765625 0.021875 0.0984375
0 0.415625 0.93671875 0.0359375 0.0953125
0 0.5734375 0.92109375 0.109375 0.1046875
0 0.83671875 0.92109375 0.3234375 0.15
0 0.1640625 0.92421875 0.1359375 0.1109375