0 0.31015625 0.509375 0.0640625 0.1828125
0 0.34140625 0.559375 0.03125 0.1921875
0 0.39609375 0.521875 0.065625 0.153125
0 0.45859375 0.53359375 0.0625 0.15
0 0.4828125 0.4984375 0.0578125 0.1265625
0 0.51796875 0.54375 0.065625 0.190625
0 0.54453125 0.49140625 0.0328125 0.05625
0 0.57109375 0.50234375 0.046875 0.090625
0 0.6296875 0.49453125 0.0828125 0.1765625
0 0.665625 0.503125 0.059375 0.1625
0 0.725 0.4953125 0.0671875 0.209375
0 0.296875 0.60625 0.0828125 0.16875
0 0.3546875 0.60546875 0.0578125 0.1484375
0 0.44375 0.603125 0.0875 0.140625
0 0.5625 0.58671875 0.0875 0.159375
0 0.63828125 0.60703125 0.03125 0.090625
0 0.68203125 0.584375 0.028125 0.1
0 0.7640625 0.60234375 0.1015625 0.1609375
0 0.73671875 0.59609375 0.075 0.24375
0 0.678125 0.640625 0.071875 0.3203125
0 0.59921875 0.6921875 0.0953125 0.203125
0 0.5234375 0.65 0.0890625 0.1296875
0 0.4484375 0.61328125 0.0625 0.1203125
0 0.4046875 0.6484375 0.0359375 0.128125
0 0.34375 0.6578125 0.0875 0.1796875
0 0.24140625 0.74140625 0.1265625 0.36875
0 0.3359375 0.67109375 0.09375 0.2109375
0 0.42734375 0.72890625 0.1015625 0.2
0 0.4984375 0.66640625 0.071875 0.25625
0 0.5984375 0.6859375 0.09375 0.1828125
0 0.75625 0.6828125 0.0875 0.1609375
0 0.83984375 0.78046875 0.1515625 0.4375
0 0.7265625 0.8484375 0.125 0.3015625
0 0.63359375 0.7671875 0.1609375 0.4640625
0 0.52265625 0.79375 0.1125 0.4125
0 0.41640625 0.79609375 0.1453125 0.40625
0 0.30234375 0.83671875 0.18125 0.325
0 0.353125 0.54140625 0.0234375 0.0640625
0 0.50234375 0.2671875 0.4609375 0.353125