0 0.11875 0.740625 0.1453125 0.51875
0 0.240625 0.7734375 0.1265625 0.4515625
0 0.24609375 0.61875 0.1 0.19375
0 0.31328125 0.76640625 0.0625 0.3859375
0 0.38046875 0.7890625 0.0640625 0.3359375
0 0.4015625 0.746875 0.0375 0.2640625
0 0.4421875 0.7703125 0.078125 0.3203125
0 0.4703125 0.76953125 0.0359375 0.265625
0 0.48203125 0.74140625 0.0234375 0.2109375
0 0.50859375 0.74765625 0.046875 0.246875
0 0.53671875 0.753125 0.04375 0.2390625
0 0.57109375 0.75703125 0.071875 0.3046875
0 0.5984375 0.72890625 0.028125 0.24375
0 0.60546875 0.69140625 0.028125 0.125
0 0.61953125 0.75390625 0.053125 0.265625
0 0.65234375 0.76328125 0.0515625 0.2953125
0 0.68203125 0.746875 0.0359375 0.2890625
0 0.69453125 0.75078125 0.0296875 0.2546875
0 0.70703125 0.65859375 0.0265625 0.0734375
0 0.71796875 0.76640625 0.03125 0.215625
0 0.71328125 0.65546875 0.0390625 0.0859375
0 0.734375 0.68359375 0.015625 0.125
0 0.74453125 0.69765625 0.03125 0.121875
0 0.7546875 0.8453125 0.0578125 0.2640625
0 0.8125 0.73671875 0.0515625 0.1140625
0 0.8390625 0.75625 0.0625 0.1890625
0 0.8796875 0.740625 0.0765625 0.2296875
0 0.93359375 0.825 0.1328125 0.3484375
0 0.9609375 0.65625 0.0765625 0.290625
0 0.89453125 0.63046875 0.0484375 0.075
0 0.85625 0.64375 0.0234375 0.0515625
0 0.91875 0.64765625 0.025 0.08125
0 0.4203125 0.7359375 0.028125 0.2703125
0 0.7359375 0.6640625 0.0953125 0.0921875
0 0.8515625 0.6421875 0.0375 0.0453125
0 0.6203125 0.6390625 0.078125 0.065625
0 0.559375 0.853125 0.0203125 0.0546875
0 0.59765625 0.8515625 0.028125 0.0640625
0 0.64296875 0.83125 0.0203125 0.09375
0 0.696875 0.82890625 0.040625 0.11875
0 0.66171875 0.90078125 0.0671875 0.01875