0 0.090625 0.634375 0.18125 0.728125
0 0.25625 0.60859375 0.171875 0.7796875
0 0.40078125 0.65859375 0.321875 0.6796875
0 0.678125 0.7359375 0.2546875 0.525
0 0.60234375 0.50625 0.20625 0.984375
0 0.8875 0.53203125 0.2234375 0.93125
0 0.7765625 0.48515625 0.128125 0.775
0 0.67109375 0.3046875 0.1765625 0.4765625
0 0.4265625 0.54609375 0.125 0.896875
0 0.48984375 0.4953125 0.125 0.928125
0 0.34765625 0.36015625 0.1203125 0.590625
0 0.13828125 0.3984375 0.2765625 0.753125
0 0.096875 0.1265625 0.0625 0.1796875
0 0.646875 0.121875 0.084375 0.24375
0 0.94375 0.1484375 0.1109375 0.296875
0 0.85078125 0.19609375 0.1140625 0.3
0 0.2640625 0.115625 0.0546875 0.23125
0 0.309375 0.053125 0.05 0.10625
0 0.39921875 0.05859375 0.053125 0.10625
0 0.403125 0.046875 0.29375 0.09375