0 0.35234375 0.4765625 0.0625 0.128125
0 0.42421875 0.49140625 0.0328125 0.1421875
0 0.4546875 0.46640625 0.040625 0.0875
0 0.5859375 0.5453125 0.078125 0.259375
0 0.51484375 0.57109375 0.090625 0.2234375
0 0.4875 0.5203125 0.0453125 0.0953125
0 0.44140625 0.54140625 0.05 0.1078125
0 0.4546875 0.58359375 0.0578125 0.153125
0 0.55078125 0.6625 0.1046875 0.2453125
0 0.53046875 0.7109375 0.109375 0.3078125
0 0.61796875 0.70625 0.0734375 0.1765625
0 0.6484375 0.76640625 0.2109375 0.4625
0 0.7625 0.84765625 0.221875 0.3
0 0.33828125 0.54765625 0.0671875 0.140625
0 0.20546875 0.49609375 0.0546875 0.1484375
0 0.225 0.51875 0.0734375 0.1421875
0 0.29140625 0.5953125 0.084375 0.190625
0 0.35859375 0.625 0.134375 0.240625
0 0.3671875 0.68984375 0.1421875 0.25
0 0.3953125 0.80390625 0.24375 0.3875
0 0.26015625 0.5734375 0.1 0.1921875
0 0.409375 0.4390625 0.221875 0.1078125
0 0.8875 0.9015625 0.221875 0.1921875
0 0.17890625 0.50234375 0.0375 0.0859375
0 0.1453125 0.7828125 0.290625 0.4296875