0 0.05703125 0.7 0.109375 0.4046875
0 0.3625 0.6703125 0.06875 0.309375
0 0.41796875 0.7390625 0.0796875 0.34375
0 0.4640625 0.6515625 0.075 0.3375
0 0.546875 0.678125 0.0875 0.3078125
0 0.55546875 0.6609375 0.065625 0.25
0 0.61953125 0.64296875 0.0859375 0.2984375
0 0.6796875 0.59453125 0.0546875 0.2296875
0 0.70625 0.54765625 0.01875 0.0828125
0 0.7015625 0.53359375 0.0125 0.0515625
0 0.79921875 0.59921875 0.065625 0.2203125
0 0.85234375 0.61015625 0.059375 0.234375
0 0.909375 0.60234375 0.05625 0.2078125
0 0.77578125 0.51875 0.01875 0.0265625
0 0.81328125 0.51953125 0.0171875 0.028125
0 0.8203125 0.52578125 0.0109375 0.05
0 0.8703125 0.5296875 0.0171875 0.0671875
0 0.8875 0.5296875 0.021875 0.0703125
0 0.92890625 0.52265625 0.0140625 0.0359375
0 0.9375 0.52265625 0.0140625 0.0359375
0 0.9859375 0.521875 0.0140625 0.0484375
0 0.96796875 0.51875 0.015625 0.046875
0 0.99375 0.5171875 0.0125 0.046875
0 0.9390625 0.51640625 0.1125 0.059375
0 0.66953125 0.65234375 0.04375 0.040625
0 0.68125 0.5078125 0.0125 0.01875