0 0.15703125 0.67421875 0.103125 0.4609375
0 0.2765625 0.6625 0.109375 0.58125
0 0.4234375 0.709375 0.2453125 0.58125
0 0.4703125 0.6265625 0.09375 0.41875
0 0.53125 0.6921875 0.1140625 0.5140625
0 0.56796875 0.6296875 0.0828125 0.5484375
0 0.5890625 0.625 0.0625 0.45625
0 0.6828125 0.6859375 0.0734375 0.503125
0 0.73203125 0.7375 0.0890625 0.5234375
0 0.03203125 0.3984375 0.0640625 0.178125
0 0.075 0.7671875 0.146875 0.4375
0 0.0546875 0.640625 0.0953125 0.275
0 0.08359375 0.50390625 0.06875 0.1609375
0 0.11640625 0.509375 0.0546875 0.16875
0 0.13671875 0.46171875 0.0421875 0.1
0 0.13515625 0.38359375 0.04375 0.1
0 0.23828125 0.434375 0.04375 0.128125
0 0.33359375 0.43984375 0.078125 0.2
0 0.284375 0.39453125 0.0453125 0.1234375
0 0.02578125 0.45625 0.0515625 0.1125
0 0.16875 0.4765625 0.0640625 0.1625
0 0.24140625 0.41796875 0.0734375 0.1328125
0 0.3125 0.4015625 0.03125 0.0640625