0 0.0875 0.34140625 0.128125 0.334375
0 0.1953125 0.3234375 0.0984375 0.23125
0 0.27265625 0.33046875 0.071875 0.2171875
0 0.3453125 0.3296875 0.0890625 0.259375
0 0.41875 0.3390625 0.1 0.2359375
0 0.478125 0.3328125 0.05625 0.1828125
0 0.5375 0.35 0.078125 0.25
0 0.60078125 0.359375 0.1015625 0.2171875
0 0.678125 0.3484375 0.0890625 0.2234375
0 0.75546875 0.346875 0.0890625 0.209375
0 0.82578125 0.35859375 0.078125 0.1828125
0 0.878125 0.57578125 0.215625 0.66875
0 0.1046875 0.5578125 0.171875 0.5125
0 0.203125 0.55390625 0.1296875 0.4359375
0 0.2984375 0.49921875 0.1109375 0.3359375
0 0.3953125 0.49609375 0.1015625 0.2953125
0 0.490625 0.546875 0.1171875 0.4296875
0 0.58359375 0.525 0.090625 0.3265625
0 0.66953125 0.56015625 0.10625 0.40625
0 0.7578125 0.590625 0.109375 0.475
0 0.83203125 0.62421875 0.1375 0.503125
0 0.2640625 0.7390625 0.14375 0.434375
0 0.4015625 0.71171875 0.14375 0.4921875
0 0.55390625 0.73046875 0.15625 0.4640625
0 0.7 0.76328125 0.140625 0.4578125
0 0.72421875 0.0546875 0.028125 0.071875
0 0.59375 0.1453125 0.1859375 0.0453125
0 0.553125 0.19296875 0.078125 0.0390625
0 0.375 0.04453125 0.025 0.05625