0 0.915625 0.78046875 0.08125 0.3046875
0 0.83046875 0.79140625 0.0890625 0.35
0 0.7484375 0.78984375 0.0953125 0.3515625
0 0.70390625 0.76171875 0.0390625 0.215625
0 0.86015625 0.78046875 0.0578125 0.3046875
0 0.796875 0.771875 0.046875 0.2625
0 0.6609375 0.74140625 0.05 0.1578125
0 0.63203125 0.73359375 0.05 0.1484375
0 0.6171875 0.72421875 0.03125 0.1234375
0 0.58359375 0.73359375 0.0359375 0.1328125
0 0.68203125 0.70859375 0.0265625 0.0921875
0 0.5484375 0.771875 0.075 0.225
0 0.50390625 0.76484375 0.0515625 0.234375
0 0.47421875 0.73359375 0.025 0.10625
0 0.4203125 0.77109375 0.0640625 0.259375
0 0.35625 0.759375 0.05 0.1671875
0 0.34765625 0.75234375 0.0328125 0.1578125
0 0.30546875 0.7546875 0.0421875 0.1640625
0 0.21484375 0.78203125 0.115625 0.3125
0 0.2765625 0.74453125 0.021875 0.0921875
0 0.25859375 0.74765625 0.021875 0.090625
0 0.90234375 0.665625 0.0734375 0.0734375
0 0.60703125 0.72890625 0.0171875 0.109375
0 0.69296875 0.7265625 0.01875 0.1234375
0 0.58515625 0.7609375 0.0125 0.059375
0 0.25859375 0.70546875 0.0609375 0.0328125
0 0.32890625 0.74140625 0.0265625 0.1203125
0 0.390625 0.73671875 0.0203125 0.1015625