0 0.084375 0.48984375 0.1671875 0.7859375
0 0.18203125 0.42734375 0.121875 0.8203125
0 0.2875 0.41640625 0.134375 0.8171875
0 0.40078125 0.43984375 0.134375 0.753125
0 0.509375 0.428125 0.134375 0.8125
0 0.603125 0.23984375 0.125 0.440625
0 0.6171875 0.26015625 0.1234375 0.3625
0 0.7125 0.26875 0.1046875 0.3734375
0 0.78671875 0.49453125 0.1375 0.83125
0 0.91640625 0.51171875 0.165625 0.89375
0 0.26484375 0.6234375 0.178125 0.6484375
0 0.3875 0.64921875 0.146875 0.6703125
0 0.515625 0.6140625 0.140625 0.6953125
0 0.6234375 0.6265625 0.1203125 0.65625
0 0.7359375 0.64453125 0.1640625 0.6671875