0 0.990625 0.46171875 0.0171875 0.1046875
0 0.98984375 0.653125 0.015625 0.08125
0 0.9796875 0.63828125 0.0171875 0.065625
0 0.9625 0.66484375 0.021875 0.0984375
0 0.94765625 0.66953125 0.0171875 0.0953125
0 0.9328125 0.696875 0.0453125 0.16875
0 0.91015625 0.69296875 0.0375 0.184375
0 0.86171875 0.79140625 0.1453125 0.415625
0 0.82109375 0.7171875 0.0390625 0.1953125
0 0.79921875 0.721875 0.040625 0.2375
0 0.88046875 0.43203125 0.03125 0.0953125
0 0.7515625 0.75703125 0.05625 0.2859375
0 0.77421875 0.728125 0.028125 0.184375
0 0.71640625 0.78671875 0.121875 0.4234375
0 0.63046875 0.78203125 0.115625 0.434375
0 0.5796875 0.79296875 0.065625 0.4140625
0 0.01640625 0.6625 0.0234375 0.0546875
0 0.053125 0.8109375 0.0515625 0.3265625
0 0.10390625 0.82109375 0.13125 0.35625
0 0.159375 0.753125 0.025 0.1453125
0 0.1734375 0.70625 0.021875 0.05625
0 0.14140625 0.73046875 0.021875 0.1046875
0 0.19609375 0.8265625 0.084375 0.3421875
0 0.25703125 0.79453125 0.078125 0.3640625
0 0.3046875 0.7359375 0.0140625 0.109375
0 0.2828125 0.69375 0.0171875 0.05
0 0.32890625 0.75078125 0.0453125 0.221875
0 0.35390625 0.68359375 0.0171875 0.0328125
0 0.3359375 0.67421875 0.0140625 0.0265625
0 0.39140625 0.8015625 0.0859375 0.3953125
0 0.41875 0.690625 0.01875 0.0828125
0 0.4421875 0.7578125 0.0328125 0.209375
0 0.471875 0.7453125 0.040625 0.221875
0 0.47421875 0.69453125 0.034375 0.109375
0 0.52890625 0.721875 0.028125 0.1359375
0 0.54375 0.7234375 0.0234375 0.16875
0 0.503125 0.7046875 0.0140625 0.0875
0 0.51328125 0.70703125 0.015625 0.10625
0 0.84140625 0.31796875 0.09375 0.1109375
0 0.91796875 0.546875 0.0453125 0.0703125
0 0.5046875 0.58828125 0.990625 0.259375
0 0.121875 0.20703125 0.0421875 0.4
0 0.41796875 0.83359375 0.0125 0.040625
0 0.49609375 0.74765625 0.015625 0.0640625
0 0.99140625 0.82109375 0.0140625 0.0984375