0 0.59765625 0.46171875 0.0515625 0.16875
0 0.6515625 0.459375 0.05 0.159375
0 0.640625 0.44453125 0.034375 0.146875
0 0.621875 0.434375 0.0125 0.078125
0 0.66171875 0.415625 0.01875 0.05
0 0.68984375 0.40390625 0.015625 0.040625
0 0.77109375 0.58984375 0.2265625 0.6375
0 0.7421875 0.5671875 0.121875 0.509375
0 0.846875 0.50859375 0.065625 0.2703125
0 0.89609375 0.6421875 0.153125 0.5328125
0 0.43828125 0.37421875 0.0453125 0.146875
0 0.4875 0.378125 0.0296875 0.090625
0 0.67421875 0.41484375 0.0265625 0.059375
0 0.61640625 0.403125 0.015625 0.025
0 0.63046875 0.3984375 0.0125 0.0171875
0 0.8140625 0.3765625 0.0328125 0.0453125
0 0.8265625 0.60234375 0.0375 0.09375