0 0.07109375 0.77890625 0.1421875 0.359375
0 0.0703125 0.58046875 0.025 0.1453125
0 0.09609375 0.58203125 0.028125 0.14375
0 0.11640625 0.53984375 0.01875 0.090625
0 0.15625 0.65390625 0.0734375 0.2796875
0 0.1890625 0.62734375 0.053125 0.246875
0 0.22421875 0.57890625 0.03125 0.153125
0 0.2078125 0.559375 0.0171875 0.1171875
0 0.3046875 0.53671875 0.015625 0.096875
0 0.32890625 0.5078125 0.015625 0.0515625
0 0.34140625 0.54609375 0.0203125 0.115625
0 0.36015625 0.5578125 0.0234375 0.115625
0 0.3921875 0.54140625 0.01875 0.10625
0 0.45390625 0.71015625 0.075 0.353125
0 0.43125 0.57734375 0.0328125 0.125
0 0.51328125 0.534375 0.0125 0.0734375
0 0.61171875 0.62578125 0.0453125 0.2265625
0 0.64765625 0.58515625 0.0234375 0.1015625
0 0.8390625 0.60703125 0.0328125 0.1578125
0 0.8796875 0.58984375 0.021875 0.125
0 0.90234375 0.55859375 0.0203125 0.09375
0 0.48984375 0.52578125 0.009375 0.0546875
0 0.4515625 0.49375 0.009375 0.0125
0 0.440625 0.53125 0.01875 0.071875
0 0.40390625 0.52734375 0.009375 0.053125
0 0.92421875 0.5671875 0.0203125 0.090625
0 0.93359375 0.5546875 0.015625 0.10625
0 0.02421875 0.5421875 0.009375 0.0546875
0 0.034375 0.53984375 0.0140625 0.0625
0 0.0546875 0.528125 0.0109375 0.0375
0 0.87890625 0.80234375 0.2421875 0.3875
0 0.41484375 0.52109375 0.1375 0.071875
0 0.55390625 0.5046875 0.0265625 0.0375
0 0.0703125 0.51953125 0.0625 0.034375