0 0.94296875 0.59140625 0.1140625 0.815625
0 0.8578125 0.56015625 0.190625 0.8734375
0 0.6796875 0.57578125 0.259375 0.846875
0 0.796875 0.30390625 0.1078125 0.3140625
0 0.5953125 0.56171875 0.1640625 0.821875
0 0.53515625 0.54453125 0.0859375 0.740625
0 0.4578125 0.60625 0.153125 0.7171875
0 0.3875 0.58203125 0.26875 0.834375
0 0.2515625 0.47734375 0.0921875 0.634375
0 0.38359375 0.30859375 0.096875 0.184375
0 0.1921875 0.58359375 0.225 0.784375
0 0.79140625 0.21953125 0.1171875 0.2046875
0 0.65859375 0.22421875 0.040625 0.1078125