0 0.07265625 0.31875 0.084375 0.309375
0 0.14765625 0.26328125 0.0765625 0.2328125
0 0.19921875 0.2921875 0.0796875 0.2453125
0 0.24609375 0.2875 0.0578125 0.2578125
0 0.2890625 0.32265625 0.0703125 0.2171875
0 0.328125 0.23359375 0.06875 0.184375
0 0.37421875 0.2984375 0.0703125 0.1953125
0 0.4109375 0.27734375 0.046875 0.2265625
0 0.44140625 0.27421875 0.0796875 0.2390625
0 0.49296875 0.240625 0.065625 0.1828125
0 0.53984375 0.26484375 0.078125 0.2
0 0.60078125 0.27265625 0.06875 0.228125
0 0.66484375 0.30078125 0.0625 0.2078125
0 0.71875 0.25390625 0.0640625 0.203125
0 0.72734375 0.4234375 0.0671875 0.3453125
0 0.77421875 0.31015625 0.071875 0.259375
0 0.81953125 0.29296875 0.06875 0.2734375
0 0.8796875 0.30546875 0.065625 0.26875
0 0.04375 0.609375 0.0859375 0.45
0 0.11171875 0.5359375 0.1015625 0.434375
0 0.15234375 0.39609375 0.071875 0.203125
0 0.178125 0.6359375 0.078125 0.3234375
0 0.19375 0.53984375 0.078125 0.409375
0 0.25234375 0.56875 0.1 0.46875
0 0.33515625 0.53984375 0.103125 0.4578125
0 0.3828125 0.53125 0.071875 0.465625
0 0.43125 0.51484375 0.0859375 0.403125
0 0.48984375 0.52265625 0.0828125 0.4859375
0 0.54921875 0.50625 0.0921875 0.4828125
0 0.6296875 0.51171875 0.0984375 0.4640625
0 0.696875 0.54609375 0.075 0.4265625
0 0.76484375 0.51640625 0.084375 0.3328125
0 0.82734375 0.578125 0.096875 0.475
0 0.896875 0.54453125 0.08125 0.4078125
0 0.9484375 0.6015625 0.1015625 0.50625
0 0.103125 0.78671875 0.1328125 0.3140625
0 0.22265625 0.80234375 0.1296875 0.31875
0 0.33203125 0.81015625 0.1125 0.3171875
0 0.4328125 0.78203125 0.11875 0.3453125
0 0.53984375 0.7875 0.1078125 0.31875
0 0.6453125 0.784375 0.125 0.3125
0 0.753125 0.7578125 0.134375 0.3234375
0 0.3953125 0.22890625 0.028125 0.075
0 0.98671875 0.7109375 0.025 0.1953125
0 0.4109375 0.05859375 0.034375 0.0734375
0 0.58828125 0.171875 0.0671875 0.128125