0 0.53515625 0.5546875 0.0625 0.2390625
0 0.5828125 0.49765625 0.0515625 0.1265625
0 0.684375 0.5109375 0.05 0.1140625
0 0.71796875 0.5640625 0.0796875 0.20625
0 0.71953125 0.55390625 0.0625 0.2140625
0 0.78515625 0.5109375 0.0296875 0.075
0 0.815625 0.51328125 0.025 0.078125
0 0.83203125 0.49765625 0.01875 0.059375
0 0.7953125 0.48828125 0.01875 0.0578125
0 0.809375 0.50078125 0.015625 0.065625
0 0.52734375 0.61796875 0.03125 0.0984375
0 0.8546875 0.4921875 0.0296875 0.0640625
0 0.50546875 0.5140625 0.015625 0.05625
0 0.5328125 0.46171875 0.0140625 0.025
0 0.56640625 0.4625 0.021875 0.0328125
0 0.82734375 0.4765625 0.0140625 0.0203125
0 0.1984375 0.55546875 0.046875 0.0609375
0 0.08203125 0.5 0.034375 0.0421875