0 0.7015625 0.58203125 0.4203125 0.6921875
0 0.5390625 0.59609375 0.1921875 0.465625
0 0.3671875 0.60234375 0.2453125 0.4875
0 0.16328125 0.5625 0.190625 0.4625
0 0.2265625 0.45625 0.1203125 0.6203125
0 0.27890625 0.39140625 0.0515625 0.365625
0 0.34140625 0.32734375 0.1171875 0.3015625
0 0.42734375 0.47890625 0.1046875 0.5640625
0 0.496875 0.49375 0.15 0.584375
0 0.46484375 0.27734375 0.0375 0.0828125
0 0.384375 0.2625 0.0359375 0.0828125
0 0.40859375 0.2609375 0.0234375 0.065625
0 0.76328125 0.50859375 0.090625 0.609375
0 0.721875 0.5125 0.090625 0.578125
0 0.61171875 0.4265625 0.0765625 0.35
0 0.5796875 0.3609375 0.0703125 0.19375
0 0.5515625 0.275 0.0359375 0.078125
0 0.71953125 0.25234375 0.121875 0.1078125
0 0.3265625 0.25625 0.0296875 0.0359375