0 0.1515625 0.534375 0.1328125 0.475
0 0.17109375 0.5484375 0.175 0.575
0 0.27265625 0.50546875 0.1375 0.4875
0 0.32890625 0.34609375 0.0546875 0.0859375
0 0.3578125 0.54765625 0.1578125 0.5453125
0 0.425 0.48984375 0.0984375 0.5125
0 0.5234375 0.51484375 0.125 0.490625
0 0.63828125 0.54140625 0.078125 0.475
0 0.68515625 0.58359375 0.1140625 0.53125
0 0.76796875 0.5375 0.1 0.54375
0 0.81953125 0.56640625 0.13125 0.5640625
0 0.878125 0.5625 0.071875 0.53125
0 0.4953125 0.37265625 0.0453125 0.1796875
0 0.5859375 0.38203125 0.0578125 0.175
0 0.97265625 0.30859375 0.046875 0.134375
0 0.5 0.75078125 0.9953125 0.0828125