0 0.7875 0.7078125 0.25625 0.5796875
0 0.31875 0.55390625 0.03125 0.1328125
0 0.29453125 0.553125 0.03125 0.11875
0 0.265625 0.54609375 0.0328125 0.109375
0 0.2234375 0.54765625 0.034375 0.10625
0 0.1890625 0.58203125 0.05625 0.1765625
0 0.140625 0.609375 0.0515625 0.23125
0 0.07265625 0.734375 0.1453125 0.5265625
0 0.278125 0.54609375 0.01875 0.1046875
0 0.2453125 0.52734375 0.0296875 0.0859375
0 0.20390625 0.51640625 0.0328125 0.053125
0 0.17109375 0.51484375 0.015625 0.0375
0 0.02109375 0.50703125 0.0421875 0.0390625