0 0.03203125 0.6 0.0640625 0.1890625
0 0.16953125 0.50625 0.0171875 0.065625
0 0.1828125 0.48828125 0.021875 0.071875
0 0.2171875 0.49609375 0.0234375 0.0640625
0 0.196875 0.52109375 0.04375 0.165625
0 0.1109375 0.6296875 0.134375 0.459375
0 0.2296875 0.63828125 0.065625 0.26875
0 0.29140625 0.503125 0.021875 0.0546875
0 0.26328125 0.65390625 0.121875 0.396875
0 0.334375 0.6140625 0.065625 0.3171875
0 0.38046875 0.46796875 0.0328125 0.05
0 0.4140625 0.65625 0.1203125 0.4609375
0 0.55859375 0.63828125 0.075 0.3609375
0 0.6203125 0.63359375 0.1453125 0.4671875
0 0.690625 0.73984375 0.046875 0.1359375
0 0.68203125 0.51796875 0.0703125 0.190625
0 0.75546875 0.6515625 0.125 0.4484375
0 0.51953125 0.47890625 0.028125 0.028125
0 0.91328125 0.44609375 0.0125 0.0375
0 0.715625 0.475 0.0265625 0.05
0 0.7875 0.45546875 0.05 0.0296875
0 0.41171875 0.47578125 0.0484375 0.021875
0 0.14453125 0.690625 0.034375 0.1890625
0 0.140625 0.4546875 0.028125 0.0359375