0 0.0375 0.5203125 0.075 0.290625
0 0.12421875 0.45859375 0.046875 0.0890625
0 0.21875 0.50703125 0.0578125 0.2390625
0 0.228125 0.4359375 0.025 0.0421875
0 0.14375 0.64765625 0.1796875 0.703125
0 0.25625 0.52734375 0.0765625 0.2859375
0 0.4296875 0.51171875 0.0296875 0.1046875
0 0.46171875 0.52265625 0.0359375 0.1609375
0 0.36484375 0.653125 0.35625 0.69375
0 0.60859375 0.64609375 0.3921875 0.7078125
0 0.734375 0.509375 0.0953125 0.2578125
0 0.73359375 0.52265625 0.0859375 0.225
0 0.88515625 0.6890625 0.128125 0.496875
0 0.82109375 0.53359375 0.0546875 0.0640625
0 0.98359375 0.95234375 0.0328125 0.040625
0 0.0859375 0.4359375 0.0359375 0.0265625
0 0.221875 0.3859375 0.0234375 0.025