0 0.00703125 0.31015625 0.0140625 0.0796875
0 0.0328125 0.4078125 0.0375 0.209375
0 0.06015625 0.39453125 0.0296875 0.2140625
0 0.078125 0.38359375 0.0296875 0.2015625
0 0.08984375 0.428125 0.03125 0.203125
0 0.14375 0.72265625 0.1234375 0.5515625
0 0.17578125 0.653125 0.1828125 0.6921875
0 0.228125 0.634375 0.16875 0.7296875
0 0.3015625 0.63515625 0.1546875 0.7265625
0 0.39140625 0.6265625 0.1578125 0.7453125
0 0.4640625 0.665625 0.0625 0.6671875
0 0.51953125 0.665625 0.1671875 0.665625
0 0.56796875 0.65546875 0.0828125 0.625
0 0.66015625 0.62109375 0.1453125 0.6921875
0 0.65390625 0.6984375 0.1296875 0.6015625
0 0.76875 0.70859375 0.1296875 0.58125
0 0.92265625 0.29140625 0.0453125 0.165625
0 0.8609375 0.31015625 0.0515625 0.178125
0 0.80859375 0.575 0.15 0.8484375
0 0.9078125 0.678125 0.1796875 0.6421875
0 0.959375 0.5515625 0.0796875 0.89375
0 0.040625 0.40703125 0.0421875 0.2109375
0 0.03984375 0.2984375 0.0265625 0.0375
0 0.2234375 0.33828125 0.2234375 0.0609375
0 0.47265625 0.27734375 0.034375 0.0890625
0 0.646875 0.34453125 0.121875 0.1296875
0 0.98984375 0.6640625 0.0203125 0.271875