0 0.878125 0.82421875 0.2421875 0.35
0 0.93828125 0.52265625 0.1234375 0.6484375
0 0.87578125 0.36015625 0.1921875 0.7203125
0 0.7921875 0.15234375 0.08125 0.3046875
0 0.72265625 0.27734375 0.1015625 0.5546875
0 0.675 0.1140625 0.1015625 0.228125
0 0.59609375 0.346875 0.1046875 0.69375
0 0.72578125 0.5375 0.190625 0.5171875
0 0.6703125 0.77578125 0.1734375 0.446875
0 0.4859375 0.69765625 0.1703125 0.603125
0 0.54765625 0.53203125 0.1859375 0.7828125
0 0.3734375 0.6328125 0.1828125 0.7328125
0 0.496875 0.2171875 0.1375 0.240625
0 0.47265625 0.22578125 0.115625 0.409375
0 0.33515625 0.196875 0.1109375 0.39375
0 0.24609375 0.478125 0.1671875 0.765625
0 0.2203125 0.69609375 0.1640625 0.60625
0 0.103125 0.66015625 0.1765625 0.678125
0 0.07578125 0.39453125 0.1515625 0.453125
0 0.0734375 0.190625 0.128125 0.38125
0 0.97265625 0.503125 0.053125 0.253125