0 0.28046875 0.51171875 0.3125 0.971875
0 0.540625 0.55390625 0.3296875 0.8890625
0 0.75625 0.55 0.24375 0.896875
0 0.2125 0.26171875 0.071875 0.3046875
0 0.19609375 0.28984375 0.0765625 0.3203125
0 0.45078125 0.25703125 0.075 0.2828125
0 0.409375 0.259375 0.090625 0.265625
0 0.596875 0.27265625 0.04375 0.19375
0 0.58359375 0.246875 0.028125 0.15
0 0.61953125 0.2671875 0.0296875 0.1578125
0 0.64296875 0.25625 0.0390625 0.240625
0 0.57421875 0.33125 0.0453125 0.078125
0 0.1640625 0.30078125 0.0875 0.3421875
0 0.37890625 0.13515625 0.040625 0.0625
0 0.43203125 0.19609375 0.0515625 0.128125