0 0.8078125 0.65859375 0.3828125 0.6796875
0 0.53046875 0.5796875 0.346875 0.8375
0 0.8390625 0.4640625 0.3203125 0.75
0 0.346875 0.56171875 0.2171875 0.871875
0 0.65703125 0.3609375 0.171875 0.6796875
0 0.22734375 0.55078125 0.2328125 0.896875
0 0.90625 0.27890625 0.1796875 0.475
0 0.125 0.41953125 0.1375 0.784375
0 0.4140625 0.190625 0.109375 0.3421875
0 0.08359375 0.3203125 0.15 0.490625
0 0.28203125 0.1453125 0.1109375 0.2796875
0 0.3296875 0.1421875 0.1265625 0.2828125
0 0.54765625 0.13203125 0.084375 0.2515625
0 0.221875 0.0734375 0.0765625 0.1453125
0 0.4796875 0.09375 0.0984375 0.1875
0 0.83828125 0.0484375 0.3234375 0.096875
0 0.965625 0.34140625 0.0671875 0.4953125