0 0.29609375 0.50703125 0.046875 0.2609375
0 0.36171875 0.50390625 0.0546875 0.2671875
0 0.628125 0.5296875 0.0890625 0.2078125
0 0.65703125 0.37890625 0.01875 0.1046875
0 0.66328125 0.3921875 0.0421875 0.1453125
0 0.71328125 0.37109375 0.04375 0.1625
0 0.68671875 0.60625 0.1078125 0.521875
0 0.70078125 0.63203125 0.1734375 0.5890625
0 0.73359375 0.440625 0.0125 0.08125
0 0.74375 0.43984375 0.015625 0.075
0 0.759375 0.44375 0.0125 0.0703125
0 0.76796875 0.4203125 0.0125 0.0390625
0 0.79921875 0.39375 0.053125 0.15
0 0.8125 0.40078125 0.0890625 0.20625
0 0.86328125 0.42421875 0.06875 0.203125
0 0.8484375 0.25625 0.0453125 0.15
0 0.8875 0.22578125 0.04375 0.0859375
0 0.88984375 0.3171875 0.0390625 0.2421875
0 0.91953125 0.33828125 0.0375 0.196875
0 0.7890625 0.40625 0.075 0.1703125
0 0.96328125 0.30859375 0.0546875 0.253125
0 0.9484375 0.29921875 0.01875 0.10625
0 0.98671875 0.30625 0.0265625 0.2546875
0 0.9109375 0.35546875 0.04375 0.15625
0 0.9859375 0.23046875 0.0140625 0.0453125
0 0.828125 0.33671875 0.0296875 0.1140625