0 0.00546875 0.6109375 0.0109375 0.0890625
0 0.02421875 0.61796875 0.0484375 0.1015625
0 0.00390625 0.56328125 0.0078125 0.0078125
0 0.046875 0.609375 0.04375 0.0953125
0 0.05625 0.58984375 0.0171875 0.04375
0 0.0703125 0.58671875 0.03125 0.046875
0 0.096875 0.61015625 0.05 0.096875
0 0.12890625 0.58125 0.021875 0.0375
0 0.1484375 0.60859375 0.0546875 0.090625
0 0.2015625 0.66640625 0.096875 0.1984375
0 0.23671875 0.596875 0.0296875 0.0625
0 0.28671875 0.66328125 0.1078125 0.2140625
0 0.25625 0.58125 0.015625 0.03125
0 0.3078125 0.5828125 0.01875 0.03125
0 0.31875 0.565625 0.0125 0.00625
0 0.334375 0.60390625 0.0390625 0.075
0 0.3421875 0.5765625 0.009375 0.015625
0 0.3625 0.60234375 0.05 0.08125
0 0.38515625 0.578125 0.015625 0.0203125
0 0.40703125 0.66171875 0.1234375 0.215625
0 0.52578125 0.68125 0.1453125 0.2796875
0 0.571875 0.59296875 0.0359375 0.05625
0 0.6125 0.65859375 0.0515625 0.0921875
0 0.63671875 0.68671875 0.0359375 0.028125
0 0.5921875 0.57109375 0.021875 0.03125
0 0.60625 0.590625 0.03125 0.0546875
0 0.61796875 0.56640625 0.015625 0.015625
0 0.63125 0.61875 0.0578125 0.1046875
0 0.6453125 0.57578125 0.0171875 0.021875
0 0.6609375 0.603125 0.03125 0.0859375
0 0.68046875 0.615625 0.04375 0.084375
0 0.6828125 0.575 0.0265625 0.0296875
0 0.69453125 0.57265625 0.0125 0.0203125
0 0.70546875 0.58125 0.01875 0.0390625
0 0.75546875 0.728125 0.2625 0.371875
0 0.78203125 0.621875 0.0515625 0.1140625
0 0.79921875 0.60625 0.028125 0.0953125
0 0.81875 0.62421875 0.0359375 0.1015625
0 0.8203125 0.56640625 0.034375 0.0265625
0 0.84375 0.68203125 0.0984375 0.2671875
0 0.9265625 0.7 0.1421875 0.3234375
0 0.9703125 0.67890625 0.059375 0.2
0 0.6296875 0.571875 0.1734375 0.0390625
0 0.13359375 0.56484375 0.246875 0.0296875