0 0.659375 0.78515625 0.09375 0.3515625
0 0.69375 0.578125 0.075 0.2953125
0 0.5 0.725 0.10625 0.3453125
0 0.43828125 0.7171875 0.09375 0.3484375
0 0.19296875 0.79296875 0.125 0.3390625
0 0.22890625 0.82421875 0.1234375 0.271875
0 0.3515625 0.53046875 0.0515625 0.2953125
0 0.6 0.4828125 0.0671875 0.275
0 0.559375 0.4703125 0.0578125 0.2640625
0 0.58125 0.4625 0.0390625 0.2484375
0 0.09375 0.865625 0.071875 0.190625
0 0.146875 0.38203125 0.0703125 0.15
0 0.04296875 0.21953125 0.059375 0.1390625
0 0.1703125 0.14765625 0.053125 0.2046875
0 0.059375 0.18125 0.040625 0.1203125
0 0.0796875 0.3875 0.0546875 0.1453125
0 0.0546875 0.41171875 0.04375 0.0875
0 0.01640625 0.55703125 0.0328125 0.1953125
0 0.0515625 0.54453125 0.06875 0.2015625
0 0.1390625 0.5484375 0.0578125 0.1828125
0 0.19140625 0.54140625 0.0609375 0.1921875
0 0.2390625 0.54140625 0.0609375 0.171875
0 0.28125 0.51640625 0.065625 0.1859375
0 0.38984375 0.47578125 0.0453125 0.2703125
0 0.4546875 0.475 0.0609375 0.1875
0 0.634375 0.95234375 0.05 0.0921875
0 0.1140625 0.13984375 0.06875 0.2171875
0 0.01328125 0.3921875 0.0265625 0.171875
0 0.35078125 0.4890625 0.0796875 0.1546875