0 0.2015625 0.56015625 0.078125 0.2265625
0 0.2984375 0.534375 0.053125 0.171875
0 0.3484375 0.53125 0.046875 0.171875
0 0.359375 0.47265625 0.0234375 0.09375
0 0.3859375 0.47421875 0.0234375 0.0984375
0 0.4 0.52890625 0.0453125 0.178125
0 0.44140625 0.5625 0.0765625 0.2578125
0 0.4703125 0.4578125 0.0328125 0.0703125
0 0.50078125 0.49296875 0.03125 0.1
0 0.52421875 0.56328125 0.0703125 0.2484375
0 0.5375 0.56015625 0.04375 0.2484375
0 0.55703125 0.5234375 0.028125 0.146875
0 0.60546875 0.50546875 0.0390625 0.15
0 0.6578125 0.50078125 0.053125 0.15
0 0.71796875 0.5015625 0.0421875 0.1390625
0 0.82890625 0.48125 0.0390625 0.1203125
0 0.86171875 0.47265625 0.034375 0.1265625
0 0.89453125 0.46796875 0.0328125 0.1296875
0 0.8875 0.45234375 0.0234375 0.1015625
0 0.909375 0.46484375 0.0203125 0.1140625