0 0.12265625 0.54609375 0.059375 0.1390625
0 0.1546875 0.6953125 0.078125 0.3
0 0.1875 0.60078125 0.0484375 0.1921875
0 0.23984375 0.69765625 0.09375 0.371875
0 0.27109375 0.6375 0.0359375 0.2515625
0 0.2890625 0.6484375 0.0375 0.25
0 0.3109375 0.659375 0.0734375 0.3046875
0 0.34921875 0.6421875 0.053125 0.271875
0 0.40546875 0.6578125 0.06875 0.3328125
0 0.46328125 0.6046875 0.0609375 0.2296875
0 0.56953125 0.6453125 0.0578125 0.196875
0 0.53203125 0.79609375 0.2109375 0.4046875
0 0.67890625 0.77578125 0.234375 0.4453125
0 0.29765625 0.6921875 0.41875 0.4546875
0 0.59921875 0.521875 0.1859375 0.1234375
0 0.89609375 0.66640625 0.20625 0.29375