0 0.2671875 0.7421875 0.084375 0.5140625
0 0.165625 0.5046875 0.146875 0.2703125
0 0.171875 0.72578125 0.1640625 0.5453125
0 0.390625 0.6765625 0.059375 0.465625
0 0.365625 0.72109375 0.1046875 0.4984375
0 0.509375 0.62578125 0.18125 0.7453125
0 0.61015625 0.68125 0.0578125 0.4078125
0 0.63359375 0.55546875 0.015625 0.1109375
0 0.69375 0.51171875 0.0328125 0.1765625
0 0.72578125 0.665625 0.0859375 0.4375
0 0.72890625 0.72265625 0.1109375 0.553125
0 0.8125 0.6796875 0.0546875 0.3796875
0 0.88515625 0.73203125 0.146875 0.534375
0 0.928125 0.56328125 0.046875 0.1140625
0 0.9734375 0.69609375 0.0515625 0.4265625
0 0.32734375 0.525 0.20625 0.109375
0 0.81796875 0.49140625 0.059375 0.065625
0 0.91796875 0.5078125 0.009375 0.0296875
0 0.99375 0.509375 0.0109375 0.0671875