0 0.27734375 0.82890625 0.028125 0.128125
0 0.3125 0.80859375 0.0265625 0.1109375
0 0.35390625 0.8 0.0328125 0.1515625
0 0.37265625 0.81953125 0.04375 0.1125
0 0.4828125 0.61875 0.0265625 0.0859375
0 0.403125 0.765625 0.0203125 0.0765625
0 0.428125 0.76796875 0.046875 0.140625
0 0.440625 0.73515625 0.01875 0.0453125
0 0.4625 0.75703125 0.0359375 0.1375
0 0.4859375 0.75078125 0.0390625 0.15625
0 0.51953125 0.75234375 0.03125 0.1171875
0 0.546875 0.75859375 0.025 0.084375
0 0.578125 0.775 0.046875 0.125
0 0.58359375 0.76171875 0.01875 0.0890625
0 0.6078125 0.74375 0.0328125 0.128125
0 0.6265625 0.7640625 0.0359375 0.1296875
0 0.64296875 0.775 0.0234375 0.071875
0 0.54765625 0.83125 0.0296875 0.109375
0 0.6859375 0.78125 0.0375 0.1203125
0 0.7453125 0.8078125 0.0265625 0.0734375
0 0.76328125 0.80546875 0.015625 0.06875
0 0.525 0.909375 0.046875 0.1328125
0 0.496875 0.86796875 0.021875 0.05
0 0.478125 0.8734375 0.0375 0.0484375
0 0.4265625 0.909375 0.025 0.1
0 0.36171875 0.9140625 0.0375 0.115625
0 0.4171875 0.740625 0.028125 0.109375
0 0.23671875 0.825 0.015625 0.034375
0 0.21328125 0.85546875 0.0359375 0.075
0 0.18203125 0.8421875 0.015625 0.0546875
0 0.19296875 0.85390625 0.0234375 0.078125
0 0.14765625 0.86796875 0.0375 0.0859375
0 0.15703125 0.86640625 0.025 0.0859375
0 0.0984375 0.8734375 0.03125 0.078125
0 0.225 0.928125 0.053125 0.096875
0 0.38203125 0.94140625 0.0859375 0.1140625
0 0.4640625 0.93359375 0.0921875 0.13125
0 0.56875 0.92265625 0.084375 0.153125
0 0.5890625 0.91953125 0.109375 0.159375
0 0.64140625 0.91875 0.059375 0.134375
0 0.68984375 0.925 0.10625 0.146875
0 0.66328125 0.90078125 0.0234375 0.121875
0 0.77109375 0.9421875 0.109375 0.1140625
0 0.9046875 0.90703125 0.14375 0.184375
0 0.790625 0.928125 0.0578125 0.1359375
0 0.78671875 0.80703125 0.0328125 0.078125
0 0.7 0.85234375 0.03125 0.0515625
0 0.53046875 0.71640625 0.0109375 0.03125
0 0.565625 0.71171875 0.0203125 0.0390625
0 0.72265625 0.7984375 0.0203125 0.071875
0 0.73828125 0.7859375 0.0125 0.0359375
0 0.75078125 0.76953125 0.0078125 0.015625
0 0.39140625 0.7734375 0.015625 0.0578125
0 0.7359375 0.75546875 0.0109375 0.0203125
0 0.2203125 0.815625 0.025 0.03125
0 0.23203125 0.8578125 0.01875 0.05625
0 0.10234375 0.7953125 0.2046875 0.0546875
0 0.04140625 0.91015625 0.0828125 0.178125
0 0.10078125 0.9609375 0.0421875 0.075
0 0.125 0.8390625 0.025 0.0359375
0 0.27890625 0.946875 0.11875 0.103125
0 0.51640625 0.86328125 0.0078125 0.0375
0 0.7515625 0.8640625 0.0703125 0.0421875
0 0.771875 0.78046875 0.01875 0.0390625
0 0.85 0.78671875 0.0984375 0.115625
0 0.94921875 0.74921875 0.1 0.1328125
0 0.97421875 0.84453125 0.05 0.0625
0 0.790625 0.7578125 0.021875 0.0203125
0 0.17265625 0.953125 0.096875 0.090625