0 0.3828125 0.53203125 0.5828125 0.9328125
0 0.86015625 0.6359375 0.2765625 0.725
0 0.97421875 0.49453125 0.0484375 0.15625
0 0.7390625 0.56875 0.0390625 0.115625
0 0.4328125 0.65625 0.2890625 0.684375
0 0.040625 0.64296875 0.0328125 0.0796875
0 0.04140625 0.59921875 0.028125 0.0421875
0 0.08828125 0.63203125 0.0296875 0.08125
0 0.09609375 0.58359375 0.034375 0.0890625
0 0.11328125 0.61484375 0.0265625 0.034375
0 0.12421875 0.60625 0.0296875 0.075
0 0.14765625 0.60625 0.0328125 0.0859375
0 0.1703125 0.6234375 0.0375 0.0984375
0 0.20703125 0.62265625 0.040625 0.096875
0 0.18984375 0.603125 0.025 0.0703125
0 0.23984375 0.5953125 0.03125 0.08125
0 0.28671875 0.59453125 0.0421875 0.1328125
0 0.06484375 0.64140625 0.0265625 0.065625
0 0.653125 0.58984375 0.075 0.1046875