0 0.55703125 0.74140625 0.0390625 0.29375
0 0.47109375 0.7296875 0.046875 0.2265625
0 0.41875 0.74296875 0.075 0.4234375
0 0.4484375 0.71796875 0.0234375 0.1953125
0 0.3875 0.72578125 0.028125 0.25
0 0.35546875 0.73125 0.0359375 0.209375
0 0.37109375 0.71640625 0.0234375 0.2234375
0 0.33203125 0.725 0.0234375 0.1859375
0 0.3015625 0.7546875 0.059375 0.33125
0 0.27890625 0.74140625 0.053125 0.296875
0 0.23671875 0.73828125 0.0421875 0.26875
0 0.25234375 0.72890625 0.0296875 0.253125
0 0.21328125 0.73984375 0.0328125 0.24375
0 0.20546875 0.7203125 0.0328125 0.221875
0 0.1890625 0.7328125 0.025 0.2375
0 0.175 0.7328125 0.040625 0.2953125
0 0.15234375 0.7203125 0.0328125 0.2625
0 0.1109375 0.74609375 0.096875 0.471875
0 0.046875 0.740625 0.0515625 0.35
0 0.0171875 0.71953125 0.034375 0.3453125
0 0.34140625 0.7109375 0.015625 0.1578125
0 0.4296875 0.79453125 0.0390625 0.096875