0 0.9828125 0.71875 0.0328125 0.0875
0 0.84453125 0.8359375 0.0921875 0.325
0 0.6546875 0.84921875 0.2234375 0.2984375
0 0.30078125 0.8 0.071875 0.2
0 0.340625 0.7546875 0.0390625 0.121875
0 0.3875 0.75 0.0453125 0.121875
0 0.428125 0.74453125 0.046875 0.125
0 0.465625 0.7625 0.0515625 0.1875
0 0.5078125 0.74453125 0.028125 0.1515625
0 0.575 0.77890625 0.0578125 0.1921875
0 0.621875 0.7203125 0.0390625 0.115625
0 0.70078125 0.74453125 0.065625 0.1515625
0 0.7140625 0.69921875 0.028125 0.0609375
0 0.3984375 0.7140625 0.0234375 0.06875
0 0.365625 0.74296875 0.028125 0.121875
0 0.6046875 0.7296875 0.0234375 0.1359375
0 0.390625 0.684375 0.0453125 0.03125
0 0.43984375 0.6875 0.034375 0.0375
0 0.47578125 0.68125 0.01875 0.034375
0 0.6546875 0.67890625 0.04375 0.0375
0 0.7421875 0.6859375 0.021875 0.034375
0 0.70234375 0.6859375 0.0125 0.0375
0 0.8390625 0.67578125 0.025 0.0453125
0 0.58046875 0.678125 0.028125 0.0359375
0 0.9453125 0.87421875 0.1078125 0.246875