0 0.01875 0.590625 0.0375 0.3828125
0 0.125 0.47421875 0.05 0.1859375
0 0.1421875 0.5703125 0.08125 0.390625
0 0.1359375 0.68125 0.1703125 0.45625
0 0.2125 0.578125 0.09375 0.359375
0 0.18984375 0.4171875 0.04375 0.103125
0 0.265625 0.55546875 0.05625 0.3328125
0 0.2734375 0.61640625 0.04375 0.265625
0 0.31328125 0.59296875 0.078125 0.3703125
0 0.334375 0.5734375 0.0609375 0.3140625
0 0.3296875 0.6125 0.0703125 0.3859375
0 0.3921875 0.628125 0.1 0.3953125
0 0.3984375 0.453125 0.0359375 0.084375
0 0.45 0.55078125 0.0828125 0.3703125
0 0.5359375 0.48828125 0.084375 0.1671875
0 0.5359375 0.60859375 0.09375 0.390625
0 0.60703125 0.57890625 0.0671875 0.3484375
0 0.640625 0.59375 0.078125 0.35
0 0.7015625 0.571875 0.0671875 0.3671875
0 0.7375 0.6171875 0.0875 0.434375
0 0.7421875 0.5921875 0.109375 0.3953125
0 0.803125 0.49921875 0.1328125 0.2703125
0 0.8359375 0.60703125 0.096875 0.4515625
0 0.88515625 0.60859375 0.0953125 0.371875
0 0.76015625 0.44375 0.015625 0.0578125
0 0.72109375 0.74375 0.0921875 0.125