0 0.29453125 0.96484375 0.078125 0.06875
0 0.29765625 0.92265625 0.0625 0.096875
0 0.434375 0.95859375 0.0859375 0.0796875
0 0.2921875 0.84765625 0.0890625 0.15
0 0.36953125 0.8671875 0.0796875 0.203125
0 0.46171875 0.84609375 0.0765625 0.1890625
0 0.55546875 0.83203125 0.0703125 0.175
0 0.6234375 0.81953125 0.075 0.16875
0 0.2828125 0.765625 0.0828125 0.0859375
0 0.2015625 0.7625 0.0921875 0.15625
0 0.28203125 0.71484375 0.0390625 0.0890625
0 0.35234375 0.76328125 0.0734375 0.1671875
0 0.42109375 0.73203125 0.0765625 0.1453125
0 0.36328125 0.6828125 0.04375 0.0765625
0 0.39609375 0.71640625 0.0390625 0.1578125
0 0.45703125 0.7171875 0.0578125 0.15
0 0.53046875 0.715625 0.059375 0.140625
0 0.45703125 0.63671875 0.05625 0.075
0 0.49140625 0.64453125 0.03125 0.0875
0 0.5203125 0.63046875 0.053125 0.0890625
0 0.56875 0.65703125 0.0390625 0.0859375
0 0.48203125 0.6109375 0.03125 0.09375
0 0.55234375 0.5515625 0.0359375 0.059375
0 0.5796875 0.54609375 0.0328125 0.059375
0 0.596875 0.56328125 0.034375 0.078125
0 0.5359375 0.48203125 0.021875 0.0453125
0 0.61484375 0.5765625 0.0265625 0.040625
0 0.62734375 0.665625 0.0265625 0.0796875
0 0.24921875 0.70234375 0.0296875 0.04375
0 0.33515625 0.671875 0.0328125 0.0734375
0 0.57734375 0.4828125 0.2015625 0.1734375
0 0.61640625 0.665625 0.025 0.0359375
0 0.47109375 0.94453125 0.4375 0.109375
0 0.41640625 0.64921875 0.028125 0.0265625