0 0.1234375 0.5921875 0.246875 0.8125
0 0.09140625 0.4015625 0.1734375 0.6625
0 0.16796875 0.2390625 0.1109375 0.2875
0 0.22578125 0.57109375 0.20625 0.8546875
0 0.3765625 0.6 0.184375 0.796875
0 0.33671875 0.2046875 0.175 0.3578125
0 0.409375 0.240625 0.1484375 0.328125
0 0.52265625 0.565625 0.209375 0.865625
0 0.64375 0.565625 0.140625 0.84375
0 0.7203125 0.24765625 0.0890625 0.196875
0 0.75234375 0.61875 0.178125 0.759375
0 0.88671875 0.59921875 0.171875 0.7984375
0 0.8234375 0.265625 0.09375 0.3265625
0 0.8984375 0.1671875 0.1109375 0.19375
0 0.9453125 0.296875 0.1078125 0.340625
0 0.96171875 0.61171875 0.0734375 0.7734375
0 0.82890625 0.1109375 0.3359375 0.096875
0 0.5375 0.134375 0.140625 0.0546875
0 0.3859375 0.1515625 0.04375 0.08125
0 0.26015625 0.15078125 0.0921875 0.0703125
0 0.1328125 0.16328125 0.0546875 0.071875