0 0.975 0.77890625 0.0203125 0.034375
0 0.95390625 0.77578125 0.0234375 0.040625
0 0.8984375 0.775 0.0203125 0.0671875
0 0.87890625 0.775 0.021875 0.0671875
0 0.85078125 0.7671875 0.021875 0.09375
0 0.83125 0.78359375 0.0140625 0.046875
0 0.80234375 0.76953125 0.0265625 0.0890625
0 0.81171875 0.7875 0.0109375 0.0390625
0 0.76796875 0.77265625 0.015625 0.0734375
0 0.753125 0.77578125 0.0109375 0.065625
0 0.7421875 0.771875 0.0234375 0.084375
0 0.725 0.77265625 0.0203125 0.075
0 0.71328125 0.775 0.0125 0.0734375
0 0.70390625 0.77421875 0.015625 0.0765625
0 0.6984375 0.771875 0.0203125 0.0796875
0 0.69140625 0.778125 0.0203125 0.0671875
0 0.675 0.7703125 0.0234375 0.0890625
0 0.653125 0.79140625 0.0125 0.034375
0 0.64296875 0.79375 0.0078125 0.0265625
0 0.621875 0.775 0.0234375 0.075
0 0.60625 0.77265625 0.01875 0.075
0 0.5796875 0.7609375 0.028125 0.1171875
0 0.57890625 0.7671875 0.0359375 0.103125
0 0.5015625 0.78671875 0.0046875 0.0125
0 0.50234375 0.79453125 0.00625 0.021875
0 0.48046875 0.76171875 0.0234375 0.1125
0 0.47109375 0.79296875 0.009375 0.0296875
0 0.45859375 0.796875 0.0078125 0.0234375
0 0.44296875 0.7953125 0.0078125 0.0265625
0 0.4390625 0.7953125 0.00625 0.0265625
0 0.43125 0.79453125 0.0078125 0.0265625
0 0.4140625 0.76953125 0.025 0.0984375
0 0.390625 0.7640625 0.034375 0.1078125
0 0.365625 0.79453125 0.0078125 0.0265625
0 0.35390625 0.76875 0.0203125 0.084375
0 0.33515625 0.7734375 0.0203125 0.075
0 0.34609375 0.79453125 0.00625 0.03125
0 0.3109375 0.79140625 0.0078125 0.03125
0 0.303125 0.7921875 0.00625 0.028125
0 0.2796875 0.79140625 0.0078125 0.0296875
0 0.26015625 0.7671875 0.01875 0.09375
0 0.25 0.76640625 0.0125 0.09375
0 0.2296875 0.753125 0.046875 0.1734375
0 0.22734375 0.74765625 0.0265625 0.1734375
0 0.153125 0.7484375 0.0453125 0.184375
0 0.11484375 0.75078125 0.0390625 0.171875
0 0.08984375 0.7640625 0.03125 0.1015625
0 0.184375 0.79140625 0.0109375 0.028125
0 0.1703125 0.790625 0.009375 0.0296875
0 0.13046875 0.784375 0.0109375 0.040625
0 0.07265625 0.78984375 0.009375 0.0296875
0 0.053125 0.78984375 0.0125 0.0296875
0 0.03359375 0.78125 0.015625 0.065625
0 0.021875 0.78125 0.015625 0.046875
0 0.01328125 0.76796875 0.0265625 0.0921875
0 0.04296875 0.79453125 0.015625 0.01875
0 0.028125 0.796875 0.0046875 0.0140625
0 0.0703125 0.7796875 0.0046875 0.0078125
0 0.0984375 0.728125 0.00625 0.0078125
0 0.18828125 0.79453125 0.00625 0.015625
0 0.19765625 0.796875 0.00625 0.0140625
0 0.284375 0.7921875 0.00625 0.0234375
0 0.59375 0.79609375 0.009375 0.0234375
0 0.6078125 0.79765625 0.0046875 0.0203125
0 0.665625 0.79296875 0.0109375 0.0328125
0 0.87421875 0.79453125 0.00625 0.021875
0 0.3296875 0.74453125 0.0046875 0.009375
0 0.32578125 0.75546875 0.0015625 0.0046875
0 0.16640625 0.80234375 0.0078125 0.0109375
0 0.1453125 0.8078125 0.00625 0.0078125
0 0.003125 0.74453125 0.00625 0.0203125
0 0.425 0.79375 0.0078125 0.028125
0 0.7859375 0.79375 0.03125 0.028125
0 0.91171875 0.78828125 0.0203125 0.0375
0 0.93203125 0.78125 0.01875 0.0234375
0 0.89140625 0.78359375 0.0109375 0.03125