0 0.13046875 0.8125 0.05625 0.1015625
0 0.1453125 0.90078125 0.0921875 0.1953125
0 0.24765625 0.89609375 0.1 0.2046875
0 0.1734375 0.82421875 0.0390625 0.0984375
0 0.203125 0.8671875 0.04375 0.1421875
0 0.2546875 0.8171875 0.0453125 0.0859375
0 0.2984375 0.828125 0.0421875 0.15
0 0.3265625 0.8671875 0.05625 0.1984375
0 0.35234375 0.83515625 0.0296875 0.153125
0 0.371875 0.859375 0.034375 0.209375
0 0.3953125 0.88671875 0.0671875 0.2234375
0 0.42890625 0.83359375 0.0359375 0.15
0 0.4546875 0.8484375 0.0484375 0.19375
0 0.50234375 0.87734375 0.0796875 0.2421875
0 0.56015625 0.803125 0.0375 0.084375
0 0.58828125 0.81015625 0.0265625 0.090625
0 0.559375 0.8703125 0.0421875 0.1109375
0 0.58203125 0.84765625 0.03125 0.059375
0 0.6109375 0.90703125 0.0515625 0.14375
0 0.6359375 0.859375 0.028125 0.075
0 0.6734375 0.7875 0.0359375 0.065625
0 0.7046875 0.8515625 0.0515625 0.1609375
0 0.72421875 0.825 0.034375 0.1265625
0 0.68671875 0.9234375 0.05625 0.15
0 0.69453125 0.90859375 0.0609375 0.140625
0 0.74140625 0.9234375 0.0546875 0.15
0 0.740625 0.80078125 0.03125 0.1125
0 0.77109375 0.7953125 0.0296875 0.0765625
0 0.7796875 0.86484375 0.046875 0.1796875
0 0.8109375 0.88515625 0.059375 0.2140625
0 0.8390625 0.84140625 0.0328125 0.134375
0 0.8546875 0.88203125 0.065625 0.2203125
0 0.90234375 0.7953125 0.028125 0.0578125
0 0.9203125 0.81015625 0.0328125 0.0765625
0 0.9359375 0.87421875 0.1015625 0.2046875
0 0.94765625 0.89140625 0.075 0.1671875
0 0.1671875 0.2921875 0.1171875 0.2359375
0 0.79765625 0.5359375 0.040625 0.1328125
0 0.93125 0.74609375 0.1359375 0.1953125
0 0.26328125 0.803125 0.4546875 0.15
0 0.67578125 0.790625 0.3765625 0.1328125
0 0.60234375 0.91484375 0.0328125 0.1203125