0 0.81875 0.609375 0.146875 0.6515625
0 0.7109375 0.60390625 0.09375 0.5734375
0 0.6375 0.54453125 0.090625 0.5390625
0 0.5796875 0.54375 0.0671875 0.5015625
0 0.5296875 0.4890625 0.0828125 0.3265625
0 0.478125 0.48671875 0.04375 0.328125
0 0.44375 0.496875 0.0734375 0.303125
0 0.44140625 0.375 0.059375 0.1328125
0 0.3796875 0.48515625 0.0765625 0.3203125
0 0.31796875 0.54453125 0.0703125 0.478125
0 0.29375 0.34140625 0.0390625 0.0953125
0 0.2640625 0.56953125 0.0734375 0.4671875
0 0.20546875 0.56640625 0.078125 0.5015625
0 0.12265625 0.5921875 0.05625 0.228125
0 0.04921875 0.58828125 0.046875 0.2234375
0 0.0125 0.6140625 0.025 0.2796875
0 0.50234375 0.35703125 0.0265625 0.075
0 0.4046875 0.3875 0.0359375 0.0546875