0 0.71796875 0.14765625 0.0125 0.03125
0 0.70703125 0.18671875 0.015625 0.046875
0 0.7640625 0.159375 0.0109375 0.0171875
0 0.75234375 0.14765625 0.0109375 0.0265625
0 0.72265625 0.5515625 0.025 0.0546875
0 0.75859375 0.55234375 0.028125 0.0578125
0 0.759375 0.60234375 0.0328125 0.096875
0 0.79609375 0.6046875 0.034375 0.10625
0 0.83828125 0.6015625 0.0296875 0.04375
0 0.87109375 0.73671875 0.0359375 0.121875
0 0.72421875 0.6984375 0.0296875 0.128125
0 0.7375 0.72265625 0.0359375 0.13125
0 0.76953125 0.68359375 0.0375 0.1171875
0 0.81328125 0.65859375 0.0328125 0.0625
0 0.81796875 0.70390625 0.0265625 0.125
0 0.796875 0.72734375 0.034375 0.11875
0 0.78515625 0.74609375 0.05 0.1359375
0 0.73125 0.79921875 0.0375 0.0765625
0 0.7359375 0.84765625 0.04375 0.1265625
0 0.71953125 0.9 0.046875 0.14375
0 0.8234375 0.83984375 0.046875 0.1484375
0 0.90546875 0.8765625 0.0390625 0.10625
0 0.85625 0.8953125 0.040625 0.14375
0 0.8015625 0.92109375 0.040625 0.140625
0 0.92578125 0.96171875 0.03125 0.075
0 0.75859375 0.95703125 0.0453125 0.084375
0 0.7765625 0.9609375 0.0359375 0.0765625
0 0.83828125 0.9765625 0.0609375 0.0453125
0 0.72578125 0.74609375 0.04375 0.0703125
0 0.75234375 0.16171875 0.0125 0.0375
0 0.76953125 0.15625 0.009375 0.01875
0 0.90234375 0.825 0.0171875 0.021875
0 0.9484375 0.98125 0.025 0.0359375
0 0.72421875 0.11015625 0.0203125 0.01875