0 0.47109375 0.590625 0.1828125 0.371875
0 0.59375 0.5578125 0.115625 0.434375
0 0.74921875 0.509375 0.103125 0.496875
0 0.72109375 0.50234375 0.140625 0.4734375
0 0.63359375 0.471875 0.0625 0.346875
0 0.54140625 0.415625 0.084375 0.2578125
0 0.49609375 0.40078125 0.05625 0.2078125
0 0.42890625 0.38984375 0.0953125 0.2796875
0 0.35859375 0.5015625 0.096875 0.475
0 0.265625 0.49296875 0.1421875 0.45
0 0.21328125 0.5078125 0.134375 0.5265625
0 0.2546875 0.57890625 0.146875 0.434375
0 0.3765625 0.56875 0.1078125 0.409375