0 0.090625 0.61328125 0.10625 0.7234375
0 0.15078125 0.65 0.1359375 0.696875
0 0.23359375 0.64921875 0.1015625 0.678125
0 0.2828125 0.615625 0.071875 0.64375
0 0.33125 0.6609375 0.134375 0.675
0 0.403125 0.5953125 0.090625 0.7109375
0 0.46015625 0.5734375 0.1046875 0.6265625
0 0.51953125 0.625 0.11875 0.628125
0 0.56015625 0.3734375 0.04375 0.1078125
0 0.5890625 0.3828125 0.0625 0.1375
0 0.63203125 0.65 0.13125 0.61875
0 0.6859375 0.6140625 0.071875 0.59375
0 0.759375 0.64765625 0.1421875 0.65
0 0.815625 0.62578125 0.078125 0.6375
0 0.88046875 0.6734375 0.1421875 0.65