0 0.66484375 0.7625 0.1796875 0.471875
0 0.4953125 0.77890625 0.10625 0.4390625
0 0.38203125 0.784375 0.1671875 0.4265625
0 0.31015625 0.7859375 0.15625 0.425
0 0.2859375 0.48125 0.1234375 0.6078125
0 0.39921875 0.5296875 0.06875 0.2953125
0 0.49453125 0.603125 0.1453125 0.475
0 0.54765625 0.5890625 0.1140625 0.4453125
0 0.5671875 0.53671875 0.06875 0.3515625
0 0.63203125 0.54765625 0.10625 0.3515625
0 0.70390625 0.53671875 0.1078125 0.3203125
0 0.7265625 0.44375 0.078125 0.4125
0 0.64140625 0.2375 0.078125 0.2953125
0 0.58984375 0.2890625 0.10625 0.3140625
0 0.54765625 0.2171875 0.0625 0.1671875
0 0.48515625 0.12734375 0.0359375 0.071875
0 0.4265625 0.2875 0.065625 0.39375
0 0.3640625 0.34453125 0.109375 0.5125