0 0.9125 0.7265625 0.171875 0.54375
0 0.77578125 0.73828125 0.2609375 0.521875
0 0.796875 0.6046875 0.11875 0.3515625
0 0.8421875 0.47421875 0.084375 0.2265625
0 0.765625 0.45078125 0.121875 0.2
0 0.62421875 0.66484375 0.1609375 0.4703125
0 0.57109375 0.6796875 0.1625 0.484375
0 0.3921875 0.69765625 0.2171875 0.6046875
0 0.2109375 0.70078125 0.1625 0.5984375
0 0.08203125 0.67734375 0.1640625 0.5796875
0 0.67578125 0.4375 0.065625 0.1625
0 0.6234375 0.38046875 0.0625 0.1578125
0 0.54921875 0.475 0.078125 0.2078125
0 0.596875 0.3484375 0.05 0.128125
0 0.56484375 0.38125 0.0765625 0.1515625
0 0.49375 0.55703125 0.1015625 0.3875
0 0.5140625 0.36328125 0.0515625 0.121875
0 0.46953125 0.3703125 0.053125 0.1484375
0 0.3875 0.55625 0.1390625 0.31875
0 0.41796875 0.375 0.04375 0.0984375
0 0.42265625 0.34921875 0.071875 0.10625
0 0.340625 0.5 0.0859375 0.340625
0 0.290625 0.58828125 0.0828125 0.459375
0 0.27734375 0.38203125 0.0796875 0.13125
0 0.9125 0.46640625 0.0328125 0.071875
0 0.93828125 0.4984375 0.0203125 0.0765625
0 0.96328125 0.49765625 0.0203125 0.078125
0 0.990625 0.50703125 0.0171875 0.059375
0 0.97734375 0.5125 0.0140625 0.046875
0 0.95078125 0.525 0.0078125 0.0234375
0 0.99296875 0.5078125 0.0078125 0.05625
0 0.996875 0.5015625 0.00625 0.1046875
0 0.97265625 0.5125 0.0109375 0.0734375
0 0.93359375 0.4703125 0.0046875 0.0171875
0 0.69921875 0.43828125 0.009375 0.0546875
0 0.68515625 0.434375 0.0109375 0.0375
0 0.20859375 0.4640625 0.0140625 0.06875
0 0.19609375 0.46484375 0.009375 0.0640625
0 0.1875 0.4640625 0.0109375 0.0703125
0 0.17421875 0.45703125 0.0140625 0.0640625
0 0.18046875 0.4578125 0.0078125 0.05
0 0.165625 0.4625 0.0078125 0.0546875
0 0.15625 0.46328125 0.0140625 0.053125
0 0.14453125 0.4609375 0.009375 0.059375
0 0.15 0.4671875 0.0078125 0.059375
0 0.203125 0.465625 0.015625 0.071875
0 0.16171875 0.4625 0.0078125 0.0546875
0 0.13515625 0.45625 0.0140625 0.0671875
0 0.95 0.49609375 0.0078125 0.021875