0 0.09921875 0.54140625 0.1296875 0.371875
0 0.3171875 0.54921875 0.04375 0.325
0 0.3734375 0.5546875 0.0796875 0.3265625
0 0.43359375 0.503125 0.05 0.2046875
0 0.565625 0.5640625 0.078125 0.2703125
0 0.6109375 0.4984375 0.0640625 0.1640625
0 0.59140625 0.58203125 0.1359375 0.290625
0 0.63984375 0.578125 0.178125 0.3609375
0 0.69921875 0.57421875 0.1515625 0.375
0 0.7453125 0.546875 0.1609375 0.3078125
0 0.78515625 0.58828125 0.1984375 0.4578125
0 0.85703125 0.59921875 0.209375 0.5078125
0 0.88984375 0.6203125 0.21875 0.58125
0 0.3375 0.396875 0.059375 0.1296875
0 0.40078125 0.41953125 0.0578125 0.2140625
0 0.44765625 0.4046875 0.0421875 0.10625
0 0.58671875 0.4125 0.0625 0.146875
0 0.6359375 0.40390625 0.0546875 0.1296875
0 0.68828125 0.40703125 0.046875 0.103125
0 0.8203125 0.3859375 0.0421875 0.103125
0 0.471875 0.49609375 0.1625 0.609375
0 0.22890625 0.4890625 0.21875 0.9640625
0 0.73046875 0.378125 0.0484375 0.065625
0 0.7734375 0.40859375 0.0375 0.109375
0 0.94453125 0.78125 0.090625 0.13125
0 0.01640625 0.55703125 0.0328125 0.3453125
0 0.94921875 0.40390625 0.071875 0.115625
0 0.8875 0.3453125 0.0375 0.046875
0 0.83125 0.45546875 0.040625 0.1015625
0 0.665625 0.45546875 0.0734375 0.078125
0 0.54765625 0.42109375 0.0203125 0.05