0 0.13515625 0.46953125 0.1359375 0.5328125
0 0.19140625 0.48203125 0.115625 0.4546875
0 0.2125 0.4875 0.0734375 0.4421875
0 0.2671875 0.49140625 0.1265625 0.5234375
0 0.5578125 0.46875 0.2 0.678125
0 0.665625 0.5328125 0.0828125 0.4546875
0 0.6921875 0.559375 0.109375 0.421875
0 0.8046875 0.52265625 0.2171875 0.578125
0 0.92265625 0.5703125 0.0578125 0.4046875
0 0.32109375 0.6375 0.1 0.184375
0 0.9734375 0.54375 0.053125 0.5359375
0 0.5515625 0.6375 0.140625 0.2078125
0 0.52421875 0.38984375 0.028125 0.0859375