0 0.2734375 0.62578125 0.1140625 0.7453125
0 0.35546875 0.62578125 0.103125 0.7453125
0 0.453125 0.65078125 0.1203125 0.6953125
0 0.5671875 0.61640625 0.128125 0.7640625
0 0.65078125 0.6515625 0.0890625 0.69375
0 0.71640625 0.6546875 0.075 0.6875
0 0.790625 0.64140625 0.0859375 0.7140625
0 0.7390625 0.6421875 0.0453125 0.7125
0 0.75078125 0.26953125 0.0421875 0.178125
0 0.66796875 0.32265625 0.0578125 0.2453125
0 0.6109375 0.3515625 0.0515625 0.2375
0 0.5203125 0.65234375 0.0703125 0.6921875
0 0.5609375 0.28828125 0.0875 0.2796875
0 0.4828125 0.35390625 0.0484375 0.2953125
0 0.41640625 0.62109375 0.06875 0.7546875
0 0.39765625 0.30703125 0.0484375 0.234375
0 0.3234375 0.37734375 0.034375 0.175
0 0.2875 0.3203125 0.078125 0.2578125
0 0.21953125 0.60859375 0.0890625 0.7796875
0 0.50390625 0.18359375 0.0609375 0.3265625