0 0.05390625 0.63984375 0.1078125 0.7171875
0 0.090625 0.6453125 0.05625 0.7078125
0 0.140625 0.64375 0.1171875 0.7109375
0 0.203125 0.63046875 0.0609375 0.7375
0 0.26328125 0.61484375 0.153125 0.76875
0 0.38125 0.63203125 0.15625 0.734375
0 0.31015625 0.321875 0.0671875 0.1796875
0 0.36171875 0.325 0.115625 0.2171875
0 0.43203125 0.421875 0.08125 0.4265625
0 0.459375 0.425 0.0734375 0.3515625
0 0.52109375 0.60546875 0.1484375 0.7890625
0 0.58828125 0.4375 0.065625 0.428125
0 0.58984375 0.221875 0.103125 0.2875
0 0.6671875 0.57734375 0.1609375 0.84375
0 0.73671875 0.59921875 0.0765625 0.8015625
0 0.79765625 0.6046875 0.1625 0.7890625
0 0.86953125 0.6 0.103125 0.7890625
0 0.93515625 0.60546875 0.1296875 0.7890625
0 0.49375 0.70390625 0.209375 0.5921875