0 0.91875 0.625 0.0859375 0.253125
0 0.796875 0.60234375 0.0625 0.2125
0 0.75390625 0.60703125 0.053125 0.228125
0 0.703125 0.54609375 0.0421875 0.1640625
0 0.63203125 0.64375 0.0984375 0.3765625
0 0.66875 0.625 0.1015625 0.371875
0 0.51953125 0.56328125 0.05 0.215625
0 0.30078125 0.671875 0.1390625 0.4734375
0 0.31171875 0.61484375 0.1140625 0.4171875
0 0.25546875 0.48828125 0.0421875 0.1359375
0 0.2234375 0.6625 0.0703125 0.38125
0 0.16015625 0.63671875 0.209375 0.540625
0 0.02890625 0.53515625 0.0578125 0.2109375
0 0.01015625 0.4515625 0.0203125 0.059375
0 0.078125 0.52109375 0.0640625 0.19375
0 0.115625 0.45390625 0.03125 0.059375
0 0.21015625 0.46328125 0.0265625 0.046875
0 0.0578125 0.44609375 0.0359375 0.025
0 0.13984375 0.45390625 0.025 0.03125
0 0.23515625 0.44609375 0.028125 0.028125
0 0.0015625 0.44765625 0.003125 0.021875