0 0.08046875 0.83046875 0.1609375 0.315625
0 0.0875 0.77890625 0.1109375 0.3046875
0 0.1609375 0.74375 0.121875 0.3703125
0 0.2421875 0.7421875 0.0953125 0.35
0 0.32421875 0.7265625 0.140625 0.375
0 0.90703125 0.70703125 0.159375 0.3453125
0 0.034375 0.59921875 0.06875 0.2296875
0 0.09296875 0.5828125 0.11875 0.196875
0 0.9515625 0.73046875 0.0671875 0.2734375
0 0.965625 0.57578125 0.0671875 0.296875
0 0.93125 0.52265625 0.0703125 0.1765625
0 0.88046875 0.54375 0.053125 0.1046875
0 0.7734375 0.49140625 0.0796875 0.1328125
0 0.6984375 0.4890625 0.0890625 0.1328125
0 0.6265625 0.50703125 0.0875 0.0984375
0 0.553125 0.5203125 0.0625 0.0859375
0 0.47109375 0.4859375 0.109375 0.1265625
0 0.38046875 0.659375 0.103125 0.496875
0 0.25 0.33046875 0.09375 0.171875
0 0.640625 0.52578125 0.709375 0.296875
0 0.15 0.3703125 0.2734375 0.1328125
0 0.14765625 0.53125 0.28125 0.0828125