0 0.93671875 0.5796875 0.125 0.4828125
0 0.9015625 0.534375 0.0703125 0.46875
0 0.7625 0.54921875 0.109375 0.5125
0 0.82578125 0.52578125 0.0875 0.5015625
0 0.60703125 0.559375 0.1046875 0.51875
0 0.4953125 0.61015625 0.146875 0.5765625
0 0.56015625 0.5203125 0.05 0.34375
0 0.5296875 0.3703125 0.0515625 0.09375
0 0.44453125 0.50546875 0.0640625 0.3828125
0 0.40703125 0.4453125 0.04375 0.24375
0 0.3296875 0.51953125 0.09375 0.46875
0 0.3734375 0.52421875 0.05 0.3875
0 0.215625 0.51328125 0.09375 0.4140625
0 0.2453125 0.496875 0.05625 0.3625
0 0.13984375 0.50859375 0.0796875 0.3859375
0 0.14921875 0.3640625 0.053125 0.115625
0 0.06171875 0.4734375 0.0671875 0.3
0 0.10078125 0.45 0.0390625 0.2953125
0 0.0359375 0.44375 0.046875 0.321875
0 0.96796875 0.55234375 0.0625 0.4265625
0 0.0453125 0.33125 0.05625 0.0734375
0 0.27265625 0.43671875 0.065625 0.3
0 0.31875 0.31875 0.034375 0.071875
0 0.4859375 0.31328125 0.0421875 0.04375
0 0.6671875 0.3828125 0.1171875 0.1515625
0 0.85859375 0.459375 0.0546875 0.3484375
0 0.94296875 0.3109375 0.1125 0.065625
0 0.16796875 0.328125 0.053125 0.05
0 0.4375 0.31328125 0.0234375 0.05