0 0.03515625 0.56328125 0.0703125 0.215625
0 0.11171875 0.546875 0.0453125 0.1734375
0 0.06875 0.63515625 0.1375 0.4234375
0 0.16796875 0.50859375 0.04375 0.140625
0 0.14921875 0.61015625 0.0828125 0.3671875
0 0.1484375 0.46796875 0.0265625 0.0703125
0 0.22578125 0.60546875 0.0890625 0.321875
0 0.25234375 0.66953125 0.059375 0.215625
0 0.29140625 0.653125 0.040625 0.203125
0 0.3203125 0.6671875 0.05625 0.203125
0 0.32578125 0.57890625 0.04375 0.078125
0 0.36640625 0.61953125 0.0390625 0.1140625
0 0.3765625 0.634375 0.04375 0.0796875
0 0.37734375 0.74375 0.04375 0.0671875
0 0.40234375 0.6390625 0.0453125 0.1953125
0 0.44453125 0.6453125 0.046875 0.2015625
0 0.50078125 0.66875 0.0546875 0.221875
0 0.559375 0.63046875 0.059375 0.225
0 0.60390625 0.628125 0.0484375 0.21875
0 0.6359375 0.6515625 0.046875 0.2140625
0 0.6453125 0.63125 0.046875 0.2265625
0 0.68203125 0.63515625 0.0421875 0.209375
0 0.66796875 0.52890625 0.034375 0.0890625
0 0.715625 0.634375 0.0421875 0.190625
0 0.73984375 0.62890625 0.040625 0.0859375
0 0.7578125 0.60703125 0.0390625 0.128125
0 0.73828125 0.734375 0.03125 0.0484375
0 0.79453125 0.69140625 0.078125 0.125
0 0.78984375 0.578125 0.04375 0.1171875
0 0.8328125 0.56953125 0.053125 0.1328125
0 0.84296875 0.696875 0.0484375 0.1515625
0 0.83203125 0.70390625 0.103125 0.2359375
0 0.95859375 0.55078125 0.0640625 0.1765625
0 0.9390625 0.6171875 0.1078125 0.3515625
0 0.8890625 0.58984375 0.08125 0.3546875
0 0.83359375 0.4703125 0.0375 0.090625
0 0.81328125 0.4921875 0.096875 0.159375
0 0.7265625 0.5 0.08125 0.1921875
0 0.6828125 0.471875 0.0515625 0.11875
0 0.64375 0.48125 0.046875 0.1265625
0 0.62109375 0.4875 0.0828125 0.1671875
0 0.571875 0.4765625 0.0375 0.096875
0 0.54609375 0.57265625 0.0625 0.2734375
0 0.4890625 0.5625 0.0625 0.296875
0 0.4234375 0.50078125 0.103125 0.209375
0 0.3546875 0.521875 0.053125 0.1578125
0 0.35859375 0.46796875 0.04375 0.0609375
0 0.31171875 0.50625 0.059375 0.153125
0 0.27578125 0.49140625 0.06875 0.1421875
0 0.2140625 0.47109375 0.0625 0.0890625
0 0.171875 0.6875 0.04375 0.134375