0 0.903125 0.88046875 0.1921875 0.2359375
0 0.74765625 0.65 0.19375 0.515625
0 0.85234375 0.5015625 0.0765625 0.2921875
0 0.51796875 0.6234375 0.1140625 0.4625
0 0.61015625 0.55234375 0.096875 0.340625
0 0.6515625 0.47109375 0.05 0.2
0 0.75234375 0.41328125 0.078125 0.159375
0 0.72109375 0.403125 0.0296875 0.0765625
0 0.6328125 0.3828125 0.046875 0.0859375
0 0.66328125 0.37109375 0.028125 0.071875
0 0.5921875 0.41953125 0.071875 0.1171875
0 0.56328125 0.38671875 0.046875 0.1265625
0 0.5078125 0.3953125 0.0625 0.159375
0 0.45703125 0.44765625 0.0546875 0.20625
0 0.4015625 0.44296875 0.071875 0.25
0 0.059375 0.45859375 0.0796875 0.2578125
0 0.046875 0.34296875 0.034375 0.1125
0 0.159375 0.38046875 0.0359375 0.1296875
0 0.4875 0.3515625 0.0203125 0.040625
0 0.4421875 0.3640625 0.0265625 0.0546875
0 0.45234375 0.3609375 0.01875 0.04375
0 0.41875 0.43671875 0.05625 0.2359375