0 0.09296875 0.81015625 0.075 0.2046875
0 0.15703125 0.8109375 0.0765625 0.196875
0 0.14296875 0.80546875 0.0453125 0.190625
0 0.1875 0.7921875 0.0484375 0.1875
0 0.2203125 0.8015625 0.0578125 0.2171875
0 0.02578125 0.7296875 0.0265625 0.0703125
0 0.01953125 0.72734375 0.028125 0.0625
0 0.05078125 0.746875 0.0453125 0.1265625
0 0.078125 0.746875 0.028125 0.0984375
0 0.09921875 0.72265625 0.025 0.0515625
0 0.13359375 0.73125 0.025 0.071875
0 0.25390625 0.76640625 0.028125 0.128125
0 0.2765625 0.75546875 0.0375 0.134375
0 0.29296875 0.7734375 0.04375 0.1328125
0 0.31875 0.7578125 0.028125 0.140625
0 0.33359375 0.74453125 0.0234375 0.0828125
0 0.365625 0.79765625 0.0546875 0.221875
0 0.39609375 0.7625 0.0203125 0.1234375
0 0.4015625 0.746875 0.0203125 0.1046875
0 0.41796875 0.75 0.025 0.121875
0 0.43203125 0.7390625 0.034375 0.0890625
0 0.44921875 0.796875 0.1046875 0.228125
0 0.51640625 0.78359375 0.0640625 0.253125
0 0.54609375 0.79140625 0.028125 0.203125
0 0.55078125 0.77421875 0.028125 0.1890625
0 0.58984375 0.753125 0.0234375 0.1171875
0 0.60390625 0.75625 0.0234375 0.1421875
0 0.6203125 0.75078125 0.04375 0.146875
0 0.6328125 0.81171875 0.08125 0.1984375
0 0.7015625 0.79765625 0.0953125 0.225
0 0.78203125 0.79765625 0.05 0.275
0 0.82265625 0.7890625 0.0453125 0.2421875
0 0.840625 0.74375 0.046875 0.0953125
0 0.89609375 0.77734375 0.1265625 0.265625
0 0.95703125 0.809375 0.084375 0.1984375
0 0.57265625 0.77265625 0.028125 0.1609375
0 0.57578125 0.75078125 0.025 0.1234375
0 0.65546875 0.73046875 0.025 0.071875
0 0.60703125 0.75546875 0.025 0.1390625
0 0.1828125 0.70625 0.09375 0.0546875
0 0.2703125 0.70234375 0.0265625 0.0234375
0 0.31015625 0.703125 0.0234375 0.0234375
0 0.759375 0.31171875 0.48125 0.6234375
0 0.17890625 0.4546875 0.11875 0.1828125
0 0.04921875 0.70625 0.0171875 0.03125
0 0.9640625 0.78203125 0.0703125 0.2109375
0 0.61796875 0.7015625 0.128125 0.0546875
0 0.54609375 0.66953125 0.015625 0.0328125
0 0.08671875 0.72578125 0.0125 0.05625
0 0.73515625 0.78671875 0.065625 0.246875
0 0.8015625 0.77421875 0.0359375 0.18125