0 0.03515625 0.784375 0.0703125 0.4265625
0 0.1140625 0.77265625 0.09375 0.3546875
0 0.053125 0.665625 0.065625 0.153125
0 0.20546875 0.78671875 0.121875 0.2984375
0 0.18828125 0.62734375 0.025 0.121875
0 0.33359375 0.79453125 0.078125 0.40625
0 0.409375 0.8 0.1265625 0.3953125
0 0.4625 0.803125 0.0546875 0.390625
0 0.5 0.67265625 0.0453125 0.1125
0 0.58515625 0.72421875 0.0484375 0.2390625
0 0.62421875 0.803125 0.09375 0.390625
0 0.6984375 0.80546875 0.0890625 0.3859375
0 0.759375 0.79609375 0.0984375 0.403125
0 0.803125 0.78203125 0.0609375 0.3359375
0 0.83984375 0.765625 0.053125 0.2984375
0 0.90234375 0.76171875 0.065625 0.33125
0 0.94375 0.78828125 0.1109375 0.41875
0 0.87578125 0.76328125 0.0359375 0.29375
0 0.56015625 0.64609375 0.0359375 0.1171875
0 0.61484375 0.65234375 0.0328125 0.0875
0 0.60859375 0.64140625 0.0421875 0.0875
0 0.14140625 0.64453125 0.034375 0.078125
0 0.29140625 0.63515625 0.034375 0.121875
0 0.38125 0.63984375 0.0578125 0.121875
0 0.9859375 0.64921875 0.0265625 0.109375
0 0.82421875 0.62578125 0.0890625 0.0859375
0 0.69140625 0.64921875 0.0921875 0.09375