0 0.2046875 0.684375 0.1546875 0.63125
0 0.2921875 0.6640625 0.1140625 0.6046875
0 0.3265625 0.64296875 0.0796875 0.553125
0 0.39609375 0.63828125 0.1171875 0.59375
0 0.46640625 0.62578125 0.0859375 0.5640625
0 0.5046875 0.69609375 0.0984375 0.515625
0 0.515625 0.4015625 0.059375 0.1421875
0 0.56875 0.640625 0.109375 0.5390625
0 0.625 0.5890625 0.1046875 0.459375
0 0.6859375 0.41953125 0.05625 0.1015625
0 0.690625 0.59140625 0.1265625 0.409375
0 0.76875 0.60234375 0.115625 0.515625
0 0.8453125 0.56328125 0.0859375 0.4265625
0 0.90859375 0.60703125 0.121875 0.515625