0 0.87109375 0.72109375 0.2328125 0.55625
0 0.765625 0.7296875 0.1796875 0.5390625
0 0.6296875 0.73984375 0.146875 0.51875
0 0.29140625 0.65234375 0.253125 0.69375
0 0.215625 0.578125 0.184375 0.8421875
0 0.10390625 0.653125 0.2078125 0.6921875
0 0.61015625 0.41484375 0.115625 0.371875
0 0.728125 0.50703125 0.1046875 0.5984375
0 0.81875 0.4078125 0.11875 0.2515625
0 0.86171875 0.5296875 0.078125 0.45
0 0.9125 0.43828125 0.0484375 0.26875
0 0.78671875 0.3609375 0.0671875 0.1953125
0 0.8328125 0.34375 0.059375 0.1640625
0 0.93828125 0.384375 0.053125 0.1390625
0 0.66328125 0.2859375 0.0828125 0.1390625
0 0.54765625 0.38125 0.09375 0.2953125
0 0.4796875 0.3578125 0.08125 0.3046875
0 0.07109375 0.35390625 0.04375 0.16875
0 0.1140625 0.38046875 0.0375 0.2109375
0 0.17578125 0.303125 0.040625 0.1109375
0 0.3265625 0.31015625 0.0953125 0.25
0 0.6203125 0.2109375 0.075 0.1890625
0 0.97109375 0.465625 0.034375 0.2109375
0 0.95546875 0.59140625 0.0671875 0.2953125
0 0.25859375 0.2953125 0.0484375 0.15625
0 0.765625 0.26171875 0.0328125 0.0609375
0 0.56875 0.209375 0.0265625 0.0640625
0 0.5453125 0.2234375 0.0390625 0.0546875
0 0.92109375 0.30546875 0.0296875 0.0515625
0 0.865625 0.275 0.015625 0.0390625
0 0.765625 0.28203125 0.0375 0.0984375
0 0.68671875 0.30234375 0.0390625 0.271875
0 0.6796875 0.18125 0.025 0.04375
0 0.2984375 0.20859375 0.04375 0.071875
0 0.196875 0.24375 0.0203125 0.046875
0 0.490625 0.20625 0.028125 0.0328125
0 0.53828125 0.20078125 0.0203125 0.04375
0 0.49453125 0.17734375 0.015625 0.025
0 0.2671875 0.20234375 0.021875 0.0359375
0 0.24296875 0.22265625 0.028125 0.06875
0 0.18203125 0.20546875 0.015625 0.0328125
0 0.69453125 0.165625 0.015625 0.0296875
0 0.62421875 0.2078125 0.0203125 0.0484375
0 0.6328125 0.2125 0.021875 0.046875
0 0.575 0.18125 0.0203125 0.0390625
0 0.54765625 0.17421875 0.03125 0.0546875
0 0.5203125 0.178125 0.0234375 0.0546875
0 0.48828125 0.15234375 0.0328125 0.0734375
0 0.50234375 0.15390625 0.015625 0.0359375
0 0.35 0.17734375 0.0171875 0.025
0 0.35234375 0.14765625 0.021875 0.0453125
0 0.22734375 0.18515625 0.0140625 0.040625
0 0.20703125 0.2078125 0.028125 0.04375
0 0.0859375 0.29765625 0.0234375 0.06875
0 0.009375 0.38046875 0.01875 0.115625
0 0.75234375 0.2046875 0.0125 0.0578125
0 0.7734375 0.19453125 0.015625 0.03125
0 0.73671875 0.16640625 0.0140625 0.0234375
0 0.9875 0.45703125 0.025 0.0859375
0 0.7296875 0.21484375 0.0265625 0.0796875
0 0.3015625 0.18515625 0.0234375 0.0515625
0 0.7203125 0.278125 0.075 0.1328125
0 0.21328125 0.33125 0.05625 0.165625
0 0.1484375 0.50078125 0.065625 0.3484375
0 0.034375 0.7265625 0.06875 0.3
0 0.971875 0.7390625 0.0546875 0.3203125
0 0.4703125 0.50703125 0.240625 0.984375
0 0.809375 0.21484375 0.059375 0.134375
0 0.26796875 0.20703125 0.1640625 0.2265625
0 0.17109375 0.1859375 0.0296875 0.1125
0 0.07890625 0.24609375 0.1578125 0.1796875
0 0.91875 0.31875 0.1625 0.2390625
0 0.29921875 0.228125 0.0234375 0.04375
0 0.7140625 0.265625 0.25 0.3390625