0 0.00546875 0.82421875 0.0109375 0.0890625
0 0.04140625 0.834375 0.0390625 0.134375
0 0.14140625 0.82578125 0.028125 0.1140625
0 0.15234375 0.8421875 0.021875 0.090625
0 0.16328125 0.83828125 0.0140625 0.0578125
0 0.16015625 0.85 0.0203125 0.0828125
0 0.175 0.81484375 0.0125 0.0390625
0 0.18359375 0.80390625 0.0265625 0.0546875
0 0.18203125 0.85 0.0234375 0.0890625
0 0.221875 0.83671875 0.046875 0.1296875
0 0.23359375 0.84921875 0.025 0.08125
0 0.253125 0.89921875 0.0703125 0.1765625
0 0.2796875 0.8375 0.0328125 0.0625
0 0.28984375 0.8265625 0.025 0.1
0 0.30546875 0.85234375 0.021875 0.09375
0 0.3265625 0.8296875 0.0328125 0.121875
0 0.40703125 0.8296875 0.0234375 0.125
0 0.3734375 0.85 0.0375 0.0796875
0 0.5234375 0.83203125 0.025 0.1265625
0 0.53125 0.83515625 0.025 0.1421875
0 0.84296875 0.84453125 0.04375 0.140625
0 0.90078125 0.8328125 0.034375 0.128125
0 0.9765625 0.9015625 0.0453125 0.19375
0 0.60078125 0.35546875 0.03125 0.090625
0 0.39609375 0.3546875 0.03125 0.0921875
0 0.275 0.84296875 0.18125 0.0890625
0 0.00625 0.9328125 0.0125 0.053125
0 0.95390625 0.5765625 0.00625 0.0234375
0 0.69140625 0.5578125 0.0140625 0.046875