0 0.23671875 0.5125 0.0125 0.0625
0 0.3234375 0.50859375 0.0125 0.0421875
0 0.4484375 0.54140625 0.0203125 0.05625
0 0.46015625 0.51875 0.0203125 0.08125
0 0.48359375 0.53671875 0.0375 0.121875
0 0.50625 0.553125 0.0203125 0.0890625
0 0.521875 0.55625 0.0203125 0.0953125
0 0.4984375 0.50625 0.0109375 0.0390625
0 0.51640625 0.5078125 0.0078125 0.0375
0 0.53984375 0.51015625 0.0125 0.04375
0 0.5515625 0.503125 0.0109375 0.0453125
0 0.56171875 0.50625 0.0109375 0.046875
0 0.5421875 0.52578125 0.0125 0.0484375
0 0.2953125 0.5984375 0.0859375 0.25625
0 0.37578125 0.58515625 0.0515625 0.2390625
0 0.45 0.65546875 0.0484375 0.190625
0 0.54765625 0.65859375 0.0421875 0.196875
0 0.58671875 0.67734375 0.0578125 0.2359375
0 0.734375 0.68515625 0.0609375 0.2265625
0 0.803125 0.69140625 0.059375 0.25625
0 0.02265625 0.50234375 0.0125 0.0484375
0 0.2828125 0.50234375 0.0125 0.03125
0 0.50703125 0.509375 0.0140625 0.0515625
0 0.525 0.503125 0.0140625 0.05625
0 0.47734375 0.4828125 0.01875 0.028125
0 0.3609375 0.50078125 0.015625 0.034375
0 0.49375 0.496875 0.0125 0.0421875
0 0.54296875 0.47421875 0.025 0.0546875