0 0.1703125 0.74375 0.253125 0.4
0 0.19140625 0.69375 0.2921875 0.390625
0 0.225 0.603125 0.259375 0.2828125
0 0.25234375 0.61171875 0.25625 0.3125
0 0.396875 0.6046875 0.3296875 0.7640625
0 0.27265625 0.44765625 0.2328125 0.203125
0 0.6296875 0.47734375 0.11875 0.2875
0 0.69609375 0.4828125 0.1203125 0.2046875
0 0.75390625 0.47265625 0.065625 0.1328125
0 0.74296875 0.5921875 0.2171875 0.303125
0 0.75625 0.62421875 0.2375 0.3671875
0 0.76171875 0.728125 0.171875 0.3484375
0 0.88125 0.63828125 0.234375 0.721875
0 0.2453125 0.39609375 0.0515625 0.034375
0 0.12265625 0.91875 0.2453125 0.1609375
0 0.21875 0.49375 0.025 0.0375
0 0.365625 0.521875 0.0875 0.2625
0 0.56171875 0.46484375 0.121875 0.259375