0 0.02578125 0.5671875 0.0515625 0.5609375
0 0.0671875 0.5375 0.125 0.6234375
0 0.13125 0.39453125 0.06875 0.2859375
0 0.17421875 0.565625 0.1359375 0.56875
0 0.3015625 0.546875 0.1546875 0.6015625
0 0.39921875 0.51640625 0.08125 0.4671875
0 0.503125 0.53984375 0.203125 0.609375
0 0.6109375 0.54375 0.1 0.496875
0 0.68671875 0.3765625 0.0515625 0.228125
0 0.725 0.34140625 0.04375 0.134375
0 0.73984375 0.346875 0.0421875 0.125
0 0.784375 0.54609375 0.171875 0.60625
0 0.9171875 0.528125 0.1640625 0.6453125
0 0.9796875 0.41796875 0.0390625 0.325
0 0.25859375 0.3734375 0.0703125 0.19375
0 0.3484375 0.32109375 0.0421875 0.1296875
0 0.65625 0.35390625 0.03125 0.1046875
0 0.62734375 0.29609375 0.03125 0.0609375
0 0.5734375 0.32109375 0.025 0.0703125
0 0.36640625 0.628125 0.0234375 0.1328125
0 0.22421875 0.68828125 0.0328125 0.1796875
0 0.8 0.22421875 0.04375 0.084375
0 0.8515625 0.2953125 0.03125 0.1171875
0 0.95546875 0.31640625 0.034375 0.0671875
0 0.4203125 0.28515625 0.5125 0.0578125
0 0.41875 0.296875 0.0328125 0.034375
0 0.4640625 0.29375 0.021875 0.03125
0 0.7046875 0.2890625 0.028125 0.040625
0 0.653125 0.36015625 0.046875 0.1609375
0 0.096875 0.29140625 0.0546875 0.0875
0 0.559375 0.3421875 0.0625 0.0578125
0 0.61484375 0.67421875 0.0265625 0.1484375