0 0.95703125 0.86640625 0.0828125 0.2640625
0 0.909375 0.85859375 0.103125 0.2796875
0 0.94375 0.81640625 0.0484375 0.0953125
0 0.8703125 0.87734375 0.059375 0.2140625
0 0.8 0.87578125 0.0859375 0.2484375
0 0.77578125 0.83984375 0.0234375 0.075
0 0.81953125 0.80390625 0.0265625 0.034375
0 0.575 0.84921875 0.2609375 0.3
0 0.65703125 0.88125 0.0671875 0.209375
0 0.46796875 0.88984375 0.1234375 0.21875
0 0.23359375 0.87734375 0.2453125 0.2453125
0 0.11484375 0.87578125 0.0890625 0.2453125
0 0.76953125 0.7859375 0.0390625 0.0875
0 0.82890625 0.78359375 0.046875 0.0875
0 0.81640625 0.60390625 0.06875 0.103125
0 0.07890625 0.38046875 0.1578125 0.421875