0 0.2109375 0.82578125 0.2484375 0.3453125
0 0.5875 0.8296875 0.2609375 0.3375
0 0.0578125 0.80390625 0.115625 0.3890625
0 0.12734375 0.75546875 0.1015625 0.234375
0 0.290625 0.8234375 0.1296875 0.3515625
0 0.4484375 0.7671875 0.140625 0.309375
0 0.6921875 0.7953125 0.115625 0.40625
0 0.3390625 0.7765625 0.1171875 0.3484375
0 0.2796875 0.6359375 0.090625 0.2
0 0.22734375 0.6171875 0.059375 0.0859375
0 0.54609375 0.54375 0.0359375 0.1140625
0 0.58203125 0.53203125 0.028125 0.109375
0 0.60390625 0.55859375 0.034375 0.1109375
0 0.65078125 0.6234375 0.0578125 0.1265625
0 0.71875 0.5828125 0.05 0.1328125
0 0.74921875 0.55625 0.0421875 0.10625
0 0.06015625 0.6625 0.0984375 0.240625
0 0.49765625 0.625 0.246875 0.0921875
0 0.2921875 0.703125 0.046875 0.0984375
0 0.425 0.71953125 0.1 0.1015625
0 0.40078125 0.96796875 0.084375 0.0609375
0 0.434375 0.5625 0.034375 0.0359375
0 0.5625 0.74765625 0.0875 0.15625
0 0.6546875 0.77890625 0.0203125 0.0546875
0 0.30625 0.60859375 0.0203125 0.0390625
0 0.6640625 0.56328125 0.0640625 0.0890625
0 0.49296875 0.49609375 0.084375 0.171875
0 0.6 0.47734375 0.1328125 0.0875
0 0.56640625 0.55 0.0125 0.0609375