0 0.50234375 0.34140625 0.065625 0.1359375
0 0.44453125 0.5671875 0.046875 0.3859375
0 0.48359375 0.6125 0.1234375 0.5421875
0 0.66171875 0.61875 0.1890625 0.6296875
0 0.73359375 0.83671875 0.34375 0.3234375
0 0.4296875 0.85 0.2484375 0.2984375
0 0.35546875 0.55625 0.071875 0.3140625
0 0.2578125 0.41171875 0.0484375 0.0984375
0 0.2984375 0.57734375 0.125 0.45625
0 0.20625 0.4984375 0.0984375 0.246875
0 0.03359375 0.4171875 0.0671875 0.115625
0 0.1765625 0.69765625 0.353125 0.6015625
0 0.81015625 0.615625 0.078125 0.18125
0 0.025 0.6421875 0.05 0.1734375
0 0.14921875 0.41875 0.0453125 0.0578125