0 0.95234375 0.68515625 0.09375 0.6265625
0 0.796875 0.46796875 0.05625 0.2328125
0 0.89140625 0.3515625 0.0328125 0.065625
0 0.9328125 0.56640625 0.109375 0.5828125
0 0.8578125 0.6171875 0.1609375 0.675
0 0.5703125 0.6546875 0.290625 0.6875
0 0.4390625 0.66015625 0.171875 0.678125
0 0.2765625 0.68125 0.16875 0.6359375
0 0.7359375 0.56875 0.103125 0.5578125
0 0.678125 0.63828125 0.1171875 0.6796875
0 0.65703125 0.36171875 0.1015625 0.1484375
0 0.60390625 0.31171875 0.03125 0.0421875
0 0.515625 0.3296875 0.0453125 0.1
0 0.49609375 0.3796875 0.090625 0.209375
0 0.3609375 0.50625 0.0625 0.328125
0 0.309375 0.409375 0.0859375 0.25625
0 0.2625 0.61875 0.19375 0.671875