0 0.2 0.25859375 0.00625 0.0203125
0 0.4 0.29921875 0.0140625 0.0484375
0 0.4109375 0.28984375 0.0125 0.028125
0 0.409375 0.18828125 0.0234375 0.059375
0 0.425 0.1984375 0.0234375 0.0875
0 0.4640625 0.2015625 0.04375 0.078125
0 0.4890625 0.215625 0.0203125 0.090625
0 0.425 0.5296875 0.2 0.5828125
0 0.6234375 0.5609375 0.2125 0.740625
0 0.74140625 0.46171875 0.1359375 0.3953125
0 0.79765625 0.30625 0.034375 0.040625
0 0.7921875 0.2875 0.0171875 0.040625
0 0.8078125 0.28515625 0.015625 0.053125
0 0.815625 0.296875 0.0140625 0.0578125
0 0.8265625 0.26796875 0.015625 0.015625
0 0.8890625 0.384375 0.0703125 0.25625
0 0.9640625 0.38125 0.0703125 0.2875
0 0.971875 0.30078125 0.0546875 0.128125
0 0.8421875 0.26484375 0.0078125 0.0328125
0 0.85234375 0.2640625 0.0140625 0.0359375
0 0.1234375 0.25703125 0.0328125 0.028125
0 0.16015625 0.25390625 0.0203125 0.0265625
0 0.190625 0.2578125 0.009375 0.0140625
0 0.33046875 0.7984375 0.2359375 0.1171875
0 0.5 0.8765625 0.1796875 0.1484375
0 0.74765625 0.259375 0.009375 0.021875