0 0.13359375 0.7171875 0.1359375 0.246875
0 0.26484375 0.7453125 0.1015625 0.184375
0 0.37734375 0.8390625 0.2265625 0.3203125
0 0.38828125 0.6984375 0.0625 0.2140625
0 0.49375 0.765625 0.21875 0.4671875
0 0.55234375 0.6859375 0.03125 0.0875
0 0.61015625 0.796875 0.090625 0.4046875
0 0.68203125 0.76640625 0.1078125 0.359375
0 0.77734375 0.728125 0.171875 0.4578125
0 0.73515625 0.634375 0.0515625 0.090625
0 0.64140625 0.68359375 0.034375 0.0953125
0 0.11953125 0.80234375 0.2390625 0.3921875
0 0.32265625 0.68359375 0.096875 0.0609375
0 0.428125 0.66015625 0.040625 0.065625
0 0.8703125 0.571875 0.2546875 0.8546875