0 0.0265625 0.671875 0.053125 0.3296875
0 0.053125 0.69453125 0.1 0.4359375
0 0.084375 0.72890625 0.0875 0.471875
0 0.12421875 0.6390625 0.01875 0.1140625
0 0.16328125 0.68359375 0.0765625 0.384375
0 0.19140625 0.553125 0.0296875 0.1109375
0 0.2140625 0.55234375 0.04375 0.10625
0 0.2328125 0.684375 0.0796875 0.353125
0 0.26484375 0.5796875 0.028125 0.0984375
0 0.27734375 0.67421875 0.05 0.26875
0 0.31796875 0.5640625 0.05 0.065625
0 0.32578125 0.68125 0.075 0.2921875
0 0.36015625 0.54453125 0.0203125 0.0546875
0 0.36796875 0.66875 0.05625 0.2734375
0 0.40078125 0.54140625 0.028125 0.075
0 0.43203125 0.55390625 0.0203125 0.046875
0 0.41015625 0.65625 0.0578125 0.26875
0 0.43671875 0.68984375 0.0421875 0.30625
0 0.46640625 0.69765625 0.06875 0.3609375
0 0.509375 0.6875 0.0359375 0.3375
0 0.534375 0.70078125 0.0828125 0.4125
0 0.5796875 0.55078125 0.01875 0.05625
0 0.57109375 0.69453125 0.05 0.3640625
0 0.62109375 0.69140625 0.0640625 0.3546875
0 0.64375 0.56171875 0.03125 0.0765625
0 0.61484375 0.70625 0.0640625 0.378125
0 0.709375 0.6984375 0.0515625 0.3484375
0 0.684375 0.71328125 0.103125 0.4453125
0 0.76015625 0.703125 0.078125 0.4375
0 0.78515625 0.71015625 0.0296875 0.3171875
0 0.81484375 0.7046875 0.0828125 0.4078125
0 0.846875 0.728125 0.0859375 0.4234375
0 0.91171875 0.71875 0.0890625 0.50625
0 0.9421875 0.73359375 0.0640625 0.4359375
0 0.9671875 0.671875 0.05 0.390625
0 0.98359375 0.64609375 0.03125 0.31875
0 0.12421875 0.6890625 0.040625 0.2234375
0 0.1421875 0.39765625 0.1046875 0.0515625
0 0.009375 0.54609375 0.015625 0.046875
0 0.11875 0.54296875 0.034375 0.065625
0 0.2484375 0.55390625 0.0171875 0.040625
0 0.30078125 0.55546875 0.0171875 0.034375
0 0.32265625 0.52109375 0.025 0.028125
0 0.3453125 0.55078125 0.015625 0.028125
0 0.38671875 0.55703125 0.015625 0.03125
0 0.446875 0.53203125 0.0203125 0.0203125
0 0.48984375 0.55625 0.021875 0.0421875
0 0.6015625 0.54296875 0.0578125 0.0546875
0 0.521875 0.56328125 0.015625 0.0265625
0 0.65859375 0.80625 0.0125 0.025
0 0.73203125 0.5625 0.040625 0.075
0 0.734375 0.74453125 0.015625 0.278125
0 0.7984375 0.55 0.0203125 0.0328125
0 0.8390625 0.55234375 0.0125 0.03125
0 0.88359375 0.54765625 0.015625 0.03125