0 0.23984375 0.79296875 0.0953125 0.3046875
0 0.2890625 0.81796875 0.0625 0.3125
0 0.1484375 0.71015625 0.0859375 0.2859375
0 0.35234375 0.71171875 0.0546875 0.121875
0 0.4046875 0.8203125 0.0734375 0.2421875
0 0.48203125 0.91953125 0.0734375 0.1578125
0 0.47421875 0.815625 0.06875 0.1578125
0 0.65859375 0.94375 0.1140625 0.109375
0 0.58046875 0.86640625 0.09375 0.2625
0 0.4765625 0.728125 0.0828125 0.1640625
0 0.5390625 0.77421875 0.0625 0.2
0 0.5484375 0.67578125 0.0625 0.115625
0 0.59140625 0.665625 0.0453125 0.109375
0 0.5046875 0.546875 0.04375 0.05
0 0.47734375 0.59609375 0.0359375 0.0796875
0 0.4546875 0.57890625 0.0265625 0.0515625
0 0.4203125 0.61640625 0.05625 0.1359375
0 0.4890625 0.53203125 0.034375 0.0703125
0 0.46953125 0.5546875 0.03125 0.0828125
0 0.4375 0.56640625 0.0296875 0.078125
0 0.3953125 0.55 0.0359375 0.078125
0 0.43984375 0.528125 0.0421875 0.0609375
0 0.5015625 0.48984375 0.0359375 0.0703125
0 0.46015625 0.4890625 0.053125 0.0828125
0 0.47421875 0.4796875 0.0296875 0.071875
0 0.4921875 0.4796875 0.0265625 0.06875
0 0.4140625 0.521875 0.0296875 0.065625
0 0.375 0.509375 0.040625 0.09375
0 0.3328125 0.5328125 0.0390625 0.1859375
0 0.3015625 0.4890625 0.0390625 0.1171875
0 0.2609375 0.46484375 0.0296875 0.0703125
0 0.25078125 0.55546875 0.0546875 0.1796875
0 0.2859375 0.5875 0.0546875 0.1796875
0 0.39375 0.49453125 0.015625 0.05625
0 0.41484375 0.45390625 0.028125 0.0703125
0 0.40078125 0.46484375 0.0359375 0.0703125
0 0.3734375 0.45703125 0.0328125 0.0828125
0 0.34140625 0.47578125 0.0421875 0.146875
0 0.2921875 0.4171875 0.01875 0.0421875
0 0.47265625 0.41171875 0.015625 0.0296875
0 0.4578125 0.4078125 0.01875 0.0453125
0 0.44765625 0.415625 0.025 0.0375
0 0.42109375 0.4125 0.028125 0.04375
0 0.39453125 0.4015625 0.0265625 0.04375
0 0.4140625 0.4015625 0.021875 0.040625
0 0.425 0.39375 0.0296875 0.065625
0 0.43984375 0.3828125 0.0234375 0.065625
0 0.45078125 0.38046875 0.01875 0.0515625
0 0.259375 0.37421875 0.021875 0.05
0 0.2953125 0.38125 0.0359375 0.09375
0 0.3171875 0.3734375 0.0375 0.0703125
0 0.3453125 0.41171875 0.0390625 0.134375
0 0.37578125 0.38828125 0.034375 0.059375
0 0.4421875 0.34609375 0.0234375 0.0453125
0 0.3765625 0.3375 0.021875 0.0359375
0 0.39375 0.35234375 0.025 0.065625
0 0.4265625 0.328125 0.0140625 0.025
0 0.4109375 0.34140625 0.0125 0.0234375
0 0.35234375 0.33515625 0.025 0.084375
0 0.3828125 0.30859375 0.025 0.0421875
0 0.3984375 0.31953125 0.021875 0.0421875
0 0.31484375 0.28359375 0.0203125 0.0265625
0 0.34609375 0.31015625 0.0296875 0.09375
0 0.36484375 0.30625 0.0203125 0.078125
0 0.32109375 0.259375 0.015625 0.053125
0 0.325 0.28125 0.0203125 0.065625
0 0.33203125 0.22734375 0.0140625 0.0453125
0 0.33828125 0.21015625 0.0109375 0.0234375
0 0.3640625 0.21015625 0.0140625 0.0296875
0 0.37109375 0.24921875 0.015625 0.0515625
0 0.4015625 0.26328125 0.0203125 0.06875
0 0.38046875 0.25859375 0.015625 0.059375
0 0.4015625 0.2875 0.01875 0.0703125
0 0.41796875 0.27421875 0.01875 0.0375
0 0.428125 0.315625 0.0234375 0.05
0 0.38359375 0.26484375 0.025 0.0703125
0 0.5453125 0.58359375 0.0296875 0.059375
0 0.49296875 0.44453125 0.0421875 0.065625
0 0.365625 0.57734375 0.0390625 0.059375
0 0.3484375 0.8609375 0.0640625 0.275
0 0.43359375 0.69296875 0.0484375 0.103125
0 0.05703125 0.78125 0.10625 0.375
0 0.2015625 0.49921875 0.0625 0.1984375
0 0.3890625 0.21484375 0.0375 0.0546875
0 0.34765625 0.228125 0.025 0.0703125
0 0.2890625 0.28828125 0.028125 0.0703125
0 0.26015625 0.34765625 0.025 0.09375
0 0.5953125 0.625 0.0421875 0.084375
0 0.6640625 0.7953125 0.059375 0.1734375
0 0.75 0.81875 0.0859375 0.08125
0 0.50390625 0.4453125 0.0171875 0.0296875
0 0.4953125 0.38046875 0.0390625 0.0703125