0 0.2046875 0.14765625 0.1125 0.2953125
0 0.31015625 0.11953125 0.134375 0.2390625
0 0.3609375 0.13359375 0.1078125 0.2671875
0 0.140625 0.43671875 0.28125 0.46875
0 0.296875 0.365625 0.2109375 0.41875
0 0.3328125 0.503125 0.190625 0.5
0 0.45546875 0.34609375 0.10625 0.4125
0 0.584375 0.2234375 0.1671875 0.246875
0 0.62109375 0.53828125 0.3734375 0.671875
0 0.703125 0.115625 0.115625 0.23125
0 0.67734375 0.36953125 0.1984375 0.49375
0 0.91015625 0.43984375 0.178125 0.49375
0 0.034375 0.0921875 0.0375 0.059375