0 0.46171875 0.1453125 0.04375 0.16875
0 0.4171875 0.190625 0.1140625 0.321875
0 0.54296875 0.3 0.09375 0.403125
0 0.6375 0.24453125 0.171875 0.353125
0 0.72890625 0.2640625 0.1546875 0.4171875
0 0.86796875 0.39375 0.1859375 0.5984375
0 0.47578125 0.371875 0.128125 0.246875
0 0.29921875 0.28203125 0.125 0.384375
0 0.41484375 0.41953125 0.1171875 0.334375
0 0.51015625 0.54453125 0.109375 0.38125
0 0.62421875 0.59453125 0.1375 0.375
0 0.68203125 0.5765625 0.1140625 0.36875
0 0.69140625 0.6953125 0.2875 0.5125
0 0.32734375 0.55625 0.1859375 0.34375
0 0.2265625 0.45859375 0.153125 0.25
0 0.20703125 0.6765625 0.2671875 0.459375
0 0.42890625 0.74375 0.25625 0.509375