0 0.66328125 0.6609375 0.1296875 0.49375
0 0.53984375 0.67109375 0.13125 0.5
0 0.4875 0.675 0.23125 0.5
0 0.3375 0.67890625 0.121875 0.4546875
0 0.23515625 0.6578125 0.1765625 0.55625
0 0.903125 0.55390625 0.103125 0.5640625
0 0.88125 0.5328125 0.1328125 0.58125
0 0.7859375 0.5375 0.0953125 0.5546875
0 0.70078125 0.5296875 0.1 0.5671875
0 0.7515625 0.43359375 0.0640625 0.4953125
0 0.61875 0.43125 0.0875 0.321875
0 0.55546875 0.39609375 0.071875 0.2265625
0 0.475 0.365625 0.1171875 0.28125
0 0.65859375 0.2859375 0.0671875 0.1453125
0 0.5796875 0.2953125 0.059375 0.1578125
0 0.4109375 0.29921875 0.06875 0.1734375
0 0.359375 0.403125 0.1265625 0.3109375
0 0.27421875 0.37890625 0.090625 0.25
0 0.15703125 0.41875 0.16875 0.3625
0 0.10625 0.5515625 0.1296875 0.61875
0 0.52109375 0.29296875 0.0515625 0.1421875