0 0.88046875 0.58203125 0.13125 0.5734375
0 0.753125 0.60234375 0.1015625 0.41875
0 0.77109375 0.540625 0.121875 0.4828125
0 0.70390625 0.52890625 0.1015625 0.403125
0 0.653125 0.60078125 0.0765625 0.3390625
0 0.646875 0.53828125 0.0984375 0.3984375
0 0.61875 0.628125 0.15 0.365625
0 0.50625 0.65546875 0.253125 0.41875
0 0.38203125 0.6484375 0.240625 0.4046875
0 0.13203125 0.55078125 0.1171875 0.490625
0 0.22265625 0.525 0.125 0.4703125
0 0.296875 0.54140625 0.0953125 0.3796875
0 0.3484375 0.546875 0.09375 0.4359375
0 0.41328125 0.43359375 0.0640625 0.184375
0 0.47890625 0.36015625 0.1078125 0.346875
0 0.5625 0.38828125 0.08125 0.2671875