0 0.165625 0.5828125 0.225 0.6828125
0 0.33203125 0.6640625 0.18125 0.5171875
0 0.4609375 0.6515625 0.1484375 0.4859375
0 0.571875 0.58515625 0.1140625 0.575
0 0.6828125 0.57421875 0.1359375 0.5328125
0 0.78515625 0.5328125 0.1421875 0.5453125
0 0.915625 0.559375 0.1671875 0.5640625
0 0.71015625 0.3625 0.0578125 0.10625
0 0.62109375 0.51796875 0.0671875 0.4546875
0 0.60390625 0.2875 0.1421875 0.2359375
0 0.4921875 0.37890625 0.125 0.2578125
0 0.36171875 0.42421875 0.09375 0.1921875
0 0.31015625 0.3734375 0.0671875 0.1046875
0 0.26171875 0.46640625 0.1171875 0.296875
0 0.97734375 0.41640625 0.01875 0.025