0 0.190625 0.6671875 0.0875 0.528125
0 0.2484375 0.59765625 0.0671875 0.340625
0 0.28671875 0.78046875 0.121875 0.309375
0 0.29609375 0.58203125 0.0640625 0.2734375
0 0.34140625 0.69921875 0.0890625 0.43125
0 0.38984375 0.5328125 0.0609375 0.134375
0 0.4046875 0.71484375 0.1015625 0.4140625
0 0.465625 0.6859375 0.0640625 0.4703125
0 0.484375 0.7234375 0.0703125 0.403125
0 0.553125 0.7109375 0.078125 0.4359375
0 0.52265625 0.5328125 0.040625 0.1421875
0 0.58125 0.54140625 0.04375 0.1765625
0 0.6203125 0.7328125 0.0859375 0.4203125
0 0.68828125 0.728125 0.0859375 0.428125
0 0.65859375 0.690625 0.075 0.46875
0 0.728125 0.67890625 0.075 0.5125
0 0.75859375 0.7234375 0.1390625 0.4703125
0 0.80625 0.6921875 0.0734375 0.509375