0 0.95625 0.74921875 0.0859375 0.3
0 0.8765625 0.79609375 0.15 0.4046875
0 0.75078125 0.79140625 0.165625 0.415625
0 0.590625 0.825 0.15625 0.3484375
0 0.70078125 0.70625 0.05 0.1328125
0 0.80703125 0.67890625 0.05 0.0703125
0 0.98359375 0.94375 0.03125 0.1109375
0 0.66953125 0.77109375 0.0421875 0.2109375
0 0.634375 0.7578125 0.0515625 0.2375
0 0.55390625 0.709375 0.046875 0.1359375
0 0.534375 0.73515625 0.0359375 0.178125
0 0.034375 0.79453125 0.06875 0.4078125
0 0.065625 0.8359375 0.0703125 0.3265625
0 0.48515625 0.79609375 0.0640625 0.3875
0 0.446875 0.790625 0.103125 0.378125
0 0.38359375 0.8125 0.1171875 0.3734375
0 0.28984375 0.82421875 0.134375 0.35
0 0.18515625 0.7484375 0.03125 0.209375
0 0.2234375 0.81640625 0.0671875 0.33125
0 0.2546875 0.68359375 0.03125 0.0703125
0 0.33125 0.778125 0.0484375 0.2625
0 0.12734375 0.79765625 0.0515625 0.284375
0 0.0828125 0.71953125 0.059375 0.128125
0 0.49921875 0.79453125 0.9984375 0.4078125
0 0.48359375 0.47890625 0.1578125 0.228125