0 0.01796875 0.44765625 0.015625 0.0421875
0 0.05 0.496875 0.0421875 0.1234375
0 0.14375 0.459375 0.01875 0.0515625
0 0.153125 0.45703125 0.0140625 0.0453125
0 0.15859375 0.5109375 0.134375 0.5390625
0 0.24921875 0.621875 0.1 0.3859375
0 0.31796875 0.5875 0.178125 0.6109375
0 0.46875 0.58359375 0.1125 0.35
0 0.3875 0.44296875 0.00625 0.01875
0 0.41796875 0.4640625 0.025 0.0625
0 0.42734375 0.453125 0.0109375 0.0421875
0 0.43671875 0.4578125 0.0140625 0.040625
0 0.51875 0.46171875 0.015625 0.05625
0 0.53125 0.4625 0.0171875 0.059375
0 0.5578125 0.5328125 0.075 0.178125
0 0.571875 0.46953125 0.0125 0.0609375
0 0.584375 0.53046875 0.025 0.1640625
0 0.58984375 0.45078125 0.0125 0.0390625
0 0.61953125 0.4484375 0.009375 0.0328125
0 0.6296875 0.52421875 0.028125 0.1578125
0 0.634375 0.4453125 0.0078125 0.0265625
0 0.63984375 0.446875 0.00625 0.025
0 0.67109375 0.5359375 0.0390625 0.2140625
0 0.709375 0.6484375 0.159375 0.478125
0 0.74140625 0.46796875 0.015625 0.0765625
0 0.7640625 0.4515625 0.0109375 0.0421875
0 0.78125 0.44921875 0.0078125 0.0328125
0 0.7890625 0.45078125 0.009375 0.0296875
0 0.81484375 0.44921875 0.009375 0.034375
0 0.89453125 0.45 0.0109375 0.034375
0 0.91796875 0.47109375 0.01875 0.0734375
0 0.93984375 0.4734375 0.0296875 0.0828125
0 0.953125 0.4703125 0.015625 0.0734375
0 0.96328125 0.471875 0.015625 0.078125
0 0.9765625 0.4734375 0.03125 0.0890625
0 0.99140625 0.4703125 0.0171875 0.0796875
0 0.61328125 0.553125 0.075 0.2515625
0 0.39375 0.44375 0.009375 0.01875
0 0.46484375 0.45859375 0.009375 0.0171875
0 0.7359375 0.45 0.0078125 0.0296875
0 0.76796875 0.4453125 0.0046875 0.01875
0 0.8359375 0.44921875 0.0296875 0.0328125
0 0.86875 0.44765625 0.0234375 0.0265625
0 0.9796875 0.4453125 0.015625 0.015625
0 0.58359375 0.46171875 0.009375 0.021875
0 0.3109375 0.64140625 0.1296875 0.171875