0 0.92734375 0.53515625 0.1453125 0.49375
0 0.8796875 0.725 0.2375 0.546875
0 0.68203125 0.77421875 0.2375 0.4515625
0 0.3109375 0.76484375 0.3625 0.46875
0 0.1046875 0.7546875 0.209375 0.490625
0 0.2890625 0.40625 0.1015625 0.3296875
0 0.4140625 0.5640625 0.19375 0.534375
0 0.484375 0.825 0.18125 0.3484375
0 0.6046875 0.678125 0.1640625 0.4859375
0 0.59296875 0.54453125 0.2015625 0.409375
0 0.5734375 0.32734375 0.084375 0.284375
0 0.50234375 0.32890625 0.0890625 0.290625
0 0.725 0.453125 0.09375 0.21875
0 0.07578125 0.403125 0.1515625 0.35625
0 0.253125 0.4828125 0.0546875 0.153125
0 0.44453125 0.4046875 0.078125 0.1609375
0 0.80703125 0.2640625 0.384375 0.4515625
0 0.565625 0.1765625 0.0390625 0.0671875
0 0.35703125 0.2359375 0.040625 0.1328125
0 0.26015625 0.265625 0.0484375 0.153125