0 0.0890625 0.703125 0.078125 0.425
0 0.17109375 0.72421875 0.1125 0.55
0 0.21015625 0.61015625 0.06875 0.28125
0 0.46953125 0.628125 0.1015625 0.4734375
0 0.56875 0.565625 0.1140625 0.3890625
0 0.759375 0.7265625 0.41875 0.5453125
0 0.81796875 0.55 0.1453125 0.484375
0 0.94140625 0.59140625 0.115625 0.815625
0 0.69453125 0.4359375 0.0625 0.16875
0 0.67734375 0.39375 0.0265625 0.1328125
0 0.12421875 0.54140625 0.14375 0.10625
0 0.6015625 0.46875 0.1375 0.2953125
0 0.7890625 0.38671875 0.20625 0.1609375
0 0.9375 0.37890625 0.090625 0.3359375