0 0.63203125 0.70390625 0.0703125 0.225
0 0.859375 0.67265625 0.040625 0.2140625
0 0.93984375 0.60078125 0.059375 0.225
0 0.8890625 0.53828125 0.053125 0.1875
0 0.78046875 0.4703125 0.05625 0.234375
0 0.784375 0.3140625 0.04375 0.1765625
0 0.83984375 0.346875 0.046875 0.215625
0 0.95703125 0.103125 0.053125 0.20625
0 0.41015625 0.64453125 0.0765625 0.2046875
0 0.2703125 0.7390625 0.075 0.2046875
0 0.2953125 0.68046875 0.0703125 0.20625
0 0.31484375 0.6140625 0.0625 0.2078125
0 0.33671875 0.55234375 0.0546875 0.1796875
0 0.41796875 0.45625 0.0421875 0.1890625
0 0.18515625 0.44296875 0.04375 0.171875
0 0.0375 0.55625 0.0734375 0.1953125
0 0.159375 0.27890625 0.059375 0.190625
0 0.2859375 0.19140625 0.0546875 0.1890625
0 0.334375 0.1265625 0.0375 0.171875
0 0.40078125 0.1015625 0.0546875 0.16875
0 0.44609375 0.10546875 0.03125 0.1796875
0 0.53046875 0.0765625 0.0359375 0.096875
0 0.42421875 0.0625 0.0328125 0.125