0 0.090625 0.77734375 0.0453125 0.2515625
0 0.17109375 0.79765625 0.05 0.290625
0 0.23984375 0.78203125 0.1359375 0.434375
0 0.27265625 0.75703125 0.1015625 0.48125
0 0.375 0.7875 0.1203125 0.421875
0 0.49921875 0.79296875 0.1375 0.4109375
0 0.60859375 0.79453125 0.1390625 0.4078125
0 0.65546875 0.77578125 0.090625 0.446875
0 0.7140625 0.7703125 0.05625 0.334375
0 0.790625 0.79921875 0.16875 0.3984375
0 0.8 0.81015625 0.159375 0.3765625
0 0.88984375 0.684375 0.0171875 0.025
0 0.91953125 0.70078125 0.015625 0.0515625
0 0.940625 0.7078125 0.0296875 0.0625