0 0.21015625 0.753125 0.4203125 0.490625
0 0.13984375 0.38203125 0.215625 0.321875
0 0.203125 0.25546875 0.1375 0.340625
0 0.30078125 0.234375 0.1171875 0.25625
0 0.3328125 0.440625 0.2671875 0.49375
0 0.39765625 0.18203125 0.0765625 0.121875
0 0.3984375 0.1765625 0.0765625 0.1375
0 0.47578125 0.296875 0.1 0.359375
0 0.54375 0.2578125 0.121875 0.246875
0 0.6421875 0.23984375 0.0953125 0.353125
0 0.57421875 0.7078125 0.2671875 0.58125
0 0.8359375 0.7109375 0.2765625 0.575
0 0.88046875 0.42890625 0.1890625 0.4453125
0 0.759375 0.3109375 0.1671875 0.3375
0 0.7453125 0.23203125 0.0890625 0.2703125
0 0.86171875 0.221875 0.0640625 0.2546875
0 0.94140625 0.1984375 0.115625 0.175
0 0.95390625 0.67109375 0.0921875 0.409375