0 0.06953125 0.65234375 0.0265625 0.0453125
0 0.078125 0.65078125 0.01875 0.046875
0 0.125 0.65546875 0.028125 0.0484375
0 0.1484375 0.6453125 0.0140625 0.0296875
0 0.2484375 0.7 0.0578125 0.065625
0 0.28203125 0.6796875 0.034375 0.0921875
0 0.3234375 0.70703125 0.078125 0.146875
0 0.228125 0.6875 0.0296875 0.0515625
0 0.3515625 0.6421875 0.009375 0.0234375
0 0.36640625 0.65234375 0.015625 0.0421875
0 0.3984375 0.6546875 0.0296875 0.059375
0 0.4140625 0.6484375 0.0125 0.0359375
0 0.42421875 0.640625 0.0125 0.0203125
0 0.4328125 0.6875 0.0484375 0.1078125
0 0.45625 0.65390625 0.028125 0.0546875
0 0.46796875 0.63984375 0.0109375 0.0203125
0 0.47421875 0.65234375 0.015625 0.0390625
0 0.48515625 0.653125 0.0203125 0.040625
0 0.503125 0.6546875 0.0234375 0.0421875
0 0.5265625 0.65703125 0.028125 0.0578125
0 0.55546875 0.65625 0.0265625 0.0453125
0 0.565625 0.63984375 0.0125 0.015625
0 0.76171875 0.67734375 0.053125 0.096875
0 0.7296875 0.6515625 0.0296875 0.0421875
0 0.70625 0.7421875 0.0796875 0.2171875
0 0.9140625 0.74609375 0.16875 0.2609375
0 0.9203125 0.52421875 0.01875 0.028125
0 0.93828125 0.52734375 0.0203125 0.0390625
0 0.0171875 0.671875 0.034375 0.0703125
0 0.11953125 0.6359375 0.0125 0.0125
0 0.134375 0.646875 0.015625 0.0359375
0 0.14921875 0.63046875 0.0140625 0.0078125
0 0.1859375 0.6765625 0.0203125 0.0203125
0 0.3328125 0.63984375 0.10625 0.0265625
0 0.40703125 0.63203125 0.0078125 0.0046875
0 0.4421875 0.634375 0.0109375 0.0078125
0 0.46015625 0.63359375 0.00625 0.0078125
0 0.63125 0.65625 0.096875 0.05625
0 0.928125 0.8796875 0.1375 0.2390625
0 0.98359375 0.5203125 0.03125 0.0421875