0 0.02265625 0.565625 0.0453125 0.3125
0 0.11484375 0.63046875 0.1140625 0.4921875
0 0.21015625 0.50234375 0.0375 0.1421875
0 0.29765625 0.56953125 0.078125 0.3078125
0 0.24921875 0.5078125 0.0203125 0.1
0 0.24140625 0.48046875 0.015625 0.065625
0 0.40625 0.57265625 0.065625 0.2984375
0 0.45078125 0.540625 0.040625 0.1921875
0 0.434375 0.475 0.025 0.08125
0 0.49609375 0.50234375 0.0296875 0.121875
0 0.61171875 0.5671875 0.0390625 0.234375
0 0.64765625 0.5171875 0.0296875 0.1609375
0 0.66875 0.525 0.0203125 0.1453125
0 0.69453125 0.61171875 0.084375 0.340625
0 0.7421875 0.38125 0.0171875 0.0578125
0 0.8265625 0.64453125 0.0609375 0.390625
0 0.890625 0.6671875 0.05 0.45
0 0.934375 0.68125 0.0921875 0.5265625
0 0.97265625 0.5484375 0.0515625 0.1765625
0 0.0421875 0.484375 0.028125 0.115625
0 0.946875 0.52109375 0.034375 0.1265625
0 0.61171875 0.49765625 0.0421875 0.0796875
0 0.40234375 0.42734375 0.0984375 0.1296875
0 0.32421875 0.48984375 0.028125 0.1109375
0 0.2671875 0.49609375 0.025 0.11875
0 0.18125 0.459375 0.009375 0.0609375
0 0.00546875 0.46875 0.0109375 0.1125
0 0.4671875 0.74375 0.290625 0.0921875