0 0.0796875 0.41328125 0.0875 0.5765625
0 0.125 0.434375 0.09375 0.5625
0 0.1578125 0.4609375 0.090625 0.5640625
0 0.1578125 0.4578125 0.090625 0.5703125
0 0.18828125 0.20703125 0.0484375 0.1359375
0 0.209375 0.1453125 0.0390625 0.06875
0 0.2546875 0.190625 0.046875 0.1453125
0 0.284375 0.334375 0.0765625 0.4109375
0 0.2328125 0.60625 0.103125 0.3734375
0 0.309375 0.621875 0.128125 0.378125
0 0.396875 0.6078125 0.0890625 0.3875
0 0.45625 0.6078125 0.19375 0.3703125
0 0.59765625 0.565625 0.1140625 0.5375
0 0.70078125 0.60625 0.1578125 0.4171875
0 0.353125 0.3578125 0.078125 0.4078125
0 0.43046875 0.33828125 0.0953125 0.41875
0 0.49765625 0.41796875 0.0921875 0.5109375
0 0.58125 0.3015625 0.084375 0.2765625
0 0.6421875 0.38125 0.065625 0.4125
0 0.70625 0.37578125 0.078125 0.3921875
0 0.79140625 0.478125 0.1375 0.5296875
0 0.82734375 0.46015625 0.084375 0.6171875
0 0.9140625 0.459375 0.0828125 0.64375
0 0.8953125 0.43203125 0.121875 0.621875
0 0.778125 0.4265625 0.053125 0.5734375
0 0.7328125 0.4390625 0.0484375 0.5515625
0 0.6671875 0.21328125 0.046875 0.159375
0 0.61015625 0.1953125 0.046875 0.159375
0 0.546875 0.24140625 0.0546875 0.259375
0 0.4828125 0.1984375 0.078125 0.20625
0 0.40078125 0.19609375 0.053125 0.165625
0 0.33203125 0.196875 0.046875 0.15625