0 0.06796875 0.4828125 0.134375 0.4984375
0 0.15859375 0.571875 0.1109375 0.3875
0 0.29453125 0.6171875 0.140625 0.3109375
0 0.13984375 0.2921875 0.0828125 0.1359375
0 0.15234375 0.3625 0.1 0.234375
0 0.2203125 0.40234375 0.071875 0.309375
0 0.29921875 0.40078125 0.1015625 0.30625
0 0.37890625 0.446875 0.0765625 0.3359375
0 0.40546875 0.415625 0.0515625 0.3109375
0 0.45546875 0.4984375 0.1453125 0.490625
0 0.5109375 0.40546875 0.0484375 0.2390625
0 0.53359375 0.421875 0.0359375 0.2640625
0 0.5578125 0.37421875 0.0671875 0.184375
0 0.584375 0.415625 0.0703125 0.171875
0 0.6 0.6078125 0.2375 0.7828125
0 0.70703125 0.3546875 0.0515625 0.0859375
0 0.77734375 0.56015625 0.15 0.5671875
0 0.81484375 0.5125 0.0953125 0.4453125
0 0.80390625 0.1921875 0.0453125 0.0921875
0 0.5078125 0.25703125 0.0171875 0.0390625
0 0.521875 0.23125 0.0171875 0.071875
0 0.2875 0.28359375 0.0234375 0.053125
0 0.6671875 0.328125 0.0234375 0.04375
0 0.98515625 0.584375 0.028125 0.215625