0 0.9015625 0.665625 0.10625 0.5359375
0 0.8140625 0.67265625 0.0796875 0.421875
0 0.8125 0.53203125 0.096875 0.2734375
0 0.7875 0.409375 0.059375 0.146875
0 0.77890625 0.34921875 0.059375 0.11875
0 0.72109375 0.6921875 0.1109375 0.5265625
0 0.715625 0.39921875 0.0859375 0.1765625
0 0.7453125 0.42578125 0.0671875 0.2296875
0 0.66875 0.3734375 0.0390625 0.109375
0 0.65390625 0.80859375 0.13125 0.3796875
0 0.6203125 0.690625 0.10625 0.4703125
0 0.64140625 0.55546875 0.0796875 0.3203125
0 0.578125 0.65234375 0.0703125 0.546875
0 0.63125 0.38515625 0.0625 0.15
0 0.60234375 0.33046875 0.0390625 0.0953125
0 0.55703125 0.4359375 0.090625 0.35
0 0.49609375 0.809375 0.1125 0.3765625
0 0.515625 0.57265625 0.075 0.2984375
0 0.51171875 0.40625 0.078125 0.2125
0 0.45078125 0.68046875 0.1015625 0.50625
0 0.41640625 0.42890625 0.084375 0.215625
0 0.478125 0.3296875 0.0359375 0.10625
0 0.45703125 0.36171875 0.0625 0.1578125
0 0.34375 0.65625 0.125 0.559375
0 0.3921875 0.32734375 0.053125 0.140625
0 0.36796875 0.3328125 0.0359375 0.1265625
0 0.32734375 0.33828125 0.04375 0.1109375
0 0.22109375 0.7875 0.1734375 0.3921875
0 0.2609375 0.5328125 0.08125 0.1515625
0 0.25234375 0.4578125 0.090625 0.209375
0 0.22890625 0.36953125 0.046875 0.134375
0 0.1546875 0.7078125 0.1390625 0.4828125
0 0.13359375 0.65625 0.1328125 0.55625
0 0.19765625 0.4765625 0.053125 0.15
0 0.140625 0.3921875 0.0703125 0.1796875
0 0.178125 0.39453125 0.053125 0.1765625
0 0.73046875 0.459375 0.0640625 0.1359375
0 0.67109375 0.453125 0.0421875 0.06875
0 0.47578125 0.44375 0.0578125 0.1265625
0 0.33203125 0.45 0.090625 0.2328125
0 0.62265625 0.303125 0.0265625 0.0453125
0 0.52890625 0.3234375 0.0234375 0.034375
0 0.42578125 0.30078125 0.0234375 0.0453125
0 0.30390625 0.353125 0.0234375 0.0546875
0 0.20390625 0.34609375 0.0296875 0.1
0 0.35859375 0.35234375 0.0234375 0.065625
0 0.278125 0.34765625 0.0453125 0.0921875