0 0.0921875 0.75 0.184375 0.4984375
0 0.28515625 0.79375 0.1875 0.4109375
0 0.22109375 0.74609375 0.10625 0.4140625
0 0.384375 0.78359375 0.1015625 0.390625
0 0.44453125 0.71015625 0.06875 0.3015625
0 0.52734375 0.78203125 0.1 0.4140625
0 0.66171875 0.6671875 0.090625 0.125
0 0.57890625 0.73359375 0.090625 0.2546875
0 0.50703125 0.64453125 0.053125 0.1734375
0 0.57734375 0.5859375 0.0515625 0.1546875
0 0.0328125 0.6125 0.065625 0.2
0 0.321875 0.6296875 0.04375 0.1140625
0 0.5984375 0.71796875 0.06875 0.071875
0 0.28046875 0.5640625 0.0578125 0.065625
0 0.45078125 0.58828125 0.0234375 0.040625
0 0.6390625 0.65703125 0.0203125 0.065625
0 0.553125 0.57578125 0.028125 0.0515625