0 0.93203125 0.6046875 0.134375 0.659375
0 0.81875 0.54453125 0.125 0.66875
0 0.7671875 0.55703125 0.0703125 0.609375
0 0.70625 0.60703125 0.125 0.7140625
0 0.66328125 0.3140625 0.0484375 0.1
0 0.61015625 0.6265625 0.1328125 0.69375
0 0.55078125 0.590625 0.1109375 0.690625
0 0.50078125 0.63828125 0.075 0.5953125
0 0.43828125 0.640625 0.109375 0.575
0 0.43671875 0.59375 0.1140625 0.646875
0 0.37578125 0.596875 0.0859375 0.5515625
0 0.4078125 0.26953125 0.0671875 0.1375
0 0.3359375 0.53671875 0.1140625 0.65625
0 0.25859375 0.590625 0.0984375 0.5515625
0 0.14375 0.609375 0.125 0.603125
0 0.125 0.57109375 0.1234375 0.6109375
0 0.05546875 0.5796875 0.1109375 0.61875
0 0.0046875 0.57734375 0.009375 0.0890625