0 0.021875 0.46640625 0.04375 0.4296875
0 0.04765625 0.46875 0.0546875 0.3390625
0 0.1140625 0.47265625 0.1078125 0.4421875
0 0.16015625 0.38359375 0.0484375 0.1625
0 0.22265625 0.54375 0.1625 0.5640625
0 0.3453125 0.5734375 0.18125 0.7578125
0 0.5390625 0.60078125 0.1875 0.7109375
0 0.44765625 0.4890625 0.08125 0.41875
0 0.48671875 0.3296875 0.0375 0.0671875
0 0.6625 0.54375 0.1484375 0.5953125
0 0.72109375 0.46796875 0.10625 0.521875
0 0.809375 0.49296875 0.0921875 0.4921875
0 0.88671875 0.52890625 0.1609375 0.5921875
0 0.8 0.47734375 0.0625 0.4328125
0 0.01484375 0.79375 0.0296875 0.15
0 0.6015625 0.34375 0.0734375 0.0515625
0 0.36796875 0.6890625 0.1 0.1515625
0 0.784375 0.325 0.0203125 0.0296875