0 0.1578125 0.31640625 0.0625 0.1609375
0 0.240625 0.33515625 0.0296875 0.15625
0 0.3359375 0.41171875 0.0625 0.203125
0 0.615625 0.38984375 0.0515625 0.1171875
0 0.58203125 0.3734375 0.0421875 0.1125
0 0.56796875 0.39921875 0.090625 0.128125
0 0.5203125 0.471875 0.1328125 0.278125
0 0.7484375 0.38515625 0.0515625 0.09375
0 0.71875 0.4203125 0.05625 0.165625
0 0.675 0.51640625 0.1140625 0.33125
0 0.8640625 0.38046875 0.0546875 0.2328125
0 0.8828125 0.3921875 0.0796875 0.2265625
0 0.978125 0.35859375 0.0421875 0.1609375
0 0.01796875 0.38984375 0.034375 0.1171875
0 0.7375 0.33671875 0.03125 0.01875
0 0.9921875 0.37734375 0.0109375 0.1046875
0 0.003125 0.29921875 0.0046875 0.0625
0 0.33984375 0.2953125 0.015625 0.021875
0 0.95390625 0.34765625 0.01875 0.1390625