0 0.76640625 0.62578125 0.4640625 0.7453125
0 0.24375 0.70234375 0.4875 0.5921875
0 0.32109375 0.61640625 0.2796875 0.5
0 0.52890625 0.5828125 0.2578125 0.5578125
0 0.35703125 0.41328125 0.178125 0.340625
0 0.16171875 0.30703125 0.1609375 0.3796875
0 0.0859375 0.26640625 0.171875 0.2984375
0 0.51640625 0.2 0.140625 0.2421875
0 0.52734375 0.43046875 0.171875 0.3671875
0 0.67109375 0.4296875 0.15 0.4109375
0 0.73984375 0.24921875 0.153125 0.1390625
0 0.77734375 0.4625 0.171875 0.484375
0 0.64609375 0.2 0.125 0.2078125
0 0.828125 0.1890625 0.1734375 0.1640625
0 0.596875 0.303125 0.078125 0.1875
0 0.14375 0.58515625 0.2875 0.4578125