0 0.959375 0.6265625 0.0796875 0.3140625
0 0.8859375 0.65703125 0.0875 0.3984375
0 0.0140625 0.67578125 0.028125 0.2625
0 0.02421875 0.56328125 0.0484375 0.11875
0 0.05625 0.55078125 0.0296875 0.05
0 0.0765625 0.63984375 0.1171875 0.2703125
0 0.0890625 0.52109375 0.0375 0.05625
0 0.115625 0.5484375 0.0296875 0.075
0 0.1296875 0.52421875 0.0140625 0.04375
0 0.1453125 0.5640625 0.0421875 0.15625
0 0.1703125 0.603125 0.046875 0.184375
0 0.36875 0.78203125 0.2140625 0.434375
0 0.34453125 0.575 0.0578125 0.16875
0 0.36796875 0.53828125 0.034375 0.1015625
0 0.4109375 0.59296875 0.0390625 0.246875
0 0.45078125 0.6171875 0.046875 0.2859375
0 0.48359375 0.55234375 0.028125 0.0875
0 0.48125 0.6921875 0.0640625 0.221875
0 0.5015625 0.55078125 0.0328125 0.0796875
0 0.534375 0.7671875 0.125 0.1875
0 0.5953125 0.61015625 0.0359375 0.2515625
0 0.615625 0.57890625 0.0203125 0.1484375
0 0.54765625 0.7203125 0.1234375 0.55625
0 0.6625 0.58671875 0.0453125 0.1953125
0 0.68984375 0.55 0.028125 0.13125
0 0.7140625 0.55625 0.0546875 0.1234375
0 0.734375 0.5328125 0.0296875 0.0875
0 0.784375 0.571875 0.0390625 0.159375
0 0.80078125 0.5546875 0.0203125 0.1109375
0 0.82578125 0.5625 0.0359375 0.1296875
0 0.8265625 0.69765625 0.053125 0.153125
0 0.77421875 0.70625 0.0734375 0.153125
0 0.73515625 0.71484375 0.09375 0.1765625
0 0.68046875 0.7265625 0.0859375 0.1984375
0 0.990625 0.5109375 0.0171875 0.03125
0 0.209375 0.55234375 0.0421875 0.059375
0 0.29921875 0.62109375 0.0546875 0.1109375
0 0.6765625 0.509375 0.015625 0.0265625
0 0.75703125 0.540625 0.01875 0.0546875
0 0.8125 0.50859375 0.0171875 0.0375