0 0.4328125 0.20625 0.0703125 0.1875
0 0.55234375 0.18984375 0.0796875 0.18125
0 0.5734375 0.25234375 0.0859375 0.16875
0 0.6078125 0.22890625 0.034375 0.0796875
0 0.45 0.3546875 0.0625 0.328125
0 0.51328125 0.28984375 0.1203125 0.18125
0 0.54140625 0.36484375 0.09375 0.13125
0 0.3875 0.32109375 0.0734375 0.1796875
0 0.31328125 0.32734375 0.059375 0.0515625
0 0.3953125 0.4421875 0.1078125 0.2453125
0 0.34453125 0.46484375 0.1140625 0.2453125
0 0.27109375 0.45234375 0.0859375 0.159375
0 0.21484375 0.40234375 0.0546875 0.1015625
0 0.103125 0.41640625 0.0765625 0.096875
0 0.06953125 0.5875 0.128125 0.2828125
0 0.0671875 0.80546875 0.134375 0.3875
0 0.19765625 0.71015625 0.1671875 0.56875
0 0.38359375 0.7640625 0.4234375 0.46875
0 0.475 0.44609375 0.0859375 0.153125
0 0.48671875 0.534375 0.20625 0.25
0 0.8375 0.48046875 0.1921875 0.3703125
0 0.77265625 0.67421875 0.453125 0.6484375
0 0.64453125 0.18984375 0.1265625 0.3796875
0 0.4921875 0.1578125 0.06875 0.075
0 0.5046875 0.2265625 0.0453125 0.0625
0 0.58671875 0.1390625 0.034375 0.0765625
0 0.71953125 0.28515625 0.0515625 0.0796875
0 0.60703125 0.30859375 0.01875 0.046875
0 0.24921875 0.334375 0.0546875 0.046875
0 0.3234375 0.2890625 0.0390625 0.03125
0 0.01328125 0.6421875 0.0265625 0.1609375
0 0.6984375 0.38203125 0.09375 0.10625
0 0.0859375 0.27421875 0.1046875 0.1609375
0 0.53671875 0.6640625 0.2640625 0.184375