0 0.5453125 0.3296875 0.0671875 0.2546875
0 0.56953125 0.44140625 0.0703125 0.3875
0 0.684375 0.5546875 0.0875 0.3671875
0 0.56015625 0.7671875 0.3203125 0.4625
0 0.24140625 0.840625 0.228125 0.315625
0 0.175 0.68515625 0.1875 0.5015625
0 0.28671875 0.4984375 0.1796875 0.4140625
0 0.859375 0.365625 0.084375 0.25625
0 0.89921875 0.36875 0.109375 0.290625
0 0.9453125 0.69375 0.1078125 0.36875
0 0.63203125 0.28515625 0.028125 0.1703125
0 0.4859375 0.21796875 0.1375 0.1328125
0 0.94296875 0.32890625 0.1015625 0.221875
0 0.309375 0.33125 0.1875 0.378125
0 0.60703125 0.31171875 0.05625 0.2671875
0 0.67421875 0.27578125 0.0734375 0.1328125