0 0.08046875 0.61953125 0.0734375 0.2109375
0 0.125 0.58203125 0.059375 0.228125
0 0.159375 0.53671875 0.0765625 0.246875
0 0.1703125 0.453125 0.0640625 0.103125
0 0.1921875 0.55703125 0.0375 0.1875
0 0.21953125 0.5 0.1265625 0.453125
0 0.296875 0.5421875 0.134375 0.55
0 0.45234375 0.4484375 0.09375 0.271875
0 0.48515625 0.3765625 0.0421875 0.11875
0 0.51015625 0.56171875 0.0890625 0.4796875
0 0.38828125 0.53515625 0.090625 0.0921875
0 0.54375 0.45546875 0.09375 0.3921875
0 0.64453125 0.60546875 0.2234375 0.45
0 0.69140625 0.421875 0.084375 0.2
0 0.6390625 0.3796875 0.0671875 0.1625
0 0.37578125 0.43828125 0.0328125 0.0671875
0 0.36484375 0.5140625 0.0375 0.1140625
0 0.15625 0.36484375 0.0296875 0.08125
0 0.84453125 0.6671875 0.309375 0.6640625
0 0.37109375 0.3921875 0.090625 0.0875
0 0.0734375 0.34609375 0.1359375 0.1234375
0 0.18828125 0.32578125 0.0515625 0.0671875