0 0.01953125 0.49765625 0.0390625 0.11875
0 0.1828125 0.515625 0.03125 0.1109375
0 0.32265625 0.43203125 0.028125 0.096875
0 0.3375 0.425 0.0203125 0.0890625
0 0.3546875 0.41640625 0.0140625 0.0890625
0 0.36171875 0.41796875 0.0265625 0.0953125
0 0.39375 0.79375 0.040625 0.171875
0 0.540625 0.72421875 0.04375 0.2015625
0 0.61328125 0.60859375 0.05625 0.175
0 0.690625 0.61796875 0.03125 0.171875
0 0.71796875 0.684375 0.03125 0.16875
0 0.7671875 0.70078125 0.0734375 0.1796875
0 0.8734375 0.47890625 0.0296875 0.128125
0 0.7984375 0.4296875 0.03125 0.115625
0 0.7640625 0.4453125 0.0390625 0.115625
0 0.653125 0.29765625 0.01875 0.0703125
0 0.6625 0.296875 0.0171875 0.0640625
0 0.640625 0.23515625 0.10625 0.0578125
0 0.6859375 0.29375 0.0484375 0.0828125
0 0.8015625 0.22578125 0.0125 0.065625
0 0.31875 0.41953125 0.0390625 0.103125
0 0.6296875 0.3171875 0.0265625 0.0875