0 0.0109375 0.61640625 0.021875 0.128125
0 0.028125 0.5984375 0.021875 0.10625
0 0.10234375 0.58203125 0.1421875 0.59375
0 0.13828125 0.5828125 0.109375 0.5234375
0 0.196875 0.39296875 0.05 0.11875
0 0.23203125 0.59296875 0.096875 0.528125
0 0.3203125 0.5171875 0.1171875 0.390625
0 0.296875 0.70625 0.2203125 0.41875
0 0.34375 0.71796875 0.1453125 0.371875
0 0.46328125 0.76015625 0.196875 0.3578125
0 0.6 0.74765625 0.1484375 0.3765625
0 0.73203125 0.759375 0.1203125 0.3875
0 0.4390625 0.33046875 0.071875 0.296875
0 0.49765625 0.3453125 0.06875 0.2015625
0 0.53515625 0.32421875 0.09375 0.184375
0 0.58515625 0.36015625 0.0484375 0.1234375
0 0.64921875 0.5125 0.0546875 0.4375
0 0.72578125 0.3953125 0.0671875 0.41875
0 0.78671875 0.50625 0.08125 0.434375
0 0.89296875 0.62578125 0.08125 0.50625
0 0.95625 0.61484375 0.0859375 0.409375
0 0.99140625 0.61171875 0.0171875 0.16875
0 0.88046875 0.62265625 0.153125 0.5984375
0 0.7796875 0.62109375 0.1078125 0.5421875
0 0.678125 0.5640625 0.1015625 0.596875
0 0.62734375 0.50078125 0.059375 0.2734375
0 0.678125 0.56171875 0.1015625 0.5859375
0 0.55 0.409375 0.0640625 0.1453125
0 0.58515625 0.6140625 0.121875 0.4234375
0 0.5140625 0.60234375 0.0734375 0.4671875
0 0.44296875 0.6359375 0.10625 0.515625
0 0.41484375 0.6140625 0.0609375 0.4421875
0 0.040625 0.6078125 0.015625 0.075
0 0.021875 0.55703125 0.009375 0.01875
0 0.82109375 0.6609375 0.0234375 0.15625
0 0.8890625 0.73046875 0.0234375 0.0578125
0 0.9671875 0.76484375 0.0640625 0.1375