0 0.73984375 0.94453125 0.0296875 0.1078125
0 0.74453125 0.88671875 0.028125 0.0671875
0 0.72109375 0.8953125 0.0328125 0.134375
0 0.79609375 0.8203125 0.0359375 0.115625
0 0.73359375 0.8078125 0.034375 0.1046875
0 0.70859375 0.80546875 0.034375 0.1
0 0.68984375 0.82109375 0.0296875 0.109375
0 0.65546875 0.79296875 0.028125 0.115625
0 0.6265625 0.828125 0.0234375 0.078125
0 0.63828125 0.92421875 0.0359375 0.1296875
0 0.446875 0.7765625 0.0375 0.1
0 0.503125 0.72578125 0.034375 0.0859375
0 0.565625 0.7078125 0.025 0.0859375
0 0.37578125 0.77578125 0.03125 0.0984375
0 0.4234375 0.73671875 0.0203125 0.090625
0 0.33203125 0.84140625 0.0296875 0.121875
0 0.3109375 0.8859375 0.040625 0.1046875
0 0.39921875 0.95078125 0.0390625 0.09375
0 0.3578125 0.95703125 0.0390625 0.0828125
0 0.33515625 0.95078125 0.0375 0.09375
0 0.24765625 0.83203125 0.0328125 0.1140625
0 0.3046875 0.7703125 0.0296875 0.0953125
0 0.26015625 0.765625 0.0265625 0.0875
0 0.28515625 0.7234375 0.0234375 0.0828125
0 0.7921875 0.74765625 0.028125 0.0828125
0 0.7546875 0.7421875 0.0265625 0.1078125
0 0.85234375 0.7453125 0.0328125 0.1171875
0 0.8890625 0.80859375 0.0359375 0.0796875
0 0.93828125 0.7234375 0.0375 0.090625
0 0.984375 0.796875 0.028125 0.078125
0 0.71640625 0.728125 0.0203125 0.0875
0 0.6875 0.70703125 0.0390625 0.0890625
0 0.6484375 0.69296875 0.0296875 0.0890625
0 0.63046875 0.63359375 0.015625 0.021875
0 0.47109375 0.67421875 0.025 0.078125
0 0.49921875 0.6640625 0.01875 0.0625
0 0.846875 0.646875 0.0203125 0.03125
0 0.88671875 0.6453125 0.0171875 0.046875
0 0.96015625 0.67890625 0.0234375 0.0640625
0 0.9859375 0.696875 0.025 0.0828125
0 0.95859375 0.61015625 0.0140625 0.0546875
0 0.93046875 0.55 0.0125 0.028125
0 0.95078125 0.553125 0.015625 0.0359375
0 0.52578125 0.77109375 0.01875 0.04375
0 0.60703125 0.97421875 0.0359375 0.046875
0 0.3296875 0.8 0.0296875 0.1109375
0 0.76640625 0.68203125 0.0203125 0.0796875
0 0.73203125 0.76640625 0.0234375 0.0671875
0 0.87578125 0.74921875 0.025 0.075
0 0.9 0.7609375 0.0203125 0.0640625
0 0.95546875 0.7453125 0.021875 0.0859375
0 0.90078125 0.7140625 0.025 0.06875
0 0.98359375 0.8390625 0.0296875 0.0609375
0 0.07421875 0.6578125 0.1484375 0.15625
0 0.2421875 0.6625 0.1125 0.134375
0 0.39765625 0.6625 0.1921875 0.125
0 0.5609375 0.64140625 0.1375 0.13125
0 0.98828125 0.6625 0.0203125 0.04375
0 0.94765625 0.50703125 0.0359375 0.0390625
0 0.7796875 0.521875 0.0703125 0.0625
0 0.61328125 0.55234375 0.04375 0.05625
0 0.4625 0.99140625 0.0328125 0.0140625
0 0.82421875 0.9421875 0.11875 0.1109375
0 0.384375 0.8921875 0.0953125 0.025
0 0.3984375 0.83671875 0.103125 0.0515625
0 0.8421875 0.70234375 0.0125 0.021875
0 0.7078125 0.6421875 0.078125 0.0125
0 0.72578125 0.69765625 0.0359375 0.071875
0 0.71640625 0.58203125 0.0171875 0.0453125
0 0.87421875 0.478125 0.015625 0.040625