0 0.1203125 0.8046875 0.240625 0.3890625
0 0.08046875 0.421875 0.1609375 0.4625
0 0.190625 0.44609375 0.1671875 0.6703125
0 0.36171875 0.58671875 0.1890625 0.5609375
0 0.05234375 0.1640625 0.08125 0.090625
0 0.33671875 0.27890625 0.146875 0.2703125
0 0.43359375 0.4234375 0.153125 0.4328125
0 0.46328125 0.39296875 0.0828125 0.48125
0 0.54765625 0.3828125 0.1109375 0.4703125
0 0.62578125 0.38203125 0.0765625 0.36875
0 0.8109375 0.50546875 0.3671875 0.934375
0 0.971875 0.446875 0.0546875 0.4203125
0 0.8953125 0.3375 0.1015625 0.40625
0 0.9171875 0.2921875 0.0515625 0.1828125
0 0.928125 0.30859375 0.040625 0.215625
0 0.9640625 0.32265625 0.046875 0.2359375
0 0.01953125 0.4640625 0.0390625 0.1109375
0 0.93671875 0.20625 0.125 0.090625
0 0.3515625 0.16328125 0.703125 0.2046875
0 0.94609375 0.61015625 0.0625 0.0625
0 0.303125 0.771875 0.315625 0.103125
0 0.7484375 0.85625 0.3765625 0.2484375
0 0.7078125 0.4234375 0.0984375 0.3140625
0 0.8359375 0.58203125 0.025 0.034375