0 0.559375 0.8859375 0.0390625 0.2265625
0 0.575 0.89453125 0.03125 0.209375
0 0.43828125 0.928125 0.1046875 0.1421875
0 0.38671875 0.94375 0.0625 0.1109375
0 0.440625 0.83046875 0.0421875 0.08125
0 0.36875 0.89609375 0.0390625 0.20625
0 0.33203125 0.86171875 0.0328125 0.203125
0 0.159375 0.87578125 0.04375 0.159375
0 0.1671875 0.85703125 0.0375 0.171875
0 0.07265625 0.85703125 0.0359375 0.184375
0 0.0046875 0.85 0.009375 0.128125
0 0.96015625 0.915625 0.078125 0.16875
0 0.97578125 0.896875 0.01875 0.08125
0 0.30703125 0.75625 0.015625 0.0390625