0 0.01171875 0.73671875 0.0234375 0.2765625
0 0.05703125 0.58515625 0.1140625 0.8265625
0 0.1171875 0.48515625 0.059375 0.3546875
0 0.146875 0.628125 0.1234375 0.740625
0 0.203125 0.725 0.053125 0.2578125
0 0.35859375 0.6890625 0.025 0.2625
0 0.4171875 0.675 0.05625 0.4984375
0 0.490625 0.66796875 0.0171875 0.1640625
0 0.61640625 0.659375 0.0515625 0.3703125
0 0.7171875 0.6890625 0.021875 0.203125
0 0.815625 0.66015625 0.075 0.5640625
0 0.88828125 0.6 0.021875 0.096875
0 0.22265625 0.62734375 0.0234375 0.046875
0 0.49765625 0.77421875 0.0328125 0.1
0 0.9015625 0.61796875 0.0203125 0.04375
0 0.6578125 0.625 0.0125 0.0265625
0 0.1453125 0.8203125 0.0171875 0.05625
0 0.315625 0.25625 0.0796875 0.3640625
0 0.53828125 0.34765625 0.0359375 0.1046875
0 0.103125 0.375 0.04375 0.134375
0 0.6921875 0.51875 0.015625 0.0390625
0 0.96796875 0.565625 0.025 0.046875