0 0.22109375 0.5640625 0.1828125 0.58125
0 0.26875 0.44765625 0.090625 0.3421875
0 0.371875 0.52109375 0.1484375 0.5921875
0 0.49609375 0.471875 0.1140625 0.4
0 0.5984375 0.5265625 0.13125 0.5640625
0 0.7484375 0.540625 0.18125 0.4515625
0 0.7890625 0.465625 0.1078125 0.3015625
0 0.85703125 0.71875 0.1328125 0.40625
0 0.746875 0.715625 0.1578125 0.4046875
0 0.61796875 0.7125 0.146875 0.415625
0 0.47421875 0.7515625 0.190625 0.3953125
0 0.3234375 0.725 0.1734375 0.359375
0 0.203125 0.72734375 0.153125 0.353125
0 0.9796875 0.4875 0.0390625 0.271875
0 0.92890625 0.49453125 0.0984375 0.265625
0 0.89921875 0.490625 0.0484375 0.240625
0 0.840625 0.4296875 0.075 0.19375
0 0.0609375 0.48203125 0.0609375 0.128125
0 0.6921875 0.471875 0.0703125 0.29375
0 0.88203125 0.43984375 0.065625 0.1796875
0 0.96484375 0.46875 0.0296875 0.1859375
0 0.71171875 0.35625 0.1171875 0.103125
0 0.93515625 0.38671875 0.0671875 0.0390625