0 0.32578125 0.6609375 0.3453125 0.678125
0 0.08359375 0.55703125 0.1671875 0.8828125
0 0.9484375 0.33515625 0.075 0.209375
0 0.84609375 0.2703125 0.071875 0.109375
0 0.9421875 0.24921875 0.115625 0.365625
0 0.8796875 0.2546875 0.1234375 0.3125
0 0.84921875 0.12265625 0.16875 0.23125
0 0.77421875 0.196875 0.0921875 0.2796875
0 0.753125 0.18203125 0.0578125 0.3015625
0 0.57421875 0.16875 0.1015625 0.2609375
0 0.53515625 0.1625 0.14375 0.240625
0 0.46953125 0.11796875 0.2 0.2359375
0 0.4265625 0.09296875 0.121875 0.1859375
0 0.35625 0.09453125 0.1078125 0.1890625
0 0.30078125 0.08671875 0.078125 0.1734375
0 0.92734375 0.10234375 0.1453125 0.2046875