0 0.89765625 0.51953125 0.19375 0.721875
0 0.73828125 0.521875 0.171875 0.6171875
0 0.60546875 0.54921875 0.134375 0.5671875
0 0.64453125 0.50625 0.0953125 0.478125
0 0.46953125 0.5328125 0.1359375 0.571875
0 0.3671875 0.52265625 0.1328125 0.503125
0 0.26171875 0.50703125 0.1125 0.5
0 0.18125 0.47265625 0.1125 0.51875
0 0.103125 0.475 0.0875 0.4515625
0 0.49140625 0.5125 0.10625 0.3890625
0 0.3328125 0.3953125 0.0578125 0.30625
0 0.55703125 0.31484375 0.05625 0.09375
0 0.75859375 0.3125 0.178125 0.078125
0 0.415625 0.303125 0.059375 0.0625
0 0.628125 0.76640625 0.740625 0.278125
0 0.98828125 0.4078125 0.021875 0.4140625
0 0.08359375 0.3109375 0.1671875 0.1265625
0 0.09921875 0.5390625 0.0984375 0.0734375