0 0.68671875 0.84765625 0.046875 0.1640625
0 0.72421875 0.815625 0.0328125 0.078125
0 0.75234375 0.8625 0.046875 0.1671875
0 0.6953125 0.81796875 0.0234375 0.10625
0 0.57578125 0.89296875 0.075 0.2109375
0 0.45703125 0.903125 0.0640625 0.1890625
0 0.35390625 0.91875 0.0765625 0.159375
0 0.39765625 0.896875 0.0515625 0.2015625
0 0.178125 0.9046875 0.13125 0.1875
0 0.2875 0.9171875 0.05625 0.1609375
0 0.27578125 0.90859375 0.05 0.178125
0 0.21953125 0.85 0.0390625 0.0859375
0 0.23984375 0.87890625 0.0328125 0.13125
0 0.01640625 0.9171875 0.0328125 0.1609375
0 0.6734375 0.18046875 0.403125 0.3609375
0 0.71796875 0.7734375 0.075 0.0671875
0 0.77890625 0.8125 0.05 0.1359375
0 0.65625 0.83984375 0.01875 0.1359375
0 0.409375 0.82734375 0.0140625 0.0453125
0 0.3390625 0.83671875 0.0921875 0.090625
0 0.209375 0.8125 0.0125 0.028125
0 0.175 0.85078125 0.021875 0.0625
0 0.02109375 0.8359375 0.0421875 0.1703125