0 0.13125 0.34140625 0.19375 0.4515625
0 0.24921875 0.46875 0.1390625 0.4828125
0 0.3578125 0.4984375 0.115625 0.3140625
0 0.40390625 0.3765625 0.071875 0.1640625
0 0.4203125 0.4625 0.134375 0.4265625
0 0.54453125 0.45390625 0.190625 0.465625
0 0.61484375 0.29921875 0.1046875 0.18125
0 0.6265625 0.18203125 0.1796875 0.3578125
0 0.728125 0.51796875 0.1578125 0.94375
0 0.8765625 0.465625 0.1984375 0.771875
0 0.92109375 0.346875 0.0703125 0.3328125
0 0.95546875 0.371875 0.0890625 0.6078125
0 0.37421875 0.36796875 0.028125 0.10625
0 0.48359375 0.60703125 0.1171875 0.165625
0 0.81875 0.27578125 0.04375 0.09375