0 0.10625 0.54296875 0.0765625 0.1734375
0 0.12421875 0.5375 0.053125 0.125
0 0.175 0.5609375 0.0984375 0.1921875
0 0.45390625 0.825 0.484375 0.34375
0 0.2421875 0.75078125 0.24375 0.403125
0 0.26015625 0.48359375 0.0640625 0.1078125
0 0.29921875 0.503125 0.0546875 0.0984375
0 0.38515625 0.51015625 0.078125 0.1609375
0 0.45625 0.503125 0.0796875 0.128125
0 0.51015625 0.534375 0.075 0.125
0 0.45625 0.5953125 0.096875 0.1640625
0 0.59765625 0.67734375 0.1609375 0.3171875
0 0.7703125 0.71640625 0.16875 0.4
0 0.42890625 0.46875 0.0421875 0.0953125
0 0.49375 0.465625 0.053125 0.090625
0 0.5546875 0.4703125 0.075 0.1046875
0 0.63203125 0.48046875 0.03125 0.084375
0 0.628125 0.55546875 0.084375 0.1859375
0 0.71171875 0.559375 0.0671875 0.128125
0 0.7828125 0.50859375 0.0984375 0.0984375
0 0.8296875 0.46875 0.0640625 0.0953125
0 0.85703125 0.503125 0.0578125 0.109375
0 0.953125 0.49375 0.078125 0.146875
0 0.88671875 0.65703125 0.178125 0.40625
0 0.44609375 0.4 0.071875 0.125
0 0.34375 0.61953125 0.14375 0.259375
0 0.35625 0.4671875 0.0234375 0.0625