0 0.03046875 0.7921875 0.0609375 0.4109375
0 0.04609375 0.7203125 0.0921875 0.415625
0 0.17734375 0.74765625 0.2015625 0.5015625
0 0.15 0.7125 0.0953125 0.5125
0 0.2046875 0.4015625 0.0578125 0.2578125
0 0.25859375 0.50546875 0.0953125 0.36875
0 0.2671875 0.30546875 0.0578125 0.13125
0 0.290625 0.30703125 0.0328125 0.14375
0 0.32890625 0.29140625 0.040625 0.071875
0 0.3375 0.37890625 0.0546875 0.2125
0 0.37578125 0.2890625 0.0375 0.078125
0 0.39375 0.34453125 0.0375 0.1140625
0 0.41953125 0.36796875 0.0390625 0.1671875
0 0.36640625 0.47734375 0.06875 0.3265625
0 0.4 0.5265625 0.08125 0.2375
0 0.4109375 0.734375 0.190625 0.528125
0 0.4546875 0.33671875 0.03125 0.153125
0 0.47578125 0.36484375 0.0546875 0.1734375
0 0.47734375 0.40703125 0.053125 0.1671875
0 0.5328125 0.3078125 0.034375 0.0671875
0 0.51640625 0.3609375 0.05 0.159375
0 0.596875 0.446875 0.0625 0.221875
0 0.5390625 0.615625 0.1265625 0.453125
0 0.6421875 0.49609375 0.090625 0.2578125
0 0.76171875 0.7125 0.146875 0.571875
0 0.8390625 0.67578125 0.1203125 0.453125
0 0.76328125 0.4234375 0.0328125 0.0421875
0 0.796875 0.47265625 0.040625 0.115625
0 0.88984375 0.24765625 0.025 0.05
0 0.9171875 0.2375 0.0375 0.090625
0 0.35625 0.26171875 0.0296875 0.046875
0 0.78984375 0.4890625 0.028125 0.0828125
0 0.88515625 0.84765625 0.2265625 0.3015625
0 0.49921875 0.96171875 0.2515625 0.0734375
0 0.57890625 0.79140625 0.296875 0.2625
0 0.3 0.62109375 0.1046875 0.3328125
0 0.56484375 0.52890625 0.2828125 0.2453125