0 0.0171875 0.378125 0.034375 0.159375
0 0.09453125 0.390625 0.059375 0.1109375
0 0.0625 0.71953125 0.125 0.4796875
0 0.09609375 0.6859375 0.090625 0.43125
0 0.1640625 0.690625 0.15 0.5125
0 0.2390625 0.7015625 0.0765625 0.4453125
0 0.2765625 0.61796875 0.0515625 0.2609375
0 0.31328125 0.61640625 0.084375 0.2609375
0 0.37421875 0.70625 0.1 0.084375
0 0.33828125 0.603125 0.1359375 0.221875
0 0.42890625 0.61875 0.06875 0.2296875
0 0.45859375 0.68828125 0.090625 0.1234375
0 0.4953125 0.575 0.20625 0.2453125
0 0.51015625 0.653125 0.071875 0.190625
0 0.55546875 0.60625 0.08125 0.2125
0 0.57109375 0.7015625 0.0828125 0.109375
0 0.61953125 0.62734375 0.0625 0.240625
0 0.675 0.61953125 0.06875 0.25
0 0.6796875 0.62421875 0.075 0.2375
0 0.7640625 0.73203125 0.1015625 0.421875
0 0.840625 0.7 0.109375 0.4671875
0 0.88203125 0.72890625 0.11875 0.453125
0 0.9609375 0.60703125 0.0765625 0.2609375
0 0.7921875 0.528125 0.053125 0.1328125
0 0.71796875 0.6203125 0.0734375 0.2078125
0 0.55546875 0.49609375 0.0375 0.0609375
0 0.5453125 0.528125 0.0984375 0.184375
0 0.21484375 0.4640625 0.078125 0.08125
0 0.278125 0.615625 0.05625 0.259375
0 0.94609375 0.86640625 0.10625 0.2640625
0 0.896875 0.52421875 0.0484375 0.096875
0 0.83359375 0.509375 0.0609375 0.071875
0 0.65234375 0.4953125 0.15625 0.146875
0 0.55390625 0.49453125 0.04375 0.0640625
0 0.4640625 0.5078125 0.05 0.06875
0 0.35859375 0.475 0.1625 0.16875
0 0.22109375 0.51171875 0.059375 0.109375
0 0.0125 0.49140625 0.025 0.05