0 0.01953125 0.47265625 0.0390625 0.2546875
0 0.0625 0.40390625 0.05625 0.11875
0 0.13515625 0.4 0.059375 0.1328125
0 0.17109375 0.37734375 0.0375 0.109375
0 0.3046875 0.32734375 0.0328125 0.06875
0 0.3671875 0.35546875 0.0421875 0.1140625
0 0.4125 0.3546875 0.053125 0.1171875
0 0.478125 0.34453125 0.034375 0.09375
0 0.5265625 0.34453125 0.0625 0.0984375
0 0.6171875 0.3078125 0.0625 0.1625
0 0.17578125 0.59296875 0.25625 0.428125
0 0.21953125 0.428125 0.1109375 0.175
0 0.29453125 0.39453125 0.0984375 0.14375
0 0.34140625 0.3734375 0.0796875 0.1296875
0 0.4640625 0.3515625 0.0578125 0.1015625
0 0.71875 0.346875 0.0796875 0.121875
0 0.7828125 0.3296875 0.034375 0.109375
0 0.76484375 0.365625 0.090625 0.1328125
0 0.78046875 0.41015625 0.1203125 0.196875
0 0.8765625 0.5265625 0.1609375 0.3609375
0 0.90703125 0.35390625 0.028125 0.125
0 0.93125 0.35234375 0.059375 0.13125
0 0.9546875 0.378125 0.0625 0.1640625
0 0.95703125 0.3828125 0.065625 0.1671875
0 0.91015625 0.33125 0.03125 0.078125
0 0.715625 0.31875 0.0359375 0.075
0 0.90234375 0.471875 0.1921875 0.171875
0 0.92421875 0.78828125 0.1484375 0.2328125
0 0.01640625 0.56640625 0.0328125 0.1203125