0 0.54921875 0.3140625 0.1171875 0.5671875
0 0.6421875 0.3265625 0.1671875 0.653125
0 0.7640625 0.3890625 0.2640625 0.746875
0 0.87109375 0.509375 0.25625 0.61875
0 0.71015625 0.2921875 0.19375 0.584375
0 0.7859375 0.375 0.184375 0.5796875
0 0.87265625 0.425 0.253125 0.578125
0 0.92890625 0.15234375 0.103125 0.21875
0 0.1890625 0.46015625 0.234375 0.7796875
0 0.09609375 0.6125 0.1921875 0.771875
0 0.0546875 0.22265625 0.109375 0.2859375
0 0.309375 0.3703125 0.1796875 0.7015625
0 0.39140625 0.34140625 0.090625 0.5921875
0 0.50234375 0.2671875 0.1078125 0.534375
0 0.60234375 0.0546875 0.05 0.109375
0 0.05859375 0.1046875 0.1171875 0.209375
0 0.25234375 0.1234375 0.0703125 0.246875
0 0.19921875 0.1390625 0.0953125 0.2203125
0 0.278125 0.11796875 0.1078125 0.2359375
0 0.60234375 0.053125 0.0484375 0.10625
0 0.90546875 0.06171875 0.040625 0.090625
0 0.6109375 0.278125 0.128125 0.55625
0 0.13984375 0.053125 0.1765625 0.10625
0 0.39921875 0.06171875 0.134375 0.1234375