0 0.0828125 0.8515625 0.1296875 0.2734375
0 0.3625 0.8359375 0.0921875 0.19375
0 0.29609375 0.8234375 0.0703125 0.0625
0 0.2203125 0.81171875 0.0765625 0.0515625
0 0.5734375 0.79140625 0.0203125 0.01875
0 0.58046875 0.809375 0.028125 0.0484375
0 0.60078125 0.79140625 0.0203125 0.015625
0 0.72421875 0.78984375 0.028125 0.01875
0 0.77109375 0.79140625 0.0203125 0.0390625
0 0.80703125 0.790625 0.021875 0.0171875
0 0.825 0.78671875 0.0265625 0.0515625
0 0.69375 0.840625 0.0953125 0.1109375
0 0.24296875 0.790625 0.0171875 0.015625
0 0.42421875 0.79375 0.028125 0.028125
0 0.4265625 0.77890625 0.0171875 0.03125
0 0.4734375 0.771875 0.0125 0.015625
0 0.46328125 0.771875 0.009375 0.0140625
0 0.259375 0.79296875 0.0390625 0.015625
0 0.16171875 0.7234375 0.0203125 0.0203125
0 0.4171875 0.78671875 0.01875 0.028125
0 0.45078125 0.77109375 0.0203125 0.0171875
0 0.49609375 0.5703125 0.1203125 0.040625
0 0.6234375 0.55703125 0.059375 0.1640625
0 0.353125 0.534375 0.0515625 0.1609375
0 0.490625 0.5140625 0.0359375 0.0515625
0 0.48515625 0.4546875 0.20625 0.065625
0 0.59296875 0.375 0.0859375 0.0921875
0 0.38125 0.37265625 0.0828125 0.0953125
0 0.6953125 0.1703125 0.1078125 0.071875
0 0.2984375 0.175 0.171875 0.09375