0 0.17890625 0.6015625 0.1125 0.45625
0 0.24140625 0.50234375 0.0875 0.396875
0 0.26796875 0.6 0.0765625 0.4265625
0 0.34765625 0.3671875 0.103125 0.2046875
0 0.4171875 0.29296875 0.0921875 0.1734375
0 0.3546875 0.5921875 0.1296875 0.478125
0 0.4140625 0.5234375 0.0921875 0.45625
0 0.46640625 0.57265625 0.1203125 0.5171875
0 0.5 0.3359375 0.05 0.1125
0 0.5203125 0.31328125 0.05625 0.125
0 0.5203125 0.37265625 0.0671875 0.1265625
0 0.5625 0.29765625 0.0609375 0.165625
0 0.59609375 0.34375 0.075 0.1578125
0 0.6421875 0.28046875 0.0609375 0.11875
0 0.68828125 0.33046875 0.0671875 0.159375
0 0.73984375 0.36640625 0.0984375 0.1875
0 0.8265625 0.54453125 0.1390625 0.4234375
0 0.759375 0.58828125 0.121875 0.484375
0 0.6765625 0.61328125 0.11875 0.4390625
0 0.56796875 0.58671875 0.1265625 0.484375
0 0.64453125 0.52890625 0.096875 0.4515625