0 0.07421875 0.7125 0.1484375 0.575
0 0.1484375 0.4765625 0.109375 0.2515625
0 0.16015625 0.7296875 0.1421875 0.5390625
0 0.21171875 0.4453125 0.0734375 0.0984375
0 0.30390625 0.7125 0.2765625 0.575
0 0.29609375 0.42734375 0.0609375 0.1015625
0 0.3015625 0.42578125 0.0484375 0.1015625
0 0.35 0.53828125 0.084375 0.1765625
0 0.39765625 0.7140625 0.0828125 0.546875
0 0.45078125 0.6171875 0.0734375 0.396875
0 0.47890625 0.55390625 0.1234375 0.3390625
0 0.83046875 0.6140625 0.209375 0.3515625
0 0.8296875 0.6453125 0.215625 0.290625
0 0.9203125 0.52421875 0.0234375 0.0515625
0 0.41171875 0.390625 0.165625 0.0703125