0 0.0234375 0.67734375 0.046875 0.5265625
0 0.2078125 0.61875 0.2265625 0.7609375
0 0.24140625 0.38359375 0.028125 0.0703125
0 0.30390625 0.68515625 0.065625 0.40625
0 0.54921875 0.728125 0.075 0.240625
0 0.915625 0.61640625 0.146875 0.646875
0 0.03203125 0.51171875 0.0375 0.2390625
0 0.0390625 0.50546875 0.0265625 0.19375
0 0.05859375 0.49453125 0.0328125 0.178125
0 0.071875 0.48828125 0.021875 0.13125
0 0.0875 0.4890625 0.0390625 0.15625
0 0.09140625 0.47890625 0.028125 0.15
0 0.0984375 0.428125 0.0171875 0.0484375
0 0.11484375 0.46875 0.0265625 0.140625
0 0.2828125 0.45859375 0.015625 0.0828125
0 0.30078125 0.44921875 0.0296875 0.0859375
0 0.32421875 0.47109375 0.01875 0.0953125
0 0.3375 0.45078125 0.0234375 0.0609375
0 0.359375 0.45859375 0.0125 0.0390625
0 0.353125 0.5203125 0.0453125 0.146875
0 0.3734375 0.46484375 0.0234375 0.115625
0 0.4015625 0.465625 0.015625 0.0296875
0 0.3515625 0.440625 0.0078125 0.0203125
0 0.31328125 0.4640625 0.0125 0.0546875
0 0.38125 0.446875 0.0078125 0.0390625
0 0.3859375 0.44296875 0.0046875 0.03125
0 0.38828125 0.45 0.00625 0.040625
0 0.39453125 0.4515625 0.009375 0.046875
0 0.40078125 0.4390625 0.0078125 0.0265625
0 0.4125 0.45234375 0.0234375 0.065625
0 0.42890625 0.45703125 0.009375 0.071875
0 0.43828125 0.471875 0.015625 0.075
0 0.4515625 0.4765625 0.01875 0.059375
0 0.45078125 0.4421875 0.01875 0.0546875
0 0.46953125 0.46484375 0.025 0.1171875
0 0.5015625 0.50390625 0.04375 0.1609375
0 0.509375 0.4390625 0.0125 0.040625
0 0.5171875 0.43828125 0.0109375 0.04375
0 0.5234375 0.44765625 0.009375 0.05625
0 0.528125 0.44765625 0.0078125 0.0546875
0 0.53359375 0.453125 0.0140625 0.0640625
0 0.54375 0.4390625 0.0140625 0.04375
0 0.5609375 0.46015625 0.0203125 0.0953125
0 0.5640625 0.44609375 0.0140625 0.071875
0 0.578125 0.4640625 0.0203125 0.11875
0 0.5921875 0.45078125 0.0171875 0.1
0 0.5953125 0.46640625 0.0203125 0.115625
0 0.60078125 0.421875 0.009375 0.03125
0 0.60625 0.421875 0.0078125 0.0328125
0 0.615625 0.4484375 0.0171875 0.096875
0 0.6265625 0.4671875 0.0203125 0.115625
0 0.6375 0.46171875 0.0125 0.125
0 0.64609375 0.465625 0.0234375 0.13125
0 0.6546875 0.46484375 0.028125 0.1375
0 0.66875 0.46328125 0.0125 0.1015625
0 0.67890625 0.46328125 0.01875 0.10625
0 0.68984375 0.46953125 0.021875 0.1375
0 0.69609375 0.48046875 0.021875 0.159375
0 0.7125 0.4921875 0.034375 0.2
0 0.7265625 0.471875 0.0234375 0.1359375
0 0.74375 0.4734375 0.0234375 0.11875
0 0.78046875 0.49375 0.0390625 0.221875
0 0.79609375 0.471875 0.028125 0.215625
0 0.8140625 0.46328125 0.0203125 0.153125
0 0.82265625 0.40546875 0.009375 0.0296875
0 0.81953125 0.49453125 0.0421875 0.275
0 0.8375 0.50234375 0.0453125 0.31875
0 0.853125 0.37578125 0.0203125 0.0390625
0 0.86484375 0.51875 0.04375 0.2765625
0 0.86640625 0.375 0.028125 0.046875
0 0.89140625 0.41484375 0.0328125 0.084375
0 0.8921875 0.4125 0.03125 0.08125
0 0.98125 0.39921875 0.0296875 0.0734375
0 0.97578125 0.396875 0.0203125 0.06875
0 0.11796875 0.478125 0.075 0.178125