0 0.0546875 0.85703125 0.0421875 0.1328125
0 0.28515625 0.74453125 0.00625 0.0140625
0 0.32109375 0.7453125 0.0078125 0.0171875
0 0.33671875 0.75 0.009375 0.0375
0 0.38984375 0.75078125 0.015625 0.0125
0 0.415625 0.740625 0.0046875 0.009375
0 0.42109375 0.7390625 0.00625 0.0078125
0 0.509375 0.74375 0.0078125 0.0296875
0 0.5484375 0.74296875 0.0140625 0.028125
0 0.553125 0.73515625 0.0078125 0.0203125
0 0.63515625 0.73671875 0.0078125 0.01875
0 0.64453125 0.7359375 0.009375 0.0234375
0 0.77734375 0.740625 0.009375 0.03125
0 0.78984375 0.740625 0.009375 0.0328125
0 0.65234375 0.74140625 0.0109375 0.0328125
0 0.36640625 0.80390625 0.046875 0.1421875
0 0.28828125 0.7515625 0.0078125 0.0203125