0 0.034375 0.7234375 0.0359375 0.16875
0 0.0734375 0.7953125 0.08125 0.3390625
0 0.10859375 0.728125 0.025 0.1484375
0 0.1296875 0.715625 0.0203125 0.1453125
0 0.1484375 0.7078125 0.0390625 0.1484375
0 0.184375 0.7109375 0.0359375 0.1640625
0 0.22578125 0.7875 0.0609375 0.3625
0 0.26328125 0.7984375 0.0484375 0.2875
0 0.26015625 0.6765625 0.046875 0.0875
0 0.3046875 0.8125 0.065625 0.3734375
0 0.39765625 0.77890625 0.03125 0.2625
0 0.43046875 0.7578125 0.0265625 0.1875
0 0.4484375 0.7703125 0.053125 0.30625
0 0.49140625 0.709375 0.0796875 0.2
0 0.55859375 0.796875 0.0796875 0.340625
0 0.559375 0.7703125 0.0640625 0.2875
0 0.58828125 0.65078125 0.0375 0.0921875
0 0.6125 0.79375 0.0578125 0.2921875
0 0.6453125 0.828125 0.0390625 0.221875
0 0.69453125 0.8171875 0.0859375 0.3640625
0 0.68515625 0.6625 0.0359375 0.090625
0 0.7234375 0.73515625 0.034375 0.228125
0 0.75390625 0.696875 0.0265625 0.1453125
0 0.79453125 0.6609375 0.0421875 0.0734375
0 0.78125 0.74375 0.0484375 0.1515625
0 0.8140625 0.7828125 0.034375 0.20625
0 0.8421875 0.79453125 0.0515625 0.3375
0 0.91875 0.81953125 0.1625 0.359375
0 0.54375 0.6953125 0.9109375 0.196875