0 0.3265625 0.49921875 0.653125 0.9984375
0 0.34140625 0.3140625 0.0640625 0.2359375
0 0.425 0.2921875 0.05625 0.2125
0 0.496875 0.315625 0.0609375 0.271875
0 0.5296875 0.3328125 0.090625 0.321875
0 0.5609375 0.2078125 0.0421875 0.0921875
0 0.5734375 0.346875 0.04375 0.378125
0 0.59609375 0.38203125 0.075 0.453125
0 0.66015625 0.37421875 0.16875 0.496875
0 0.72578125 0.196875 0.046875 0.1296875
0 0.88125 0.31015625 0.2328125 0.6125
0 0.78515625 0.71875 0.4265625 0.5578125
0 0.62890625 0.18984375 0.01875 0.05625
0 0.73671875 0.28203125 0.078125 0.2640625
0 0.975 0.31328125 0.0484375 0.6109375
0 0.37890625 0.23828125 0.034375 0.1046875