0 0.70234375 0.75390625 0.109375 0.3375
0 0.6265625 0.73671875 0.0734375 0.2671875
0 0.54765625 0.7296875 0.090625 0.3125
0 0.43046875 0.74609375 0.0984375 0.3078125
0 0.46875 0.7328125 0.0578125 0.284375
0 0.3484375 0.71875 0.0703125 0.2296875
0 0.11484375 0.696875 0.075 0.2375
0 0.02265625 0.565625 0.0390625 0.0984375
0 0.19296875 0.7109375 0.0515625 0.1578125
0 0.30078125 0.72890625 0.0453125 0.13125
0 0.25234375 0.61640625 0.0375 0.090625
0 0.69453125 0.74296875 0.0859375 0.2875
0 0.5015625 0.28046875 0.9890625 0.1
0 0.23828125 0.71953125 0.0640625 0.121875