0 0.17734375 0.625 0.3375 0.746875
0 0.321875 0.49375 0.1390625 0.478125
0 0.48671875 0.48671875 0.1328125 0.4234375
0 0.6328125 0.41640625 0.0828125 0.34375
0 0.76328125 0.48359375 0.0671875 0.440625
0 0.85625 0.54921875 0.2171875 0.8984375
0 0.971875 0.3875 0.0546875 0.315625
0 0.36640625 0.34375 0.0828125 0.1671875
0 0.39375 0.4234375 0.0796875 0.3375
0 0.5203125 0.346875 0.0609375 0.171875
0 0.575 0.40859375 0.0703125 0.2546875
0 0.66953125 0.40390625 0.05 0.2578125
0 0.703125 0.34765625 0.0546875 0.1421875
0 0.80234375 0.303125 0.053125 0.125
0 0.59921875 0.28203125 0.0328125 0.0578125
0 0.24921875 0.41015625 0.0703125 0.2109375
0 0.1046875 0.37421875 0.0609375 0.2109375
0 0.06328125 0.4046875 0.0703125 0.1796875
0 0.0609375 0.59296875 0.121875 0.4640625
0 0.434375 0.4921875 0.05 0.13125
0 0.96328125 0.3578125 0.0484375 0.234375
0 0.91875 0.234375 0.0171875 0.04375
0 0.7203125 0.33515625 0.0453125 0.128125
0 0.77890625 0.271875 0.01875 0.0296875
0 0.81328125 0.27578125 0.015625 0.021875
0 0.578125 0.29375 0.0296875 0.0375
0 0.49140625 0.30078125 0.025 0.04375
0 0.421875 0.3515625 0.0515625 0.1453125
0 0.259375 0.33203125 0.05625 0.071875
0 0.46328125 0.26484375 0.0453125 0.0296875
0 0.215625 0.33046875 0.0109375 0.0328125
0 0.40625 0.5 0.0125 0.140625
0 0.53828125 0.290625 0.0125 0.0359375