0 0.1234375 0.803125 0.015625 0.0953125
0 0.1125 0.803125 0.0234375 0.103125
0 0.96171875 0.790625 0.040625 0.1484375
0 0.915625 0.7875 0.0359375 0.159375
0 0.76328125 0.8078125 0.021875 0.1015625
0 0.74296875 0.759375 0.0515625 0.2375
0 0.66640625 0.8421875 0.009375 0.0203125
0 0.6640625 0.78671875 0.046875 0.1640625
0 0.6 0.784375 0.0328125 0.15625
0 0.2109375 0.7140625 0.08125 0.340625
0 0.25234375 0.78515625 0.0375 0.1453125
0 0.284375 0.7640625 0.0578125 0.209375
0 0.33359375 0.7875 0.04375 0.1390625
0 0.3765625 0.784375 0.0453125 0.15625
0 0.453125 0.7859375 0.028125 0.1390625
0 0.5296875 0.76484375 0.0578125 0.234375
0 0.48203125 0.79609375 0.0375 0.153125
0 0.434375 0.5609375 0.4390625 0.478125
0 0.49921875 0.76484375 0.9984375 0.1828125