0 0.05546875 0.66484375 0.0625 0.2984375
0 0.03046875 0.63203125 0.040625 0.203125
0 0.06796875 0.66484375 0.084375 0.296875
0 0.0890625 0.55234375 0.025 0.0625
0 0.17109375 0.6046875 0.0375 0.16875
0 0.17421875 0.64140625 0.0625 0.21875
0 0.23671875 0.61953125 0.0390625 0.23125
0 0.2171875 0.7140625 0.10625 0.384375
0 0.25 0.60859375 0.025 0.15625
0 0.26875 0.63984375 0.0703125 0.2625
0 0.30625 0.59921875 0.040625 0.175
0 0.309375 0.54765625 0.05 0.075
0 0.32578125 0.61328125 0.03125 0.1125
0 0.325 0.55078125 0.01875 0.046875
0 0.34296875 0.57578125 0.0234375 0.11875
0 0.3515625 0.590625 0.028125 0.1140625
0 0.3734375 0.56171875 0.04375 0.0984375
0 0.38046875 0.68828125 0.0859375 0.3125
0 0.4234375 0.7046875 0.11875 0.353125
0 0.4421875 0.5515625 0.021875 0.0515625
0 0.490625 0.609375 0.040625 0.20625
0 0.471875 0.64921875 0.075 0.2625
0 0.4953125 0.53984375 0.021875 0.0359375
0 0.515625 0.62421875 0.053125 0.1953125
0 0.54296875 0.6265625 0.046875 0.23125
0 0.57578125 0.659375 0.0640625 0.2578125
0 0.6109375 0.63671875 0.05 0.23125
0 0.61796875 0.5546875 0.021875 0.059375
0 0.66796875 0.6546875 0.115625 0.325
0 0.6984375 0.64140625 0.05 0.221875
0 0.7171875 0.6625 0.0734375 0.221875
0 0.7140625 0.5359375 0.0203125 0.034375
0 0.73359375 0.6109375 0.046875 0.1953125
0 0.765625 0.61015625 0.04375 0.16875
0 0.77421875 0.603125 0.028125 0.15625
0 0.796875 0.5671875 0.0265625 0.0625
0 0.80625 0.62578125 0.046875 0.175
0 0.83828125 0.6046875 0.0453125 0.153125
0 0.86484375 0.57578125 0.015625 0.0890625
0 0.875 0.58203125 0.0203125 0.1078125
0 0.88671875 0.58828125 0.0328125 0.1140625
0 0.9 0.5421875 0.0140625 0.03125
0 0.91328125 0.59609375 0.0296875 0.121875
0 0.92109375 0.58125 0.0171875 0.1046875
0 0.934375 0.59296875 0.0328125 0.1125
0 0.29453125 0.52890625 0.0171875 0.034375
0 0.203125 0.5265625 0.034375 0.04375
0 0.1421875 0.5171875 0.0828125 0.021875
0 0.2578125 0.525 0.0171875 0.0171875
0 0.315625 0.5296875 0.0140625 0.03125
0 0.36015625 0.53515625 0.0203125 0.034375
0 0.63125 0.5234375 0.4890625 0.053125
0 0.6375 0.63984375 0.053125 0.1828125
0 0.98203125 0.553125 0.028125 0.01875
0 0.85234375 0.57890625 0.015625 0.0578125