0 0.46484375 0.82265625 0.06875 0.16875
0 0.3359375 0.83203125 0.0734375 0.1625
0 0.29375 0.821875 0.05625 0.1265625
0 0.33203125 0.7734375 0.0625 0.059375
0 0.37265625 0.8265625 0.053125 0.125
0 0.50546875 0.828125 0.0015625 0.0015625
0 0.19609375 0.84921875 0.0953125 0.23125
0 0.14921875 0.8171875 0.04375 0.134375
0 0.15 0.8140625 0.0609375 0.134375
0 0.1 0.821875 0.08125 0.1515625
0 0.05703125 0.82734375 0.046875 0.128125
0 0.04921875 0.8203125 0.0484375 0.1234375
0 0.4046875 0.80390625 0.0546875 0.0453125