0 0.01953125 0.8125 0.0390625 0.2453125
0 0.046875 0.83515625 0.05 0.2625
0 0.1046875 0.82421875 0.0640625 0.3046875
0 0.171875 0.83046875 0.0265625 0.2390625
0 0.14140625 0.853125 0.0796875 0.2734375
0 0.20625 0.84140625 0.071875 0.290625
0 0.23828125 0.77265625 0.0140625 0.0453125
0 0.2609375 0.840625 0.0609375 0.221875
0 0.296875 0.8484375 0.0375 0.1875
0 0.34140625 0.81328125 0.015625 0.090625
0 0.3859375 0.83515625 0.05 0.2140625
0 0.37421875 0.84921875 0.059375 0.21875
0 0.42421875 0.84296875 0.0296875 0.146875
0 0.43515625 0.7796875 0.0125 0.0265625
0 0.46484375 0.8390625 0.0546875 0.225
0 0.49453125 0.83359375 0.025 0.1671875
0 0.51796875 0.84765625 0.05 0.209375
0 0.553125 0.8390625 0.03125 0.1453125
0 0.57890625 0.8453125 0.03125 0.10625
0 0.571875 0.78828125 0.0203125 0.034375
0 0.59140625 0.8296875 0.025 0.1203125
0 0.61171875 0.83671875 0.0390625 0.1609375
0 0.6375 0.8359375 0.0390625 0.159375
0 0.66796875 0.8328125 0.0234375 0.121875
0 0.678125 0.8265625 0.0125 0.090625
0 0.69453125 0.82421875 0.028125 0.128125
0 0.7140625 0.8125 0.0234375 0.109375
0 0.746875 0.82421875 0.034375 0.1125
0 0.7359375 0.7734375 0.0140625 0.0375
0 0.80546875 0.7859375 0.034375 0.0828125
0 0.00546875 0.72578125 0.0109375 0.0484375
0 0.04921875 0.91796875 0.0171875 0.046875
0 0.06796875 0.734375 0.015625 0.025
0 0.18359375 0.7359375 0.0171875 0.0390625
0 0.3484375 0.82734375 0.021875 0.1359375
0 0.4546875 0.87890625 0.0265625 0.0890625
0 0.48203125 0.87109375 0.009375 0.0546875
0 0.51796875 0.8875 0.0328125 0.059375
0 0.57421875 0.7796875 0.08125 0.0234375
0 0.5984375 0.85859375 0.0140625 0.05