0 0.0578125 0.63046875 0.1109375 0.503125
0 0.109375 0.4765625 0.0359375 0.1546875
0 0.15546875 0.5109375 0.0234375 0.0703125
0 0.15546875 0.43515625 0.040625 0.0828125
0 0.22890625 0.5203125 0.0625 0.246875
0 0.321875 0.44296875 0.01875 0.0828125
0 0.33671875 0.44296875 0.021875 0.071875
0 0.3859375 0.48984375 0.059375 0.184375
0 0.45 0.45390625 0.028125 0.1046875
0 0.534375 0.44453125 0.015625 0.0796875
0 0.55703125 0.446875 0.0140625 0.0796875
0 0.5921875 0.4328125 0.0125 0.0515625
0 0.6078125 0.4515625 0.0109375 0.0921875
0 0.62578125 0.44765625 0.0234375 0.0953125
0 0.6953125 0.44375 0.0203125 0.08125
0 0.7140625 0.4296875 0.0140625 0.053125
0 0.7046875 0.4328125 0.009375 0.0546875
0 0.67421875 0.43046875 0.0171875 0.0546875
0 0.78515625 0.44296875 0.0203125 0.0828125
0 0.78984375 0.440625 0.0234375 0.0796875
0 0.8859375 0.459375 0.0234375 0.1234375
0 0.9375 0.4265625 0.0203125 0.0546875
0 0.9453125 0.43125 0.0125 0.0671875
0 0.95703125 0.453125 0.0140625 0.065625
0 0.9796875 0.4421875 0.015625 0.0890625
0 0.8234375 0.690625 0.0734375 0.2734375
0 0.8484375 0.590625 0.0546875 0.1921875
0 0.940625 0.553125 0.0515625 0.2140625
0 0.96640625 0.72265625 0.065625 0.275
0 0.84296875 0.91171875 0.06875 0.1734375
0 0.67890625 0.74453125 0.025 0.1015625
0 0.70234375 0.7421875 0.0359375 0.1109375
0 0.76640625 0.7703125 0.0203125 0.1109375
0 0.71640625 0.8421875 0.0421875 0.14375
0 0.76640625 0.85234375 0.028125 0.11875
0 0.7546875 0.94921875 0.0546875 0.0984375
0 0.7171875 0.93828125 0.0421875 0.1203125
0 0.68359375 0.91875 0.0484375 0.159375
0 0.6484375 0.9265625 0.06875 0.14375
0 0.63515625 0.88203125 0.028125 0.075
0 0.7640625 0.690625 0.0171875 0.090625
0 0.6875 0.43046875 0.0109375 0.0546875
0 0.7296875 0.65234375 0.096875 0.228125
0 0.3453125 0.43515625 0.015625 0.0640625
0 0.5921875 0.946875 0.0421875 0.103125