0 0.19765625 0.61796875 0.1109375 0.496875
0 0.29609375 0.6359375 0.128125 0.5328125
0 0.3078125 0.56484375 0.078125 0.3875
0 0.4015625 0.5625 0.0921875 0.4015625
0 0.425 0.50078125 0.05 0.29375
0 0.5140625 0.5828125 0.125 0.5578125
0 0.48984375 0.625 0.0828125 0.3421875
0 0.63046875 0.6046875 0.1234375 0.546875
0 0.58671875 0.534375 0.0671875 0.35625
0 0.66640625 0.39765625 0.059375 0.13125
0 0.7609375 0.5640625 0.1171875 0.509375
0 0.8390625 0.4421875 0.0921875 0.3578125
0 0.70546875 0.47734375 0.034375 0.2421875
0 0.684375 0.41640625 0.0265625 0.090625
0 0.59140625 0.39296875 0.0453125 0.0546875
0 0.496875 0.37265625 0.01875 0.0234375
0 0.73359375 0.63828125 0.0453125 0.1015625