0 0.40390625 0.9609375 0.05 0.059375
0 0.46328125 0.934375 0.0515625 0.090625
0 0.39453125 0.9390625 0.0375 0.0859375
0 0.22265625 0.8421875 0.0296875 0.065625
0 0.22265625 0.8359375 0.0390625 0.06875
0 0.28125 0.82578125 0.0265625 0.0640625
0 0.296875 0.83671875 0.025 0.06875
0 0.31015625 0.840625 0.03125 0.0796875
0 0.3296875 0.83671875 0.0265625 0.0625
0 0.31015625 0.8046875 0.0234375 0.0296875
0 0.3078125 0.790625 0.0203125 0.03125
0 0.33515625 0.79765625 0.0296875 0.05625
0 0.3546875 0.7953125 0.028125 0.0203125
0 0.359375 0.85625 0.034375 0.071875
0 0.38984375 0.8578125 0.0390625 0.0703125
0 0.38828125 0.82734375 0.0390625 0.0328125
0 0.38203125 0.8078125 0.0359375 0.034375
0 0.40234375 0.80703125 0.0328125 0.065625
0 0.36796875 0.784375 0.028125 0.04375
0 0.434375 0.80390625 0.034375 0.0609375
0 0.45703125 0.8015625 0.0265625 0.0609375
0 0.471875 0.8234375 0.021875 0.0671875
0 0.49296875 0.81796875 0.034375 0.075
0 0.5140625 0.825 0.0359375 0.0734375
0 0.5421875 0.81875 0.0359375 0.078125
0 0.5234375 0.784375 0.034375 0.04375
0 0.4890625 0.78125 0.0296875 0.0328125
0 0.4765625 0.79140625 0.028125 0.046875
0 0.5796875 0.81171875 0.0359375 0.0421875
0 0.59453125 0.85078125 0.046875 0.071875
0 0.57578125 0.84375 0.034375 0.071875
0 0.6203125 0.790625 0.03125 0.05625
0 0.66015625 0.79140625 0.0359375 0.04375
0 0.69375 0.78515625 0.0234375 0.0390625
0 0.69140625 0.82890625 0.0265625 0.075
0 0.7109375 0.8265625 0.03125 0.0625
0 0.74609375 0.82109375 0.040625 0.0703125
0 0.7375 0.8078125 0.03125 0.04375
0 0.78359375 0.7859375 0.0359375 0.0546875
0 0.73125 0.790625 0.028125 0.03125
0 0.7421875 0.8796875 0.05 0.0859375
0 0.63671875 0.89765625 0.040625 0.09375
0 0.70703125 0.940625 0.0390625 0.0515625
0 0.65078125 0.83359375 0.034375 0.0671875
0 0.484375 0.88828125 0.059375 0.0796875
0 0.746875 0.63515625 0.015625 0.0265625
0 0.75390625 0.6375 0.015625 0.0234375
0 0.69921875 0.6453125 0.0171875 0.0171875
0 0.69921875 0.64375 0.0171875 0.025
0 0.68828125 0.64375 0.015625 0.025
0 0.6296875 0.6515625 0.015625 0.025
0 0.61015625 0.65703125 0.015625 0.0265625
0 0.6015625 0.6578125 0.015625 0.0234375
0 0.58203125 0.659375 0.0140625 0.025
0 0.56015625 0.6546875 0.0125 0.0234375
0 0.53515625 0.65859375 0.01875 0.025
0 0.5171875 0.6578125 0.015625 0.0234375
0 0.50703125 0.65390625 0.0125 0.025
0 0.41484375 0.64296875 0.0140625 0.01875
0 0.47734375 0.66015625 0.0125 0.015625
0 0.46640625 0.62578125 0.0171875 0.0359375
0 0.4390625 0.621875 0.015625 0.0328125
0 0.80078125 0.9484375 0.109375 0.1
0 0.896875 0.84296875 0.203125 0.11875
0 0.8765625 0.4375 0.2453125 0.6921875
0 0.6921875 0.2140625 0.121875 0.209375
0 0.65390625 0.40546875 0.209375 0.2171875
0 0.1015625 0.49921875 0.203125 0.7953125
0 0.3734375 0.275 0.3484375 0.4
0 0.58828125 0.6359375 0.0359375 0.0234375