0 0.97734375 0.48203125 0.0453125 0.184375
0 0.9484375 0.47109375 0.05625 0.16875
0 0.88203125 0.42421875 0.0390625 0.0765625
0 0.8 0.64140625 0.26875 0.7171875
0 0.6734375 0.55390625 0.165625 0.4796875
0 0.41484375 0.59296875 0.2265625 0.8109375
0 0.2109375 0.64765625 0.2234375 0.7
0 0.29140625 0.56171875 0.1484375 0.4921875
0 0.58203125 0.48359375 0.0609375 0.14375
0 0.625 0.48359375 0.059375 0.1359375
0 0.53671875 0.475 0.040625 0.1453125
0 0.628125 0.39140625 0.0234375 0.05625
0 0.678125 0.4015625 0.025 0.08125
0 0.521875 0.4171875 0.028125 0.0578125
0 0.56875 0.4703125 0.0328125 0.128125
0 0.75625 0.3796875 0.0234375 0.0515625
0 0.92578125 0.409375 0.04375 0.040625
0 0.56796875 0.40546875 0.190625 0.059375