0 0.1640625 0.70078125 0.1296875 0.59375
0 0.1140625 0.56875 0.1765625 0.44375
0 0.17421875 0.40625 0.0671875 0.1453125
0 0.2453125 0.69453125 0.0890625 0.5609375
0 0.2234375 0.63828125 0.0625 0.5796875
0 0.27109375 0.39375 0.040625 0.15
0 0.30390625 0.70234375 0.0609375 0.5609375
0 0.3046875 0.4578125 0.06875 0.178125
0 0.3546875 0.6796875 0.0734375 0.5671875
0 0.36171875 0.42265625 0.071875 0.1625
0 0.41328125 0.67421875 0.065625 0.55625
0 0.42890625 0.42265625 0.0640625 0.171875
0 0.471875 0.68046875 0.071875 0.5484375
0 0.50859375 0.41640625 0.05625 0.2
0 0.54609375 0.66953125 0.09375 0.5609375
0 0.5921875 0.603125 0.0765625 0.5890625
0 0.62734375 0.68359375 0.1 0.54375
0 0.67890625 0.67421875 0.0828125 0.5421875
0 0.703125 0.42890625 0.0875 0.1703125
0 0.753125 0.67578125 0.1015625 0.5734375
0 0.79765625 0.45625 0.0796875 0.209375
0 0.8390625 0.71328125 0.1 0.5484375
0 0.87890625 0.42265625 0.1 0.2328125
0 0.9109375 0.7203125 0.1015625 0.5546875
0 0.95625 0.68984375 0.0859375 0.615625