0 0.084375 0.61875 0.13125 0.7296875
0 0.1296875 0.52734375 0.0875 0.715625
0 0.19375 0.28671875 0.1890625 0.3
0 0.225 0.6453125 0.2140625 0.7046875
0 0.3421875 0.56328125 0.2046875 0.86875
0 0.390625 0.5421875 0.215625 0.86875
0 0.47109375 0.52890625 0.0984375 0.7265625
0 0.5359375 0.60703125 0.2109375 0.7828125
0 0.60703125 0.57421875 0.1484375 0.8078125
0 0.71953125 0.5046875 0.203125 0.9859375
0 0.88515625 0.5515625 0.153125 0.86875
0 0.93515625 0.5375 0.1265625 0.921875
0 0.03671875 0.61015625 0.0734375 0.775