0 0.0703125 0.65703125 0.06875 0.1875
0 0.2140625 0.65546875 0.075 0.2328125
0 0.2765625 0.6703125 0.0765625 0.1734375
0 0.32734375 0.66953125 0.0375 0.1421875
0 0.26328125 0.66484375 0.0328125 0.15625
0 0.2328125 0.659375 0.040625 0.159375
0 0.4984375 0.6609375 0.0828125 0.265625
0 0.6 0.69375 0.0484375 0.096875
0 0.6421875 0.7 0.0359375 0.0859375
0 0.7046875 0.6609375 0.0859375 0.259375
0 0.9484375 0.67421875 0.0234375 0.08125
0 0.00546875 0.703125 0.0109375 0.125
0 0.7078125 0.78359375 0.078125 0.0203125
0 0.51328125 0.78515625 0.071875 0.0171875
0 0.296875 0.7546875 0.0484375 0.0109375
0 0.24921875 0.76640625 0.034375 0.0125
0 0.1078125 0.74765625 0.0328125 0.0125