0 0.98515625 0.496875 0.028125 0.2484375
0 0.02265625 0.44453125 0.0453125 0.140625
0 0.10625 0.42578125 0.1078125 0.5203125
0 0.140625 0.609375 0.128125 0.7765625
0 0.203125 0.65390625 0.1546875 0.6890625
0 0.34375 0.66484375 0.1546875 0.665625
0 0.29375 0.5578125 0.11875 0.8796875
0 0.36875 0.46640625 0.14375 0.5125
0 0.48125 0.6765625 0.1546875 0.6421875
0 0.45078125 0.37265625 0.121875 0.4
0 0.546875 0.60390625 0.1125 0.7875
0 0.61875 0.6578125 0.1609375 0.6796875
0 0.66484375 0.3453125 0.0640625 0.2515625
0 0.7125 0.62109375 0.11875 0.753125
0 0.7921875 0.62265625 0.2 0.7515625
0 0.8796875 0.6109375 0.128125 0.7734375
0 0.82890625 0.33359375 0.025 0.109375
0 0.240625 0.3859375 0.01875 0.0921875