0 0.96796875 0.553125 0.046875 0.2109375
0 0.915625 0.559375 0.05 0.20625
0 0.8546875 0.56171875 0.0453125 0.203125
0 0.79375 0.56875 0.05 0.171875
0 0.74140625 0.575 0.0484375 0.1625
0 0.68046875 0.57890625 0.0609375 0.184375
0 0.61875 0.575 0.0375 0.1796875
0 0.58125 0.58671875 0.0484375 0.171875
0 0.54140625 0.57578125 0.04375 0.1609375
0 0.51015625 0.55390625 0.0390625 0.15
0 0.459375 0.58203125 0.046875 0.1734375
0 0.42265625 0.58359375 0.046875 0.1875
0 0.38828125 0.58515625 0.0453125 0.1875
0 0.35234375 0.575 0.04375 0.2125
0 0.3234375 0.57265625 0.0375 0.2078125
0 0.09140625 0.553125 0.0453125 0.259375
0 0.11796875 0.57109375 0.0390625 0.234375
0 0.15234375 0.565625 0.04375 0.215625
0 0.1859375 0.56875 0.034375 0.225
0 0.21171875 0.56796875 0.0515625 0.23125
0 0.23359375 0.578125 0.03125 0.20625
0 0.25390625 0.57890625 0.0328125 0.2
0 0.2875 0.58515625 0.0421875 0.1796875
0 0.41171875 0.5125 0.03125 0.096875
0 0.44921875 0.490625 0.021875 0.05625
0 0.4875 0.56796875 0.0390625 0.203125
0 0.41171875 0.45703125 0.034375 0.040625
0 0.715625 0.58046875 0.0421875 0.1765625
0 0.7734375 0.55625 0.0328125 0.175
0 0.82578125 0.57421875 0.0390625 0.18125
0 0.89453125 0.54765625 0.0359375 0.1953125
0 0.3671875 0.51015625 0.01875 0.0546875
0 0.3234375 0.4875 0.0203125 0.0421875
0 0.57421875 0.49375 0.03125 0.05
0 0.65234375 0.56015625 0.0328125 0.196875
0 0.52734375 0.53203125 0.0140625 0.04375
0 0.296875 0.51953125 0.021875 0.04375