0 0.0203125 0.6625 0.040625 0.11875
0 0.115625 0.6 0.040625 0.0765625
0 0.16796875 0.640625 0.0671875 0.265625
0 0.21171875 0.6390625 0.0609375 0.271875
0 0.35 0.5671875 0.0203125 0.0546875
0 0.46796875 0.6296875 0.04375 0.159375
0 0.50390625 0.6328125 0.0515625 0.1453125
0 0.28984375 0.6515625 0.1140625 0.4984375
0 0.39921875 0.66015625 0.109375 0.471875
0 0.8390625 0.6828125 0.184375 0.590625
0 0.87265625 0.61953125 0.034375 0.2078125
0 0.89609375 0.62578125 0.059375 0.21875
0 0.9265625 0.61015625 0.040625 0.190625
0 0.96328125 0.61328125 0.065625 0.2453125
0 0.665625 0.559375 0.3390625 0.8796875
0 0.24609375 0.67109375 0.0453125 0.090625
0 0.34296875 0.6265625 0.046875 0.090625
0 0.44140625 0.6390625 0.0234375 0.1359375
0 0.56640625 0.671875 0.0734375 0.0578125
0 0.746875 0.6109375 0.0703125 0.1453125