0 0.740625 0.496875 0.1 0.2375
0 0.6671875 0.5109375 0.0703125 0.2078125
0 0.60859375 0.515625 0.0890625 0.2125
0 0.53984375 0.5296875 0.0703125 0.1875
0 0.51875 0.5453125 0.03125 0.1609375
0 0.47890625 0.54921875 0.065625 0.1484375
0 0.46015625 0.54609375 0.0296875 0.15625
0 0.4328125 0.55234375 0.0375 0.1484375
0 0.40625 0.55390625 0.0390625 0.1453125
0 0.37109375 0.55078125 0.05625 0.1515625
0 0.334375 0.5390625 0.04375 0.18125
0 0.30390625 0.54609375 0.078125 0.1546875
0 0.24140625 0.534375 0.059375 0.1953125
0 0.528125 0.5484375 0.0234375 0.146875