0 0.97890625 0.64609375 0.040625 0.2578125
0 0.90390625 0.63984375 0.0453125 0.196875
0 0.94453125 0.77265625 0.109375 0.45
0 0.86171875 0.565625 0.05 0.115625
0 0.78828125 0.6828125 0.109375 0.2828125
0 0.73359375 0.8125 0.2515625 0.371875
0 0.7296875 0.88046875 0.2578125 0.2375
0 0.6765625 0.7578125 0.1515625 0.3390625
0 0.56875 0.55625 0.0546875 0.071875
0 0.56484375 0.84375 0.125 0.309375
0 0.4671875 0.69765625 0.16875 0.4046875
0 0.4578125 0.821875 0.209375 0.353125
0 0.428125 0.67578125 0.078125 0.24375
0 0.3515625 0.71015625 0.1125 0.4171875
0 0.35546875 0.58984375 0.0484375 0.10625
0 0.2953125 0.7328125 0.1625 0.5328125
0 0.221875 0.74765625 0.0671875 0.5015625
0 0.14296875 0.72578125 0.153125 0.546875
0 0.07109375 0.58828125 0.096875 0.3890625
0 0.0328125 0.746875 0.065625 0.3453125
0 0.07109375 0.89296875 0.115625 0.2109375
0 0.89609375 0.46640625 0.2078125 0.1234375
0 0.8765625 0.5515625 0.0328125 0.09375
0 0.8703125 0.8078125 0.0875 0.38125
0 0.2453125 0.43125 0.278125 0.0875
0 0.02265625 0.95234375 0.0453125 0.0921875
0 0.58359375 0.4578125 0.0984375 0.13125
0 0.3171875 0.94453125 0.140625 0.1078125