0 0.73671875 0.4546875 0.28125 0.8625
0 0.56484375 0.48828125 0.2375 0.5390625
0 0.4046875 0.4328125 0.2984375 0.7609375
0 0.2125 0.403125 0.271875 0.740625
0 0.35 0.4078125 0.1203125 0.425
0 0.21875 0.37109375 0.1671875 0.6703125
0 0.04375 0.43046875 0.0875 0.378125
0 0.13203125 0.1890625 0.025 0.0734375
0 0.078125 0.18515625 0.0328125 0.071875
0 0.05234375 0.18671875 0.025 0.05
0 0.01953125 0.17109375 0.0171875 0.053125
0 0.109375 0.16953125 0.03125 0.040625
0 0.159375 0.509375 0.0453125 0.2046875
0 0.06328125 0.14140625 0.0484375 0.028125