0 0.96796875 0.62734375 0.0609375 0.275
0 0.91328125 0.76953125 0.0546875 0.290625
0 0.9140625 0.79921875 0.0875 0.321875
0 0.8421875 0.7453125 0.0625 0.303125
0 0.7875 0.8125 0.08125 0.2859375
0 0.68046875 0.8875 0.0734375 0.1390625
0 0.6203125 0.859375 0.065625 0.190625
0 0.46875 0.85078125 0.059375 0.2140625
0 0.44921875 0.86953125 0.0578125 0.171875
0 0.384375 0.8671875 0.096875 0.184375
0 0.35 0.8640625 0.04375 0.1875
0 0.30234375 0.8359375 0.0609375 0.24375
0 0.2375 0.84296875 0.059375 0.2296875
0 0.1984375 0.8515625 0.084375 0.2078125
0 0.21484375 0.91796875 0.0734375 0.159375
0 0.0875 0.85390625 0.0625 0.2078125
0 0.04296875 0.63671875 0.0859375 0.2859375
0 0.4375 0.48203125 0.040625 0.1546875
0 0.41171875 0.459375 0.0421875 0.190625
0 0.4703125 0.44140625 0.05625 0.2
0 0.58046875 0.3796875 0.0453125 0.1578125
0 0.578125 0.3328125 0.04375 0.1
0 0.57421875 0.31328125 0.0390625 0.1515625
0 0.61484375 0.30078125 0.0453125 0.08125
0 0.6109375 0.26484375 0.034375 0.08125
0 0.76796875 0.21875 0.0296875 0.0703125
0 0.80234375 0.23359375 0.0484375 0.090625
0 0.79921875 0.18125 0.0296875 0.0515625
0 0.84375 0.23671875 0.0375 0.1421875
0 0.240625 0.39765625 0.04375 0.0453125
0 0.240625 0.48671875 0.06875 0.0796875
0 0.0828125 0.51328125 0.084375 0.065625
0 0.63984375 0.6953125 0.0453125 0.303125
0 0.56875 0.5640625 0.025 0.0234375
0 0.26640625 0.759375 0.0578125 0.103125
0 0.01484375 0.7171875 0.0296875 0.1390625
0 0.98671875 0.859375 0.0234375 0.1953125
0 0.48203125 0.53828125 0.0640625 0.0609375
0 0.371875 0.746875 0.103125 0.075
0 0.075 0.20078125 0.15 0.21875
0 0.54296875 0.9171875 0.1203125 0.0765625