0 0.7609375 0.59765625 0.0515625 0.3625
0 0.6640625 0.578125 0.05 0.303125
0 0.63125 0.59609375 0.05625 0.3
0 0.596875 0.59453125 0.053125 0.3234375
0 0.56875 0.59609375 0.0703125 0.353125
0 0.5328125 0.60546875 0.09375 0.3859375
0 0.15546875 0.578125 0.071875 0.328125
0 0.01171875 0.56015625 0.0234375 0.0859375
0 0.03203125 0.56484375 0.025 0.071875
0 0.08046875 0.584375 0.009375 0.015625
0 0.09765625 0.565625 0.0234375 0.05625
0 0.21875 0.56328125 0.04375 0.31875
0 0.24375 0.57265625 0.075 0.3671875
0 0.27734375 0.57578125 0.028125 0.2734375
0 0.32421875 0.56015625 0.046875 0.2796875
0 0.35 0.559375 0.0328125 0.25625
0 0.38203125 0.59375 0.0671875 0.3625
0 0.42265625 0.59453125 0.0515625 0.3234375
0 0.45859375 0.57578125 0.0515625 0.3234375
0 0.48515625 0.57421875 0.034375 0.290625
0 0.72421875 0.559375 0.0265625 0.15625
0 0.7046875 0.56015625 0.0359375 0.1546875
0 0.975 0.53828125 0.0390625 0.11875
0 0.9890625 0.503125 0.01875 0.05625
0 0.946875 0.54296875 0.0296875 0.140625
0 0.94609375 0.54453125 0.0265625 0.14375
0 0.915625 0.52890625 0.0265625 0.1296875
0 0.90625 0.51953125 0.0359375 0.1359375
0 0.88203125 0.521875 0.028125 0.10625
0 0.85703125 0.534375 0.0296875 0.1015625
0 0.8640625 0.49296875 0.0203125 0.04375
0 0.54375 0.44609375 0.01875 0.0375
0 0.690625 0.546875 0.0203125 0.10625
0 0.18671875 0.71640625 0.0421875 0.025
0 0.43515625 0.571875 0.01875 0.2609375