0 0.0671875 0.55703125 0.134375 0.8828125
0 0.04921875 0.528125 0.0984375 0.940625
0 0.11328125 0.53125 0.1359375 0.9296875
0 0.1625 0.2796875 0.103125 0.478125
0 0.35078125 0.57109375 0.3703125 0.8546875
0 0.7765625 0.51328125 0.403125 0.9703125
0 0.309375 0.26015625 0.2671875 0.3875
0 0.48359375 0.240625 0.109375 0.48125
0 0.56640625 0.1296875 0.0984375 0.2578125
0 0.38125 0.15078125 0.096875 0.284375
0 0.43046875 0.1734375 0.078125 0.334375
0 0.68125 0.903125 0.04375 0.190625
0 0.9765625 0.09453125 0.046875 0.1890625
0 0.825 0.19453125 0.0640625 0.1359375
0 0.64140625 0.065625 0.0265625 0.1296875
0 0.51484375 0.04140625 0.0515625 0.0828125
0 0.21640625 0.1859375 0.0609375 0.21875