0 0.98203125 0.62265625 0.034375 0.3109375
0 0.97578125 0.58828125 0.0453125 0.3390625
0 0.8875 0.53046875 0.1734375 0.9359375
0 0.90625 0.5515625 0.1453125 0.8375
0 0.70859375 0.590625 0.0875 0.334375
0 0.7203125 0.58359375 0.06875 0.3390625
0 0.72578125 0.58359375 0.1453125 0.3171875
0 0.61015625 0.56953125 0.1015625 0.359375
0 0.61796875 0.57109375 0.046875 0.3484375
0 0.55 0.56953125 0.059375 0.325
0 0.4953125 0.5546875 0.1109375 0.375
0 0.4375 0.56328125 0.096875 0.34375
0 0.409375 0.57109375 0.0484375 0.315625
0 0.3734375 0.54609375 0.0515625 0.3875
0 0.34296875 0.55390625 0.059375 0.409375
0 0.321875 0.54921875 0.0578125 0.4140625
0 0.02265625 0.53828125 0.0453125 0.6484375
0 0.07421875 0.53671875 0.0625 0.603125
0 0.09453125 0.53515625 0.06875 0.5890625
0 0.1359375 0.53359375 0.0875 0.5609375
0 0.15859375 0.54609375 0.0609375 0.515625
0 0.16796875 0.54296875 0.071875 0.51875
0 0.21796875 0.54609375 0.053125 0.4921875
0 0.24921875 0.54921875 0.0421875 0.478125
0 0.2640625 0.5546875 0.0453125 0.459375
0 0.27734375 0.5515625 0.0796875 0.4515625
0 0.3703125 0.553125 0.05 0.384375
0 0.19140625 0.54765625 0.0609375 0.51875
0 0.84453125 0.74296875 0.053125 0.35
0 0.96796875 0.7859375 0.028125 0.403125
0 0.971875 0.25859375 0.028125 0.128125
0 0.8015625 0.28828125 0.0265625 0.1421875
0 0.878125 0.278125 0.04375 0.1734375
0 0.021875 0.46953125 0.04375 0.1828125