0 0.146875 0.32109375 0.2609375 0.4453125
0 0.3546875 0.546875 0.184375 0.5921875
0 0.26875 0.70859375 0.415625 0.578125
0 0.51953125 0.46953125 0.1453125 0.5734375
0 0.30859375 0.20859375 0.140625 0.225
0 0.4328125 0.259375 0.0671875 0.2203125
0 0.43515625 0.2546875 0.0609375 0.24375
0 0.53046875 0.1109375 0.0484375 0.0734375
0 0.72890625 0.10390625 0.065625 0.1265625
0 0.67421875 0.4671875 0.209375 0.7703125
0 0.83203125 0.1375 0.109375 0.1890625
0 0.71796875 0.09765625 0.078125 0.1234375
0 0.84765625 0.18359375 0.1015625 0.3046875
0 0.85859375 0.71171875 0.278125 0.5734375
0 0.9609375 0.25390625 0.075 0.40625
0 0.190625 0.296875 0.1546875 0.334375
0 0.853125 0.70390625 0.290625 0.5921875
0 0.34609375 0.065625 0.2640625 0.13125
0 0.35078125 0.15546875 0.0984375 0.05625
0 0.6984375 0.18984375 0.0546875 0.0515625
0 0.89609375 0.0703125 0.0734375 0.140625