0 0.13125 0.728125 0.140625 0.540625
0 0.16328125 0.70078125 0.2046875 0.596875
0 0.2953125 0.69296875 0.1953125 0.6125
0 0.37734375 0.66875 0.0953125 0.459375
0 0.43828125 0.64140625 0.0828125 0.4125
0 0.465625 0.5671875 0.2375 0.4265625
0 0.50546875 0.615625 0.0625 0.403125
0 0.5359375 0.69609375 0.1328125 0.5359375
0 0.61953125 0.62578125 0.1046875 0.4125
0 0.6359375 0.68046875 0.0796875 0.4421875
0 0.71484375 0.65390625 0.1234375 0.5703125
0 0.61875 0.45 0.0234375 0.06875
0 0.8453125 0.4125 0.0140625 0.0375