0 0.525 0.83125 0.1828125 0.3359375
0 0.34453125 0.83515625 0.1421875 0.2890625
0 0.1234375 0.853125 0.15 0.290625
0 0.17578125 0.8109375 0.0828125 0.2171875
0 0.1734375 0.775 0.115625 0.2234375
0 0.2609375 0.80234375 0.0765625 0.1921875
0 0.415625 0.8171875 0.078125 0.178125
0 0.4578125 0.7046875 0.065625 0.0515625
0 0.396875 0.72890625 0.0453125 0.075
0 0.415625 0.70546875 0.0453125 0.05625
0 0.4328125 0.684375 0.040625 0.046875
0 0.09140625 0.8375 0.090625 0.2125
0 0.3265625 0.67578125 0.134375 0.0515625
0 0.121875 0.67265625 0.046875 0.0546875
0 0.19375 0.69296875 0.021875 0.0203125
0 0.40625 0.66875 0.025 0.0234375
0 0.390625 0.58203125 0.1671875 0.153125