0 0.21953125 0.86171875 0.053125 0.24375
0 0.27265625 0.86640625 0.0734375 0.265625
0 0.334375 0.78125 0.0484375 0.0953125
0 0.3625 0.81796875 0.0453125 0.190625
0 0.41015625 0.86171875 0.0546875 0.2265625
0 0.60546875 0.8484375 0.103125 0.303125
0 0.62890625 0.8 0.0265625 0.165625
0 0.64375 0.8015625 0.0390625 0.153125
0 0.70546875 0.86875 0.2375 0.259375
0 0.91171875 0.903125 0.1515625 0.19375
0 0.959375 0.84765625 0.078125 0.3015625
0 0.10546875 0.90390625 0.1578125 0.190625
0 0.05 0.81875 0.0515625 0.153125
0 0.33359375 0.78125 0.0484375 0.090625
0 0.3640625 0.8171875 0.0453125 0.190625
0 0.475 0.89296875 0.1515625 0.2140625
0 0.33671875 0.90390625 0.134375 0.190625
0 0.77890625 0.83828125 0.0703125 0.21875
0 0.82578125 0.87265625 0.078125 0.253125
0 0.1171875 0.80625 0.0515625 0.1171875
0 0.51875 0.846875 0.078125 0.2609375
0 0.453125 0.8140625 0.0953125 0.1546875
0 0.29609375 0.77109375 0.0421875 0.0984375
0 0.20546875 0.76015625 0.034375 0.059375
0 0.18828125 0.7546875 0.0203125 0.0359375
0 0.07421875 0.77734375 0.046875 0.0734375
0 0.12265625 0.77578125 0.0671875 0.1
0 0.16953125 0.87734375 0.0828125 0.24375
0 0.35234375 0.678125 0.1984375 0.05625
0 0.84296875 0.2359375 0.125 0.45625
0 0.0546875 0.72265625 0.04375 0.0421875
0 0.27890625 0.72109375 0.15 0.03125
0 0.24609375 0.759375 0.025 0.046875
0 0.309375 0.76484375 0.028125 0.0578125
0 0.4765625 0.7328125 0.0515625 0.0953125
0 0.3640625 0.715625 0.021875 0.0203125
0 0.4125 0.7421875 0.078125 0.075
0 0.55390625 0.82421875 0.0671875 0.309375
0 0.51015625 0.69453125 0.0203125 0.0625
0 0.67109375 0.7359375 0.0359375 0.053125
0 0.9140625 0.73828125 0.075 0.146875