0 0.025 0.0875 0.05 0.0828125
0 0.1703125 0.05859375 0.09375 0.0765625
0 0.35078125 0.0734375 0.1484375 0.146875
0 0.4203125 0.08203125 0.071875 0.084375
0 0.571875 0.02421875 0.075 0.0484375
0 0.5359375 0.06484375 0.1 0.0625
0 0.63046875 0.1140625 0.0828125 0.1578125
0 0.73984375 0.065625 0.1046875 0.10625
0 0.834375 0.07109375 0.1015625 0.109375
0 0.7421875 0.17421875 0.171875 0.225
0 0.56328125 0.175 0.2796875 0.196875
0 0.596875 0.29140625 0.1390625 0.1234375
0 0.675 0.43046875 0.128125 0.2390625
0 0.4796875 0.48671875 0.115625 0.1453125
0 0.4875 0.359375 0.115625 0.2375
0 0.3609375 0.23828125 0.0953125 0.1140625
0 0.26171875 0.3078125 0.0875 0.109375
0 0.134375 0.31484375 0.1328125 0.14375
0 0.2078125 0.15703125 0.1421875 0.1203125
0 0.15078125 0.19453125 0.0890625 0.09375
0 0.1015625 0.24609375 0.1640625 0.121875
0 0.11328125 0.48671875 0.1265625 0.1296875
0 0.08046875 0.60859375 0.1609375 0.2171875
0 0.221875 0.575 0.1203125 0.140625
0 0.86875 0.19296875 0.259375 0.259375
0 0.85 0.44609375 0.284375 0.84375
0 0.41171875 0.465625 0.328125 0.73125
0 0.54375 0.6453125 0.1796875 0.1234375
0 0.95703125 0.08125 0.084375 0.1625
0 0.48828125 0.4859375 0.1390625 0.1546875
0 0.490625 0.0140625 0.0515625 0.028125
0 0.43984375 0.1734375 0.1640625 0.0375
0 0.640625 0.16015625 0.084375 0.0453125
0 0.01484375 0.25234375 0.0296875 0.178125
0 0.0234375 0.496875 0.046875 0.14375
0 0.30703125 0.43828125 0.0234375 0.04375