0 0.26796875 0.409375 0.0203125 0.071875
0 0.028125 0.4234375 0.025 0.1140625
0 0.040625 0.42109375 0.046875 0.1546875
0 0.071875 0.42265625 0.03125 0.121875
0 0.1203125 0.47890625 0.0828125 0.275
0 0.1859375 0.5734375 0.1234375 0.4640625
0 0.21796875 0.35625 0.03125 0.0546875
0 0.2375 0.5046875 0.065625 0.29375
0 0.9828125 0.43984375 0.0328125 0.128125
0 0.9578125 0.4578125 0.05 0.1109375
0 0.9296875 0.43671875 0.0453125 0.1546875
0 0.89609375 0.45390625 0.0625 0.184375
0 0.85625 0.44453125 0.0453125 0.16875
0 0.81875 0.47890625 0.0703125 0.28125
0 0.7796875 0.4296875 0.028125 0.11875
0 0.75625 0.47890625 0.0515625 0.23125
0 0.7390625 0.3875 0.0265625 0.0375
0 0.67109375 0.45 0.028125 0.1421875
0 0.70390625 0.5078125 0.0796875 0.34375
0 0.64140625 0.46015625 0.046875 0.21875
0 0.565625 0.40234375 0.015625 0.046875
0 0.5578125 0.4359375 0.0234375 0.134375
0 0.553125 0.44296875 0.03125 0.1390625
0 0.525 0.39609375 0.0328125 0.075
0 0.57109375 0.459375 0.03125 0.1765625
0 0.5875 0.47265625 0.0671875 0.240625
0 0.4890625 0.44375 0.0390625 0.14375
0 0.47109375 0.44453125 0.034375 0.159375
0 0.45390625 0.46328125 0.0328125 0.16875
0 0.440625 0.47421875 0.0546875 0.25
0 0.5140625 0.39296875 0.0125 0.034375
0 0.38359375 0.4828125 0.059375 0.3140625
0 0.31015625 0.6078125 0.153125 0.7171875
0 0.534375 0.459375 0.0515625 0.1734375
0 0.953125 0.3578125 0.0921875 0.0625
0 0.88984375 0.34296875 0.0453125 0.04375
0 0.875 0.40078125 0.0359375 0.090625
0 0.99140625 0.45078125 0.0140625 0.1328125
0 0.85078125 0.3546875 0.0421875 0.0359375
0 0.79609375 0.38203125 0.021875 0.05
0 0.4109375 0.39453125 0.0375 0.078125
0 0.471875 0.38125 0.01875 0.025
0 0.2 0.3953125 0.0390625 0.0765625
0 0.61484375 0.3796875 0.0359375 0.03125
0 0.621875 0.4359375 0.01875 0.0765625
0 0.25703125 0.4046875 0.0140625 0.0953125
0 0.26953125 0.365625 0.0171875 0.0140625
0 0.14140625 0.403125 0.0171875 0.0921875
0 0.09453125 0.38984375 0.03125 0.05625
0 0.6890625 0.38828125 0.025 0.0265625
0 0.7765625 0.3765625 0.0078125 0.0171875
0 0.8703125 0.46640625 0.0171875 0.040625
0 0.9625 0.39609375 0.0203125 0.015625
0 0.7671875 0.3828125 0.0078125 0.0375