0 0.05859375 0.746875 0.1171875 0.271875
0 0.16484375 0.57890625 0.128125 0.196875
0 0.23125 0.4625 0.0328125 0.121875
0 0.29296875 0.5375 0.071875 0.15625
0 0.32109375 0.5234375 0.046875 0.14375
0 0.2921875 0.44375 0.0296875 0.0921875
0 0.28359375 0.44453125 0.0125 0.053125
0 0.3921875 0.47578125 0.0359375 0.11875
0 0.4515625 0.46640625 0.0296875 0.0765625
0 0.5484375 0.47109375 0.025 0.0828125
0 0.57109375 0.45390625 0.0171875 0.090625
0 0.6140625 0.47734375 0.028125 0.11875
0 0.66875 0.5109375 0.0515625 0.1171875
0 0.653125 0.5 0.05625 0.1109375
0 0.765625 0.5 0.0296875 0.0703125
0 0.83125 0.459375 0.0234375 0.090625
0 0.790625 0.59453125 0.109375 0.2296875
0 0.8453125 0.63203125 0.1203125 0.2390625
0 0.9140625 0.54296875 0.0421875 0.103125
0 0.87578125 0.5265625 0.04375 0.0953125
0 0.8953125 0.49609375 0.025 0.0515625
0 0.3671875 0.446875 0.1171875 0.0796875
0 0.9546875 0.74296875 0.0875 0.3078125