0 0.0375 0.884375 0.075 0.228125
0 0.14140625 0.8609375 0.1078125 0.275
0 0.22421875 0.87109375 0.103125 0.2546875
0 0.30234375 0.921875 0.0953125 0.1546875
0 0.39140625 0.88125 0.1109375 0.234375
0 0.4765625 0.88515625 0.1 0.2265625
0 0.5578125 0.88046875 0.084375 0.2359375
0 0.725 0.8625 0.1484375 0.271875
0 0.865625 0.89921875 0.1453125 0.1984375
0 0.0828125 0.75 0.103125 0.496875
0 0.16015625 0.61875 0.0796875 0.5234375
0 0.22421875 0.646875 0.0921875 0.43125
0 0.275 0.75625 0.134375 0.459375
0 0.37265625 0.709375 0.096875 0.4171875
0 0.45078125 0.721875 0.0953125 0.3171875
0 0.60546875 0.76015625 0.171875 0.425
0 0.67734375 0.72578125 0.1125 0.4796875
0 0.7671875 0.734375 0.0765625 0.3671875
0 0.82578125 0.6796875 0.1578125 0.6390625
0 0.94921875 0.76484375 0.0859375 0.4671875
0 0.89375 0.59765625 0.096875 0.3078125
0 0.79375 0.5703125 0.040625 0.20625
0 0.025 0.5296875 0.05 0.290625
0 0.0546875 0.51953125 0.046875 0.1734375
0 0.28515625 0.5421875 0.071875 0.2171875
0 0.296875 0.48671875 0.1015625 0.334375
0 0.3796875 0.46328125 0.0578125 0.1453125
0 0.396875 0.3828125 0.06875 0.253125
0 0.42890625 0.51171875 0.0671875 0.196875
0 0.4640625 0.55 0.078125 0.2453125
0 0.51953125 0.7046875 0.0609375 0.3828125
0 0.57265625 0.59140625 0.053125 0.2078125
0 0.62890625 0.55625 0.0703125 0.153125
0 0.98203125 0.6203125 0.0359375 0.4765625
0 0.15078125 0.49609375 0.08125 0.1734375
0 0.31484375 0.41796875 0.0859375 0.159375
0 0.5328125 0.49140625 0.0421875 0.1265625
0 0.51953125 0.47421875 0.0640625 0.1828125
0 0.6171875 0.46171875 0.034375 0.0703125
0 0.62109375 0.47578125 0.09375 0.253125
0 0.709375 0.4765625 0.1 0.2578125
0 0.76640625 0.54375 0.0953125 0.1953125
0 0.978125 0.946875 0.0421875 0.103125