0 0.14296875 0.690625 0.0390625 0.0890625
0 0.209375 0.7140625 0.0828125 0.0421875
0 0.24140625 0.68203125 0.034375 0.0515625
0 0.35078125 0.6890625 0.0296875 0.075
0 0.3984375 0.67578125 0.0328125 0.0546875
0 0.43984375 0.66796875 0.0296875 0.025
0 0.49453125 0.721875 0.078125 0.15625
0 0.5453125 0.7390625 0.09375 0.1859375
0 0.58828125 0.703125 0.0328125 0.1046875
0 0.6328125 0.771875 0.10625 0.2625
0 0.70859375 0.75390625 0.1 0.2640625
0 0.7640625 0.709375 0.0484375 0.0359375
0 0.88359375 0.73984375 0.0953125 0.0671875
0 0.95625 0.68125 0.0375 0.034375
0 0.953125 0.6765625 0.034375 0.04375
0 0.87890625 0.684375 0.1046875 0.134375
0 0.08515625 0.86484375 0.1703125 0.2703125
0 0.01015625 0.88203125 0.0203125 0.209375
0 0.503125 0.515625 0.6328125 0.096875
0 0.40625 0.66171875 0.5859375 0.0453125
0 0.99296875 0.7203125 0.0109375 0.0546875