0 0.62109375 0.72578125 0.196875 0.546875
0 0.3453125 0.64921875 0.11875 0.4765625
0 0.309375 0.63125 0.09375 0.4078125
0 0.38984375 0.60703125 0.0828125 0.3765625
0 0.3515625 0.4328125 0.0921875 0.0875
0 0.22734375 0.59453125 0.09375 0.40625
0 0.1984375 0.4515625 0.0578125 0.16875
0 0.10859375 0.4359375 0.109375 0.1671875
0 0.459375 0.58359375 0.08125 0.334375
0 0.50859375 0.596875 0.071875 0.309375
0 0.49453125 0.571875 0.0625 0.2796875
0 0.57421875 0.60859375 0.065625 0.28125
0 0.546875 0.5953125 0.053125 0.2421875
0 0.5515625 0.49296875 0.028125 0.06875
0 0.57421875 0.45859375 0.028125 0.0453125
0 0.66484375 0.5078125 0.046875 0.1
0 0.72578125 0.7046875 0.109375 0.5890625
0 0.821875 0.671875 0.1140625 0.3453125
0 0.87109375 0.646875 0.0796875 0.275
0 0.90546875 0.66328125 0.065625 0.3421875
0 0.9734375 0.68984375 0.0515625 0.3078125
0 0.9609375 0.646875 0.0765625 0.2859375
0 0.93984375 0.60859375 0.065625 0.2046875
0 0.70546875 0.50703125 0.03125 0.0703125
0 0.684375 0.5109375 0.03125 0.1078125
0 0.76484375 0.50390625 0.028125 0.075
0 0.8078125 0.5921875 0.090625 0.2359375
0 0.04296875 0.41015625 0.0234375 0.1046875
0 0.009375 0.40390625 0.015625 0.090625
0 0.14921875 0.38046875 0.0140625 0.03125
0 0.1609375 0.43828125 0.0296875 0.1171875
0 0.2671875 0.421875 0.025 0.0421875
0 0.29453125 0.4609375 0.028125 0.1109375
0 0.3046875 0.4703125 0.0265625 0.1046875
0 0.321875 0.4609375 0.0265625 0.0921875
0 0.86328125 0.54453125 0.059375 0.1
0 0.1359375 0.7515625 0.271875 0.49375
0 0.96796875 0.8875 0.0625 0.221875
0 0.80390625 0.90859375 0.265625 0.18125
0 0.634375 0.45078125 0.7296875 0.196875