0 0.059375 0.6734375 0.0515625 0.2234375
0 0.10859375 0.659375 0.0921875 0.2515625
0 0.20390625 0.6625 0.096875 0.284375
0 0.3203125 0.675 0.0953125 0.275
0 0.4078125 0.69140625 0.1609375 0.36875
0 0.5 0.6765625 0.078125 0.3546875
0 0.5625 0.6421875 0.109375 0.440625
0 0.62734375 0.634375 0.1359375 0.490625
0 0.72109375 0.725 0.103125 0.3359375
0 0.80390625 0.73046875 0.0734375 0.3171875
0 0.84140625 0.7375 0.05625 0.3171875
0 0.9203125 0.665625 0.15625 0.509375
0 0.84375 0.4953125 0.084375 0.1875
0 0.77578125 0.49375 0.0734375 0.1609375
0 0.7140625 0.4890625 0.0828125 0.1609375
0 0.37734375 0.53125 0.0796875 0.1171875
0 0.44375 0.4921875 0.0640625 0.0953125
0 0.52578125 0.46953125 0.0578125 0.096875
0 0.58671875 0.4890625 0.040625 0.071875
0 0.14296875 0.5765625 0.05 0.065625
0 0.1484375 0.721875 0.053125 0.1140625