0 0.9890625 0.78828125 0.0203125 0.234375
0 0.9578125 0.78515625 0.0453125 0.246875
0 0.91796875 0.76953125 0.0328125 0.203125
0 0.8890625 0.84296875 0.0484375 0.30625
0 0.85859375 0.696875 0.04375 0.090625
0 0.83828125 0.70078125 0.0265625 0.0734375
0 0.82109375 0.75859375 0.0234375 0.1875
0 0.7875 0.80703125 0.0546875 0.2359375
0 0.803125 0.69375 0.0328125 0.071875
0 0.75703125 0.80078125 0.0421875 0.2359375
0 0.70703125 0.78203125 0.0484375 0.240625
0 0.77734375 0.703125 0.025 0.05625
0 0.7421875 0.69375 0.028125 0.071875
0 0.77890625 0.69140625 0.025 0.075
0 0.7234375 0.69609375 0.0234375 0.0546875
0 0.6375 0.73671875 0.0203125 0.128125
0 0.6078125 0.69765625 0.0203125 0.046875
0 0.60078125 0.68828125 0.015625 0.046875
0 0.575 0.6875 0.0265625 0.046875
0 0.56015625 0.67734375 0.0171875 0.071875
0 0.540625 0.67109375 0.0203125 0.0625
0 0.5203125 0.66875 0.0203125 0.078125
0 0.4859375 0.68671875 0.0265625 0.090625
0 0.48125 0.6625 0.021875 0.090625
0 0.45859375 0.7375 0.0390625 0.1375
0 0.40546875 0.72109375 0.0296875 0.1296875
0 0.3734375 0.70546875 0.028125 0.10625
0 0.471875 0.62890625 0.01875 0.0921875
0 0.396875 0.58984375 0.0171875 0.0671875
0 0.36015625 0.64140625 0.0140625 0.075
0 0.334375 0.68125 0.028125 0.0828125
0 0.2984375 0.72421875 0.0234375 0.128125
0 0.22578125 0.8375 0.0671875 0.321875
0 0.16640625 0.79375 0.084375 0.3375
0 0.10078125 0.825 0.0984375 0.246875
0 0.03125 0.784375 0.0625 0.328125
0 0.07421875 0.71796875 0.0328125 0.1640625
0 0.1078125 0.7875 0.046875 0.271875
0 0.275 0.77734375 0.028125 0.234375
0 0.28203125 0.76484375 0.0296875 0.234375
0 0.2328125 0.66953125 0.01875 0.059375
0 0.7515625 0.771875 0.0359375 0.203125
0 0.14609375 0.6625 0.0375 0.1
0 0.184375 0.759375 0.0328125 0.23125
0 0.04609375 0.71171875 0.0421875 0.090625
0 0.1 0.64765625 0.025 0.0421875
0 0.1234375 0.71484375 0.0265625 0.1
0 0.2890625 0.703125 0.0171875 0.0859375
0 0.89296875 0.71171875 0.0234375 0.065625
0 0.68046875 0.75625 0.0421875 0.159375
0 0.53984375 0.66875 0.01875 0.0671875
0 0.58046875 0.69921875 0.0125 0.0609375
0 0.9171875 0.61015625 0.121875 0.090625
0 0.675 0.32578125 0.09375 0.09375
0 0.82109375 0.67734375 0.0765625 0.025
0 0.13984375 0.66640625 0.0171875 0.0375
0 0.20859375 0.66875 0.0765625 0.1296875
0 0.33984375 0.621875 0.015625 0.0359375