0 0.96953125 0.8453125 0.0578125 0.30625
0 0.93984375 0.86171875 0.0609375 0.2734375
0 0.91484375 0.8546875 0.0265625 0.2859375
0 0.88828125 0.853125 0.05625 0.2890625
0 0.8625 0.7703125 0.03125 0.1546875
0 0.84453125 0.87265625 0.046875 0.25
0 0.84296875 0.78984375 0.0484375 0.1390625
0 0.83828125 0.74453125 0.0375 0.0984375
0 0.80078125 0.80703125 0.040625 0.0953125
0 0.80234375 0.7828125 0.0421875 0.1296875
0 0.8 0.74453125 0.0390625 0.0890625
0 0.765625 0.73671875 0.0359375 0.1
0 0.76640625 0.8828125 0.0375 0.2296875
0 0.765625 0.78828125 0.0359375 0.121875
0 0.74375 0.87734375 0.0296875 0.240625
0 0.73828125 0.7671875 0.034375 0.10625
0 0.715625 0.8671875 0.034375 0.2625
0 0.7203125 0.73828125 0.0140625 0.059375
0 0.70546875 0.76484375 0.0171875 0.1125
0 0.69921875 0.76796875 0.015625 0.1
0 0.690625 0.871875 0.0359375 0.253125
0 0.66953125 0.8703125 0.0296875 0.2546875
0 0.66953125 0.79296875 0.03125 0.1546875
0 0.6578125 0.74296875 0.0125 0.0671875
0 0.65078125 0.77265625 0.0171875 0.0828125
0 0.6421875 0.87734375 0.0359375 0.240625
0 0.62421875 0.8671875 0.0203125 0.2625
0 0.63125 0.740625 0.0171875 0.0546875
0 0.6125 0.76015625 0.0125 0.0703125
0 0.61875 0.853125 0.021875 0.225
0 0.60625 0.87734375 0.03125 0.240625
0 0.59609375 0.784375 0.0125 0.059375
0 0.59140625 0.7625 0.0125 0.09375
0 0.58359375 0.87734375 0.0328125 0.240625
0 0.59140625 0.73828125 0.0125 0.040625
0 0.57734375 0.7703125 0.0109375 0.06875
0 0.5703125 0.878125 0.0234375 0.2390625
0 0.55 0.87421875 0.028125 0.246875
0 0.5578125 0.775 0.015625 0.0953125
0 0.54765625 0.76328125 0.0171875 0.0875
0 0.53828125 0.7625 0.015625 0.0890625
0 0.5296875 0.88046875 0.028125 0.234375
0 0.52109375 0.78515625 0.0140625 0.075
0 0.52265625 0.74765625 0.0203125 0.0671875
0 0.51171875 0.75546875 0.0125 0.04375
0 0.5015625 0.86171875 0.0375 0.2734375
0 0.48359375 0.77734375 0.0171875 0.059375
0 0.4859375 0.74453125 0.0234375 0.075
0 0.4734375 0.8296875 0.0296875 0.1546875
0 0.465625 0.76015625 0.015625 0.065625
0 0.4484375 0.8828125 0.0234375 0.2296875
0 0.4546875 0.78671875 0.0171875 0.0734375
0 0.44140625 0.77421875 0.0203125 0.0890625
0 0.4296875 0.884375 0.034375 0.228125
0 0.428125 0.784375 0.0203125 0.0828125
0 0.41953125 0.75703125 0.0140625 0.0453125
0 0.40546875 0.88203125 0.0359375 0.23125
0 0.39921875 0.7828125 0.0171875 0.075
0 0.4046875 0.75078125 0.0234375 0.065625
0 0.390625 0.77578125 0.0140625 0.0796875
0 0.38671875 0.8796875 0.021875 0.2375
0 0.3765625 0.77578125 0.0140625 0.0625
0 0.371875 0.88046875 0.0296875 0.234375
0 0.3625 0.77265625 0.015625 0.0859375
0 0.3484375 0.87578125 0.03125 0.24375
0 0.35 0.77421875 0.0296875 0.075
0 0.334375 0.78671875 0.0203125 0.1046875
0 0.32734375 0.88671875 0.028125 0.2234375
0 0.315625 0.7828125 0.021875 0.0890625
0 0.30625 0.8828125 0.0265625 0.2296875
0 0.28203125 0.88203125 0.034375 0.23125
0 0.290625 0.78984375 0.0171875 0.0984375
0 0.26875 0.8828125 0.01875 0.2296875
0 0.26953125 0.775 0.0171875 0.0828125
0 0.259375 0.784375 0.0125 0.0546875
0 0.25078125 0.8828125 0.034375 0.2296875
0 0.24921875 0.79453125 0.028125 0.084375
0 0.21484375 0.88828125 0.034375 0.21875
0 0.23046875 0.878125 0.025 0.2390625
0 0.21875 0.77734375 0.015625 0.0453125
0 0.20859375 0.7828125 0.015625 0.075
0 0.20234375 0.80546875 0.0171875 0.075
0 0.19140625 0.88515625 0.028125 0.225
0 0.16640625 0.875 0.0453125 0.2453125
0 0.184375 0.784375 0.0171875 0.0828125
0 0.1546875 0.78046875 0.021875 0.084375
0 0.134375 0.87421875 0.0484375 0.246875
0 0.125 0.8796875 0.046875 0.2375
0 0.0875 0.88515625 0.0390625 0.225
0 0.09140625 0.86171875 0.0484375 0.2734375
0 0.06015625 0.86484375 0.04375 0.265625