0 0.83359375 0.53671875 0.1265625 0.559375
0 0.765625 0.59296875 0.1453125 0.546875
0 0.70625 0.5453125 0.078125 0.46875
0 0.6640625 0.346875 0.071875 0.165625
0 0.628125 0.5859375 0.1328125 0.49375
0 0.61640625 0.37890625 0.1015625 0.1703125
0 0.55234375 0.3328125 0.09375 0.1109375
0 0.540625 0.540625 0.1015625 0.46875
0 0.51796875 0.6015625 0.1203125 0.4828125
0 0.45078125 0.52421875 0.0921875 0.39375
0 0.4109375 0.48203125 0.078125 0.4703125
0 0.396875 0.54296875 0.0421875 0.4203125
0 0.359375 0.56875 0.10625 0.515625
0 0.31640625 0.5 0.0671875 0.45
0 0.26640625 0.57890625 0.0984375 0.5078125
0 0.22421875 0.5171875 0.0828125 0.53125
0 0.11015625 0.534375 0.1453125 0.53125