0 0.465625 0.7734375 0.18125 0.4515625
0 0.34609375 0.76796875 0.171875 0.4640625
0 0.12734375 0.74765625 0.14375 0.4828125
0 0.06640625 0.66171875 0.1 0.3015625
0 0.7609375 0.67734375 0.2046875 0.4
0 0.909375 0.7265625 0.15 0.4546875
0 0.76875 0.46640625 0.109375 0.1328125
0 0.84296875 0.50546875 0.0890625 0.1921875
0 0.5734375 0.5953125 0.09375 0.265625
0 0.47734375 0.5125 0.1171875 0.125
0 0.57109375 0.46640625 0.0515625 0.1125
0 0.50546875 0.471875 0.0625 0.13125
0 0.40625 0.48515625 0.0640625 0.1625
0 0.35859375 0.4390625 0.0546875 0.0875
0 0.27265625 0.57734375 0.1140625 0.2734375
0 0.3484375 0.51328125 0.0875 0.1203125
0 0.2953125 0.46875 0.0484375 0.1125
0 0.253125 0.446875 0.046875 0.1078125
0 0.17734375 0.5171875 0.078125 0.1796875
0 0.12734375 0.48203125 0.05625 0.11875
0 0.0421875 0.49296875 0.046875 0.159375
0 0.07890625 0.47421875 0.0625 0.1046875
0 0.00859375 0.61640625 0.0171875 0.1453125
0 0.98515625 0.5375 0.0296875 0.2296875