0 0.90703125 0.78125 0.184375 0.4359375
0 0.75 0.746875 0.2703125 0.5046875
0 0.5703125 0.72421875 0.2 0.55
0 0.53515625 0.63203125 0.1640625 0.4390625
0 0.503125 0.521875 0.1328125 0.2171875
0 0.49453125 0.49921875 0.0390625 0.140625
0 0.47109375 0.48046875 0.04375 0.134375
0 0.359375 0.3703125 0.0328125 0.0546875
0 0.43671875 0.5828125 0.2484375 0.8328125
0 0.28359375 0.54765625 0.178125 0.65625
0 0.10859375 0.78125 0.2171875 0.4359375
0 0.19140625 0.71640625 0.296875 0.565625
0 0.24609375 0.7109375 0.2 0.3140625
0 0.24453125 0.65859375 0.2015625 0.41875
0 0.25078125 0.54140625 0.1015625 0.2046875
0 0.27578125 0.5171875 0.084375 0.1859375
0 0.0203125 0.5046875 0.0390625 0.1171875