0 0.078125 0.83828125 0.15625 0.3171875
0 0.2125 0.825 0.184375 0.3453125
0 0.3625 0.8171875 0.2578125 0.359375
0 0.54453125 0.8765625 0.1515625 0.240625
0 0.6390625 0.86796875 0.1578125 0.2578125
0 0.81875 0.87421875 0.19375 0.246875
0 0.9296875 0.8765625 0.1359375 0.240625
0 0.88125 0.8015625 0.0734375 0.2140625
0 0.95 0.7 0.0953125 0.1671875
0 0.7953125 0.69296875 0.0765625 0.1578125
0 0.7390625 0.8234375 0.0859375 0.346875
0 0.67421875 0.7953125 0.1046875 0.3265625
0 0.58984375 0.68671875 0.06875 0.140625
0 0.52890625 0.7109375 0.0984375 0.1453125
0 0.45703125 0.80234375 0.078125 0.3890625
0 0.30078125 0.740625 0.0828125 0.1453125
0 0.165625 0.77578125 0.0640625 0.240625
0 0.10859375 0.7375 0.0703125 0.2046875
0 0.12109375 0.66875 0.2421875 0.115625
0 0.9765625 0.66171875 0.0421875 0.1015625
0 0.3421875 0.65546875 0.125 0.0828125
0 0.62578125 0.6984375 0.059375 0.128125