0 0.27265625 0.7703125 0.15 0.45625
0 0.26953125 0.5109375 0.1390625 0.3234375
0 0.35546875 0.721875 0.134375 0.4921875
0 0.42265625 0.5375 0.1125 0.2046875
0 0.4796875 0.7546875 0.134375 0.4875
0 0.42265625 0.42890625 0.1515625 0.2125
0 0.5125 0.51328125 0.0859375 0.196875
0 0.57421875 0.703125 0.1171875 0.4375
0 0.74609375 0.76015625 0.18125 0.4765625
0 0.8015625 0.565625 0.1609375 0.34375
0 0.68125 0.66640625 0.10625 0.4546875
0 0.7421875 0.5078125 0.0796875 0.25625
0 0.61953125 0.6109375 0.1 0.440625
0 0.6875 0.42109375 0.0890625 0.165625
0 0.56953125 0.40859375 0.09375 0.196875
0 0.49453125 0.36328125 0.0671875 0.1375
0 0.478125 0.29765625 0.0484375 0.1296875
0 0.55234375 0.2875 0.0703125 0.153125
0 0.5484375 0.3421875 0.0546875 0.128125
0 0.5875 0.2796875 0.0421875 0.109375
0 0.62109375 0.29375 0.046875 0.128125
0 0.63828125 0.340625 0.0859375 0.1546875
0 0.70546875 0.2890625 0.0859375 0.153125
0 0.7453125 0.3640625 0.065625 0.1578125
0 0.71953125 0.16171875 0.028125 0.1125