0 0.1875 0.5421875 0.375 0.9140625
0 0.59453125 0.71171875 0.153125 0.34375
0 0.2109375 0.38125 0.059375 0.134375
0 0.29765625 0.40234375 0.0421875 0.1046875
0 0.35703125 0.48671875 0.0703125 0.365625
0 0.3921875 0.4328125 0.0265625 0.165625
0 0.47734375 0.45703125 0.025 0.228125
0 0.48671875 0.46171875 0.025 0.2921875
0 0.515625 0.47890625 0.071875 0.375
0 0.4421875 0.4921875 0.1015625 0.409375
0 0.60703125 0.51171875 0.075 0.1546875
0 0.61953125 0.46484375 0.0625 0.3578125
0 0.68828125 0.3375 0.1015625 0.209375
0 0.76875 0.534375 0.1453125 0.690625
0 0.9203125 0.56015625 0.159375 0.6421875
0 0.884375 0.4953125 0.109375 0.5859375
0 0.95234375 0.49140625 0.09375 0.5
0 0.82578125 0.4359375 0.0515625 0.3296875