0 0.965625 0.653125 0.065625 0.2421875
0 0.72890625 0.715625 0.096875 0.390625
0 0.63125 0.6625 0.05 0.2140625
0 0.6640625 0.66875 0.05 0.2078125
0 0.54609375 0.65546875 0.059375 0.21875
0 0.5625 0.64453125 0.034375 0.2046875
0 0.4875 0.66953125 0.0890625 0.34375
0 0.43828125 0.728125 0.1203125 0.3640625
0 0.39765625 0.725 0.1 0.3671875
0 0.38671875 0.6125 0.05 0.1515625
0 0.36328125 0.69140625 0.0203125 0.0796875
0 0.30703125 0.66875 0.0765625 0.2890625
0 0.42734375 0.57109375 0.021875 0.0703125
0 0.43828125 0.571875 0.0125 0.0515625
0 0.359375 0.59609375 0.0609375 0.159375
0 0.390625 0.5546875 0.0140625 0.0515625
0 0.21328125 0.60625 0.05625 0.15
0 0.21015625 0.60546875 0.046875 0.1484375
0 0.146875 0.5734375 0.028125 0.09375
0 0.1625 0.57890625 0.025 0.0890625
0 0.18125 0.58046875 0.0234375 0.0859375
0 0.2375 0.54375 0.0078125 0.015625
0 0.24453125 0.596875 0.025 0.115625
0 0.2609375 0.59296875 0.0203125 0.1015625
0 0.27734375 0.6 0.025 0.1046875
0 0.328125 0.5765625 0.015625 0.0671875
0 0.5140625 0.56875 0.0265625 0.0546875
0 0.61484375 0.64921875 0.0328125 0.196875
0 0.759375 0.57578125 0.0421875 0.075
0 0.79921875 0.63125 0.0515625 0.1875
0 0.83671875 0.62265625 0.053125 0.1734375
0 0.93125 0.59921875 0.0234375 0.0859375
0 0.91171875 0.60078125 0.025 0.0890625
0 0.89609375 0.6015625 0.0203125 0.0859375
0 0.8828125 0.5984375 0.021875 0.090625
0 0.8609375 0.5984375 0.025 0.096875
0 0.86953125 0.59375 0.0203125 0.0953125
0 0.81171875 0.5609375 0.0171875 0.028125
0 0.78515625 0.5703125 0.025 0.0609375
0 0.771875 0.58828125 0.01875 0.0828125
0 0.70546875 0.5734375 0.0125 0.0390625
0 0.684375 0.575 0.0265625 0.071875
0 0.6015625 0.58671875 0.01875 0.0859375
0 0.58984375 0.58671875 0.021875 0.0828125
0 0.56953125 0.58515625 0.01875 0.075
0 0.6203125 0.5453125 0.0125 0.0234375
0 0.6296875 0.5484375 0.0125 0.01875
0 0.6609375 0.55546875 0.0078125 0.0109375
0 0.846875 0.56015625 0.0109375 0.025
0 0.48671875 0.43671875 0.015625 0.0515625
0 0.0875 0.54296875 0.021875 0.028125
0 0.06328125 0.57265625 0.021875 0.075
0 0.05234375 0.59296875 0.0125 0.0890625
0 0.06796875 0.72578125 0.1359375 0.3703125
0 0.28359375 0.5515625 0.03125 0.03125
0 0.48671875 0.5421875 0.0609375 0.028125
0 0.66640625 0.5671875 0.071875 0.04375
0 0.76328125 0.55859375 0.0546875 0.0296875
0 0.9265625 0.565625 0.06875 0.03125
0 0.9203125 0.59765625 0.0078125 0.028125
0 0.90625 0.528125 0.015625 0.0234375
0 0.896875 0.4703125 0.028125 0.078125
0 0.1984375 0.48828125 0.06875 0.1734375