0 0.7171875 0.63359375 0.0359375 0.1359375
0 0.68359375 0.64921875 0.046875 0.1484375
0 0.68515625 0.64375 0.04375 0.1328125
0 0.61328125 0.6515625 0.03125 0.1296875
0 0.6359375 0.6984375 0.046875 0.1671875
0 0.58515625 0.67109375 0.0390625 0.125
0 0.57265625 0.6828125 0.0484375 0.13125
0 0.55546875 0.69296875 0.0328125 0.1296875
0 0.52421875 0.7359375 0.05625 0.1578125
0 0.496875 0.7375 0.0578125 0.1765625
0 0.5046875 0.71328125 0.028125 0.121875
0 0.26484375 0.97421875 0.0234375 0.0484375
0 0.24375 0.98046875 0.01875 0.0375
0 0.2765625 0.91484375 0.021875 0.05
0 0.27421875 0.8921875 0.009375 0.0171875
0 0.26171875 0.89375 0.0125 0.034375
0 0.3265625 0.86640625 0.0140625 0.040625
0 0.31484375 0.83984375 0.015625 0.04375
0 0.32578125 0.82578125 0.0140625 0.0421875
0 0.3546875 0.82734375 0.0125 0.040625
0 0.36484375 0.81953125 0.015625 0.0484375
0 0.3109375 0.73046875 0.0140625 0.04375
0 0.30625 0.7375 0.0125 0.0390625
0 0.29609375 0.746875 0.015625 0.04375
0 0.28125 0.75234375 0.0203125 0.0453125
0 0.21171875 0.7515625 0.0125 0.0171875
0 0.20390625 0.7578125 0.009375 0.0265625
0 0.3171875 0.88671875 0.0171875 0.0609375
0 0.2109375 0.82890625 0.0296875 0.0265625
0 0.25625 0.8703125 0.025 0.04375
0 0.3296875 0.72578125 0.015625 0.05
0 0.27890625 0.72109375 0.0203125 0.04375
0 0.37578125 0.65859375 0.0109375 0.0390625