0 0.02265625 0.3421875 0.0453125 0.2015625
0 0.0859375 0.3359375 0.1109375 0.221875
0 0.04453125 0.3953125 0.0890625 0.1
0 0.13046875 0.4 0.0625 0.09375
0 0.3828125 0.4953125 0.1390625 0.5984375
0 0.465625 0.49765625 0.096875 0.515625
0 0.565625 0.51953125 0.1328125 0.5640625
0 0.58203125 0.2484375 0.0515625 0.103125
0 0.60390625 0.42734375 0.0625 0.43125
0 0.50703125 0.24375 0.0546875 0.0859375
0 0.87578125 0.3421875 0.0734375 0.2140625
0 0.9109375 0.403125 0.0953125 0.0890625
0 0.95 0.3234375 0.0984375 0.25625
0 0.04296875 0.290625 0.046875 0.0578125
0 0.14375 0.30625 0.03125 0.1109375
0 0.428125 0.2734375 0.034375 0.0625
0 0.4828125 0.26796875 0.0296875 0.0828125
0 0.54921875 0.24296875 0.046875 0.0421875
0 0.89140625 0.278125 0.0296875 0.0890625
0 0.97890625 0.2609375 0.040625 0.1078125
0 0.9828125 0.41953125 0.0328125 0.05625