0 0.8671875 0.73515625 0.103125 0.365625
0 0.78828125 0.7359375 0.078125 0.328125
0 0.70546875 0.71640625 0.121875 0.3578125
0 0.63828125 0.7265625 0.090625 0.3234375
0 0.55390625 0.7140625 0.096875 0.3421875
0 0.478125 0.7359375 0.084375 0.328125
0 0.3984375 0.7375 0.0890625 0.35
0 0.3359375 0.70859375 0.06875 0.3484375
0 0.2765625 0.73125 0.0625 0.328125
0 0.196875 0.7171875 0.103125 0.3453125
0 0.12421875 0.7046875 0.096875 0.35
0 0.05078125 0.7 0.0984375 0.3359375
0 0.0578125 0.45859375 0.0515625 0.3125
0 0.09765625 0.47265625 0.065625 0.35
0 0.13359375 0.5328125 0.071875 0.2609375
0 0.19296875 0.53515625 0.0625 0.2859375
0 0.25390625 0.5375 0.06875 0.2703125
0 0.30859375 0.53359375 0.05625 0.2734375
0 0.36171875 0.5921875 0.0625 0.384375
0 0.415625 0.55 0.078125 0.3
0 0.47890625 0.5296875 0.0640625 0.2703125
0 0.53046875 0.55234375 0.0546875 0.275
0 0.58671875 0.5984375 0.071875 0.3828125
0 0.6421875 0.5375 0.0703125 0.275
0 0.69296875 0.5234375 0.0578125 0.2234375
0 0.73828125 0.6 0.06875 0.375
0 0.79609375 0.5421875 0.0734375 0.2546875
0 0.8390625 0.4890625 0.0625 0.3078125
0 0.89921875 0.5890625 0.08125 0.4921875
0 0.95625 0.55390625 0.075 0.628125
0 0.91328125 0.5328125 0.084375 0.5546875
0 0.84296875 0.35625 0.06875 0.2328125
0 0.7875 0.40234375 0.053125 0.2046875
0 0.73359375 0.39765625 0.0671875 0.2296875
0 0.6765625 0.4109375 0.059375 0.1828125
0 0.61484375 0.40859375 0.0421875 0.1921875
0 0.57421875 0.4 0.0609375 0.2203125
0 0.52734375 0.4125 0.046875 0.2
0 0.48046875 0.39375 0.059375 0.228125
0 0.428125 0.40234375 0.065625 0.2296875
0 0.36796875 0.40390625 0.06875 0.2125
0 0.3109375 0.3828125 0.0703125 0.2359375
0 0.2484375 0.4015625 0.0640625 0.2234375
0 0.17890625 0.40859375 0.053125 0.203125
0 0.13203125 0.35 0.040625 0.140625
0 0.1546875 0.38515625 0.0390625 0.1859375
0 0.20234375 0.33125 0.0265625 0.1078125
0 0.21875 0.41484375 0.0484375 0.2546875
0 0.28515625 0.38515625 0.0375 0.1953125
0 0.28203125 0.29609375 0.040625 0.1421875
0 0.35078125 0.33515625 0.028125 0.115625
0 0.37734375 0.2921875 0.0375 0.109375
0 0.39921875 0.33359375 0.0453125 0.1484375
0 0.43046875 0.29140625 0.040625 0.1265625
0 0.45234375 0.32265625 0.040625 0.134375
0 0.50390625 0.33515625 0.0328125 0.140625
0 0.55234375 0.3421875 0.0359375 0.1359375
0 0.57578125 0.30859375 0.0359375 0.0921875
0 0.6078125 0.325 0.05625 0.1453125
0 0.64609375 0.33984375 0.0359375 0.1359375
0 0.65 0.3015625 0.04375 0.1078125
0 0.68046875 0.3609375 0.059375 0.1671875
0 0.70625 0.3171875 0.0390625 0.140625
0 0.78125 0.3265625 0.0609375 0.1421875