0 0.05859375 0.5671875 0.1171875 0.565625
0 0.15859375 0.61875 0.19375 0.7578125
0 0.21953125 0.5546875 0.0546875 0.3953125
0 0.26953125 0.5765625 0.075 0.428125
0 0.3375 0.59609375 0.128125 0.5984375
0 0.4625 0.5578125 0.1125 0.4953125
0 0.5578125 0.5859375 0.1328125 0.5375
0 0.62734375 0.5609375 0.071875 0.4375
0 0.675 0.5515625 0.053125 0.3984375
0 0.7140625 0.6 0.1171875 0.5296875
0 0.78671875 0.5765625 0.0765625 0.3828125
0 0.91015625 0.60234375 0.1296875 0.440625
0 0.8875 0.55625 0.0625 0.4078125
0 0.1234375 0.35859375 0.0296875 0.0328125
0 0.365625 0.3890625 0.021875 0.0484375
0 0.3921875 0.6671875 0.0359375 0.1
0 0.42578125 0.39765625 0.0390625 0.0546875
0 0.421875 0.57734375 0.034375 0.0859375
0 0.43359375 0.67734375 0.05 0.1203125