0 0.31015625 0.7625 0.16875 0.4140625
0 0.471875 0.75 0.159375 0.396875
0 0.56953125 0.7234375 0.10625 0.3734375
0 0.70234375 0.77578125 0.25 0.4109375
0 0.85703125 0.7515625 0.175 0.428125
0 0.865625 0.45234375 0.140625 0.3984375
0 0.7921875 0.48828125 0.1046875 0.4609375
0 0.71015625 0.43671875 0.096875 0.36875
0 0.63046875 0.48203125 0.128125 0.4125
0 0.528125 0.3953125 0.121875 0.3390625
0 0.4234375 0.5125 0.1296875 0.5078125
0 0.26796875 0.478125 0.215625 0.3765625
0 0.225 0.56796875 0.15 0.565625