0 0.10859375 0.52421875 0.1046875 0.4484375
0 0.21640625 0.51875 0.0828125 0.4
0 0.275 0.51171875 0.071875 0.384375
0 0.36953125 0.49140625 0.0734375 0.3265625
0 0.421875 0.5359375 0.06875 0.3828125
0 0.45390625 0.48671875 0.04375 0.321875
0 0.48828125 0.53125 0.08125 0.3953125
0 0.5171875 0.46953125 0.053125 0.340625
0 0.54609375 0.521875 0.0609375 0.396875
0 0.603125 0.53125 0.0875 0.478125
0 0.69140625 0.575 0.090625 0.48125
0 0.73359375 0.51328125 0.0734375 0.409375
0 0.7984375 0.5859375 0.1203125 0.484375