0 0.0203125 0.790625 0.040625 0.3015625
0 0.025 0.66328125 0.025 0.059375
0 0.05703125 0.7890625 0.0625 0.2359375
0 0.10234375 0.78125 0.046875 0.246875
0 0.14140625 0.8015625 0.0828125 0.2921875
0 0.1953125 0.75859375 0.0484375 0.25
0 0.325 0.6734375 0.0265625 0.090625
0 0.30625 0.8203125 0.0625 0.35625
0 0.25546875 0.8125 0.1515625 0.371875
0 0.3859375 0.77421875 0.0671875 0.3
0 0.36015625 0.73125 0.0375 0.190625
0 0.42265625 0.7625 0.0515625 0.253125
0 0.4453125 0.7609375 0.0265625 0.234375
0 0.47578125 0.76484375 0.0515625 0.296875
0 0.50625 0.82421875 0.1125 0.3484375
0 0.57109375 0.803125 0.0515625 0.2890625
0 0.60546875 0.78671875 0.0484375 0.2828125
0 0.6265625 0.77421875 0.0359375 0.2375
0 0.65390625 0.71484375 0.0296875 0.0921875
0 0.709375 0.81640625 0.0453125 0.3640625
0 0.671875 0.8359375 0.084375 0.325
0 0.72109375 0.7078125 0.0390625 0.1484375
0 0.7671875 0.8421875 0.0765625 0.3109375
0 0.7921875 0.74921875 0.03125 0.203125
0 0.84921875 0.778125 0.065625 0.296875
0 0.8875 0.6625 0.053125 0.090625
0 0.89140625 0.81328125 0.075 0.3421875
0 0.94140625 0.7859375 0.0515625 0.2609375
0 0.95625 0.84375 0.084375 0.309375
0 0.559375 0.6953125 0.0296875 0.1
0 0.2546875 0.21171875 0.059375 0.0828125
0 0.44140625 0.225 0.09375 0.1375
0 0.290625 0.42578125 0.0828125 0.1640625
0 0.72890625 0.47734375 0.3359375 0.071875
0 0.77890625 0.659375 0.121875 0.0625
0 0.925 0.6578125 0.1453125 0.046875
0 0.70234375 0.63125 0.0109375 0.0203125
0 0.2765625 0.63125 0.0828125 0.0328125
0 0.2203125 0.71796875 0.040625 0.1875
0 0.08359375 0.63046875 0.1546875 0.075
0 0.0484375 0.6875 0.028125 0.040625
0 0.08125 0.70390625 0.0140625 0.028125
0 0.12421875 0.68671875 0.021875 0.04375
0 0.04453125 0.5625 0.06875 0.0390625
0 0.17421875 0.7328125 0.0296875 0.2078125
0 0.8171875 0.73046875 0.0265625 0.0796875
0 0.5953125 0.70703125 0.0171875 0.053125
0 0.9546875 0.69453125 0.0296875 0.0390625
0 0.08671875 0.8 0.015625 0.0859375
0 0.115625 0.81484375 0.01875 0.0390625
0 0.3328125 0.92734375 0.0296875 0.1421875
0 0.51015625 0.6421875 0.3203125 0.04375
0 0.334375 0.7390625 0.0328125 0.2375
0 0.73359375 0.746875 0.0390625 0.1203125
0 0.10390625 0.3734375 0.0265625 0.0515625
0 0.7109375 0.0734375 0.25 0.146875
0 0.1828125 0.940625 0.0375 0.084375