0 0.87734375 0.5484375 0.134375 0.4109375
0 0.77109375 0.603125 0.1234375 0.51875
0 0.74375 0.5421875 0.0984375 0.3546875
0 0.6578125 0.63984375 0.1109375 0.4890625
0 0.55390625 0.6015625 0.121875 0.51875
0 0.4421875 0.6109375 0.1140625 0.58125
0 0.384375 0.51796875 0.0625 0.2625
0 0.31484375 0.5609375 0.1015625 0.43125
0 0.30546875 0.53125 0.1015625 0.3734375
0 0.125 0.58515625 0.1375 0.4921875
0 0.47890625 0.55859375 0.0359375 0.31875
0 0.2703125 0.52265625 0.03125 0.303125
0 0.30625 0.6640625 0.00625 0.015625