0 0.31171875 0.734375 0.2265625 0.5296875
0 0.53671875 0.740625 0.1625 0.3265625
0 0.76640625 0.72578125 0.184375 0.546875
0 0.85078125 0.646875 0.1203125 0.409375
0 0.1484375 0.56640625 0.146875 0.4078125
0 0.16875 0.3171875 0.053125 0.090625
0 0.228125 0.384375 0.1265625 0.2671875
0 0.27265625 0.32421875 0.0734375 0.0859375
0 0.32109375 0.50625 0.1125 0.290625
0 0.41640625 0.66171875 0.1390625 0.4953125
0 0.4671875 0.52265625 0.090625 0.253125
0 0.54453125 0.490625 0.0984375 0.228125
0 0.59453125 0.39296875 0.046875 0.1296875
0 0.5796875 0.58984375 0.1796875 0.3421875
0 0.625 0.3984375 0.0640625 0.103125
0 0.6609375 0.41875 0.0515625 0.2125
0 0.67890625 0.3578125 0.034375 0.05625
0 0.7125 0.43125 0.0859375 0.2171875
0 0.75390625 0.4 0.05 0.125
0 0.8109375 0.403125 0.0890625 0.14375
0 0.69140625 0.56484375 0.115625 0.3859375
0 0.9453125 0.71796875 0.109375 0.5625
0 0.24765625 0.15859375 0.0375 0.05625
0 0.07109375 0.27578125 0.1421875 0.2453125
0 0.321875 0.353125 0.0796875 0.134375
0 0.540625 0.3296875 0.1875 0.109375
0 0.74140625 0.3296875 0.034375 0.0390625
0 0.9796875 0.878125 0.0375 0.2375
0 0.915625 0.62734375 0.0734375 0.303125
0 0.54609375 0.9015625 0.3703125 0.1953125