0 0.86796875 0.6171875 0.196875 0.7640625
0 0.74375 0.671875 0.15 0.6546875
0 0.7453125 0.6421875 0.1703125 0.703125
0 0.56328125 0.70625 0.35 0.5859375
0 0.49921875 0.7015625 0.165625 0.5828125
0 0.48046875 0.4140625 0.1375 0.225
0 0.56953125 0.39375 0.18125 0.3546875
0 0.64921875 0.46796875 0.0890625 0.4734375
0 0.59296875 0.3125 0.05 0.0734375
0 0.4984375 0.33125 0.04375 0.0859375
0 0.47421875 0.33984375 0.040625 0.096875
0 0.3890625 0.66640625 0.1078125 0.63125
0 0.271875 0.678125 0.175 0.6421875
0 0.25078125 0.45703125 0.103125 0.228125
0 0.19375 0.578125 0.1265625 0.6265625
0 0.11875 0.53515625 0.1734375 0.7125
0 0.046875 0.51484375 0.09375 0.6203125
0 0.2515625 0.303125 0.125 0.165625
0 0.3296875 0.3078125 0.109375 0.1453125
0 0.3953125 0.30625 0.06875 0.1828125
0 0.36953125 0.28046875 0.115625 0.2390625
0 0.425 0.20703125 0.109375 0.203125
0 0.6078125 0.30234375 0.04375 0.0890625
0 0.40234375 0.28203125 0.21875 0.1