0 0.03515625 0.6015625 0.0390625 0.1484375
0 0.0703125 0.6125 0.0171875 0.0546875
0 0.2828125 0.6234375 0.046875 0.2296875
0 0.90703125 0.615625 0.0140625 0.046875
0 0.940625 0.6171875 0.0109375 0.0484375
0 0.946875 0.6140625 0.0125 0.0515625
0 0.86953125 0.6703125 0.1109375 0.4796875
0 0.80234375 0.67109375 0.1609375 0.6359375
0 0.78125 0.69140625 0.1125 0.6140625
0 0.70078125 0.6125 0.215625 0.7734375
0 0.615625 0.6625 0.0625 0.3828125
0 0.525 0.52109375 0.2875 0.95625
0 0.4125 0.58515625 0.171875 0.828125
0 0.3265625 0.66875 0.1125 0.6234375
0 0.2359375 0.6578125 0.0875 0.6796875
0 0.1703125 0.584375 0.159375 0.8296875
0 0.9328125 0.61484375 0.009375 0.04375
0 0.96875 0.6203125 0.009375 0.028125
0 0.97890625 0.61875 0.009375 0.034375
0 0.9859375 0.61953125 0.0125 0.0328125
0 0.9953125 0.61640625 0.0078125 0.0328125
0 0.88515625 0.6140625 0.0375 0.046875
0 0.73828125 0.78984375 0.0328125 0.16875
0 0.3734375 0.7984375 0.0296875 0.1921875
0 0.96015625 0.61484375 0.0109375 0.04375