0 0.66640625 0.74609375 0.078125 0.3828125
0 0.04453125 0.66328125 0.0890625 0.5390625
0 0.12421875 0.66328125 0.0859375 0.515625
0 0.19296875 0.659375 0.09375 0.528125
0 0.27890625 0.65078125 0.10625 0.5640625
0 0.371875 0.65390625 0.1 0.5609375
0 0.24765625 0.63984375 0.0484375 0.4921875
0 0.16328125 0.63046875 0.0609375 0.546875
0 0.09921875 0.61640625 0.0890625 0.5703125
0 0.33203125 0.40390625 0.0671875 0.16875
0 0.33671875 0.64375 0.0515625 0.5234375
0 0.421875 0.6390625 0.05625 0.4875
0 0.41875 0.40703125 0.0703125 0.1734375
0 0.4671875 0.65390625 0.065625 0.5140625
0 0.48359375 0.65390625 0.096875 0.578125
0 0.51484375 0.44140625 0.0296875 0.1046875
0 0.528125 0.66484375 0.0390625 0.4953125
0 0.56796875 0.6734375 0.1125 0.53125
0 0.59453125 0.4234375 0.0703125 0.1671875
0 0.5875 0.66640625 0.0546875 0.478125
0 0.6453125 0.6421875 0.08125 0.5328125
0 0.6609375 0.67109375 0.0828125 0.5109375
0 0.68359375 0.40390625 0.05 0.1640625
0 0.72265625 0.628125 0.1 0.575
0 0.734375 0.67734375 0.084375 0.5671875
0 0.79609375 0.4265625 0.071875 0.1640625
0 0.80859375 0.66640625 0.0859375 0.5796875
0 0.88203125 0.64609375 0.0921875 0.6125
0 0.95546875 0.66484375 0.0875 0.634375