0 0.1203125 0.7203125 0.11875 0.4515625
0 0.2203125 0.7109375 0.1109375 0.4484375
0 0.31015625 0.71484375 0.128125 0.4265625
0 0.40703125 0.70625 0.096875 0.434375
0 0.484375 0.7109375 0.0984375 0.4375
0 0.56875 0.6875 0.10625 0.4609375
0 0.6515625 0.7015625 0.0890625 0.4328125
0 0.7484375 0.7109375 0.10625 0.4015625
0 0.8546875 0.709375 0.1171875 0.4078125
0 0.26015625 0.60703125 0.0984375 0.4125
0 0.340625 0.60859375 0.0765625 0.3921875
0 0.41171875 0.5078125 0.071875 0.121875
0 0.4734375 0.49375 0.0765625 0.1609375
0 0.53203125 0.49296875 0.0546875 0.1546875
0 0.6109375 0.6125 0.0625 0.378125
0 0.64453125 0.4453125 0.0515625 0.0921875
0 0.68671875 0.6046875 0.09375 0.3921875
0 0.7390625 0.490625 0.0578125 0.128125
0 0.803125 0.61875 0.0796875 0.3640625
0 0.23203125 0.4046875 0.078125 0.1609375
0 0.2703125 0.421875 0.1 0.140625
0 0.34609375 0.4265625 0.075 0.1171875
0 0.40703125 0.4609375 0.0671875 0.1359375
0 0.4765625 0.4234375 0.0796875 0.121875
0 0.55078125 0.4109375 0.0828125 0.1453125
0 0.61484375 0.40703125 0.0515625 0.109375
0 0.72109375 0.42421875 0.05625 0.1140625
0 0.79375 0.45078125 0.0828125 0.125
0 0.77890625 0.37421875 0.0859375 0.184375
0 0.7484375 0.35546875 0.0390625 0.1359375
0 0.70546875 0.37265625 0.0671875 0.1015625
0 0.6359375 0.3890625 0.0765625 0.16875
0 0.59140625 0.3546875 0.0703125 0.15
0 0.546875 0.31640625 0.0515625 0.06875
0 0.5203125 0.3921875 0.04375 0.1171875
0 0.50234375 0.3578125 0.0328125 0.084375
0 0.459375 0.38359375 0.0890625 0.1515625
0 0.38828125 0.3828125 0.05625 0.1140625
0 0.32109375 0.37421875 0.0546875 0.1265625
0 0.25859375 0.3171875 0.0796875 0.1078125
0 0.3203125 0.3203125 0.065625 0.0953125
0 0.38046875 0.33203125 0.0796875 0.1234375
0 0.41796875 0.30859375 0.046875 0.1046875
0 0.459375 0.31640625 0.0796875 0.1296875
0 0.4921875 0.28046875 0.0453125 0.0859375
0 0.51953125 0.28203125 0.0484375 0.134375
0 0.54609375 0.28671875 0.059375 0.1109375
0 0.5765625 0.25859375 0.034375 0.0625
0 0.60234375 0.28203125 0.028125 0.0609375
0 0.61484375 0.3109375 0.04375 0.103125
0 0.653125 0.36171875 0.0578125 0.1328125
0 0.68828125 0.32734375 0.034375 0.103125
0 0.740625 0.309375 0.059375 0.1265625
0 0.7265625 0.27578125 0.0640625 0.1078125
0 0.71171875 0.24140625 0.0515625 0.0875
0 0.7234375 0.22890625 0.078125 0.13125
0 0.6828125 0.2046875 0.0625 0.1171875
0 0.67578125 0.28203125 0.059375 0.09375
0 0.64453125 0.26328125 0.0390625 0.0984375
0 0.61015625 0.23359375 0.04375 0.0625
0 0.62734375 0.2125 0.03125 0.075
0 0.56640625 0.21015625 0.0546875 0.0828125
0 0.5328125 0.228125 0.0703125 0.103125
0 0.5 0.2140625 0.0421875 0.0984375
0 0.471875 0.2359375 0.0390625 0.0703125
0 0.43984375 0.2625 0.0375 0.1
0 0.43203125 0.20859375 0.0359375 0.075
0 0.38515625 0.271875 0.0453125 0.103125
0 0.41328125 0.23828125 0.0375 0.0609375
0 0.35390625 0.29140625 0.0375 0.0734375
0 0.39921875 0.221875 0.0625 0.09375
0 0.34296875 0.25234375 0.0625 0.1078125
0 0.33203125 0.225 0.065625 0.1265625