0 0.31953125 0.759375 0.03125 0.0890625
0 0.45 0.71328125 0.0140625 0.0203125
0 0.45546875 0.71875 0.009375 0.028125
0 0.1390625 0.69921875 0.0125 0.0390625
0 0.096875 0.721875 0.0171875 0.078125
0 0.0765625 0.71953125 0.0203125 0.0859375
0 0.04375 0.72109375 0.01875 0.0859375
0 0.040625 0.7140625 0.0125 0.08125
0 0.028125 0.69765625 0.0171875 0.05
0 0.01875 0.7390625 0.0234375 0.0859375
0 0.75078125 0.7328125 0.009375 0.021875
0 0.146875 0.709375 0.0171875 0.028125
0 0.36015625 0.7234375 0.0140625 0.0265625
0 0.5609375 0.52109375 0.025 0.0453125