0 0.86015625 0.58984375 0.2765625 0.8171875
0 0.66484375 0.60859375 0.3328125 0.7796875
0 0.4046875 0.584375 0.2515625 0.828125
0 0.16171875 0.49921875 0.321875 0.9984375
0 0.56875 0.4296875 0.1046875 0.2625
0 0.52109375 0.3515625 0.1015625 0.2578125
0 0.96640625 0.4703125 0.065625 0.2109375
0 0.93046875 0.31953125 0.0375 0.1421875
0 0.715625 0.35 0.0953125 0.2859375
0 0.60703125 0.64375 0.2328125 0.709375
0 0.525 0.3546875 0.0953125 0.25625
0 0.5609375 0.29375 0.0640625 0.196875
0 0.30234375 0.3140625 0.0484375 0.1171875
0 0.24609375 0.303125 0.06875 0.1140625
0 0.9703125 0.51953125 0.0578125 0.2109375
0 0.61171875 0.19375 0.2828125 0.059375
0 0.9625 0.346875 0.03125 0.0453125
0 0.56796875 0.30390625 0.0859375 0.165625