0 0.1671875 0.48046875 0.146875 0.33125
0 0.3421875 0.471875 0.078125 0.3140625
0 0.48203125 0.4671875 0.0734375 0.303125
0 0.625 0.46484375 0.109375 0.328125
0 0.83046875 0.4453125 0.1734375 0.4109375
0 0.12890625 0.42265625 0.028125 0.053125
0 0.15546875 0.43359375 0.021875 0.0703125
0 0.2109375 0.434375 0.03125 0.0921875
0 0.23203125 0.4359375 0.0203125 0.090625
0 0.246875 0.4390625 0.0296875 0.1078125
0 0.26640625 0.45 0.0265625 0.11875
0 0.27890625 0.40546875 0.03125 0.04375
0 0.28828125 0.446875 0.0265625 0.078125
0 0.31015625 0.41875 0.028125 0.0546875
0 0.32109375 0.45625 0.0234375 0.140625
0 0.38046875 0.42734375 0.0234375 0.096875
0 0.39921875 0.43046875 0.0234375 0.08125
0 0.41015625 0.4296875 0.0203125 0.078125
0 0.42734375 0.4359375 0.03125 0.065625
0 0.42890625 0.4078125 0.0375 0.06875
0 0.459375 0.434375 0.028125 0.096875
0 0.51328125 0.428125 0.01875 0.0859375
0 0.5484375 0.44296875 0.0359375 0.1234375
0 0.56953125 0.434375 0.0203125 0.0828125
0 0.57890625 0.43203125 0.0234375 0.078125
0 0.6734375 0.42578125 0.0234375 0.0859375
0 0.73984375 0.4609375 0.025 0.0875
0 0.70625 0.44921875 0.0390625 0.06875
0 0.55625 0.4359375 0.0765625 0.08125
0 0.39375 0.41484375 0.01875 0.0484375
0 0.2921875 0.44453125 0.059375 0.1078125
0 0.13671875 0.4296875 0.059375 0.0734375