0 0.05234375 0.540625 0.1046875 0.4546875
0 0.11953125 0.52109375 0.0640625 0.4265625
0 0.19765625 0.5203125 0.103125 0.46875
0 0.1640625 0.5359375 0.065625 0.4203125
0 0.16953125 0.34765625 0.0609375 0.128125
0 0.25 0.53125 0.0609375 0.478125
0 0.321875 0.5578125 0.140625 0.5
0 0.30859375 0.51875 0.0953125 0.4828125
0 0.3640625 0.5171875 0.08125 0.4828125
0 0.4203125 0.5671875 0.1109375 0.4828125
0 0.4546875 0.51015625 0.0890625 0.5203125
0 0.51953125 0.5421875 0.1265625 0.54375
0 0.69296875 0.6421875 0.1734375 0.7125
0 0.6328125 0.60078125 0.078125 0.590625
0 0.7984375 0.64765625 0.090625 0.6359375
0 0.8765625 0.63828125 0.146875 0.640625
0 0.93828125 0.62734375 0.1109375 0.6703125