0 0.13359375 0.6125 0.2359375 0.5171875
0 0.42578125 0.5890625 0.2125 0.5109375
0 0.04453125 0.4984375 0.0890625 0.353125
0 0.246875 0.4234375 0.0359375 0.1046875
0 0.3296875 0.44765625 0.071875 0.1515625
0 0.521875 0.44921875 0.0890625 0.159375
0 0.5546875 0.42265625 0.028125 0.0671875
0 0.58671875 0.41328125 0.0265625 0.040625
0 0.6234375 0.48203125 0.0953125 0.2296875
0 0.65859375 0.403125 0.034375 0.0234375
0 0.7 0.4625 0.075 0.19375
0 0.8734375 0.41484375 0.0359375 0.0625
0 0.84296875 0.4375 0.0296875 0.078125
0 0.81484375 0.4 0.0234375 0.0125
0 0.7734375 0.50625 0.1421875 0.3140625
0 0.87109375 0.51875 0.1625 0.2921875
0 0.80078125 0.11171875 0.0921875 0.2234375
0 0.9765625 0.67578125 0.040625 0.3125
0 0.19765625 0.3921875 0.0390625 0.05625
0 0.378125 0.4078125 0.05 0.0453125
0 0.49375 0.3390625 0.059375 0.0328125
0 0.5984375 0.359375 0.021875 0.01875
0 0.534375 0.3984375 0.0078125 0.009375
0 0.28671875 0.384375 0.028125 0.0203125
0 0.42578125 0.2375 0.0375 0.084375