0 0.9265625 0.57890625 0.146875 0.840625
0 0.85 0.54921875 0.084375 0.721875
0 0.70234375 0.33671875 0.0515625 0.26875
0 0.75234375 0.52734375 0.203125 0.9421875
0 0.703125 0.3359375 0.0609375 0.284375
0 0.59140625 0.58984375 0.1859375 0.8171875
0 0.49375 0.6046875 0.21875 0.7890625
0 0.35078125 0.58359375 0.16875 0.83125
0 0.184375 0.5734375 0.2640625 0.8515625
0 0.0484375 0.50859375 0.096875 0.9796875
0 0.271875 0.559375 0.0921875 0.7234375
0 0.946875 0.81015625 0.1015625 0.24375
0 0.9734375 0.309375 0.0515625 0.1046875