0 0.0390625 0.50390625 0.0765625 0.5796875
0 0.134375 0.55 0.2234375 0.8203125
0 0.24375 0.4796875 0.1109375 0.603125
0 0.2890625 0.54140625 0.2 0.6625
0 0.40625 0.50078125 0.1796875 0.7359375
0 0.43671875 0.3484375 0.1046875 0.378125
0 0.5484375 0.41015625 0.1453125 0.5890625
0 0.64296875 0.41796875 0.0734375 0.5359375
0 0.690625 0.38359375 0.14375 0.3984375
0 0.7203125 0.16015625 0.096875 0.2390625
0 0.78828125 0.4234375 0.1234375 0.5984375
0 0.91015625 0.459375 0.178125 0.8015625
0 0.59765625 0.3390625 0.0640625 0.38125
0 0.6140625 0.190625 0.0234375 0.0390625
0 0.96875 0.196875 0.0609375 0.140625
0 0.8828125 0.15 0.0234375 0.04375
0 0.81640625 0.190625 0.028125 0.0796875
0 0.284375 0.2078125 0.0390625 0.0453125
0 0.33984375 0.21640625 0.0296875 0.0890625
0 0.34921875 0.2265625 0.0390625 0.0953125
0 0.5296875 0.36171875 0.0875 0.3953125
0 0.7390625 0.57109375 0.1046875 0.2453125
0 0.07421875 0.62265625 0.1484375 0.4859375
0 0.0828125 0.26796875 0.03125 0.040625
0 0.15625 0.2578125 0.0421875 0.0515625
0 0.46953125 0.209375 0.0421875 0.071875
0 0.975 0.67734375 0.05 0.1734375
0 0.84296875 0.184375 0.0296875 0.0609375