0 0.03984375 0.8265625 0.0796875 0.34375
0 0.06171875 0.62265625 0.1234375 0.3609375
0 0.08828125 0.578125 0.1375 0.390625
0 0.13125 0.70546875 0.06875 0.571875
0 0.184375 0.7125 0.0671875 0.571875
0 0.25625 0.65390625 0.1015625 0.6421875
0 0.33046875 0.603125 0.0671875 0.6640625
0 0.3859375 0.5234375 0.1359375 0.5078125
0 0.48046875 0.47734375 0.0953125 0.5328125
0 0.5265625 0.55859375 0.1328125 0.5765625
0 0.59453125 0.38671875 0.0546875 0.19375
0 0.6328125 0.63203125 0.125 0.734375
0 0.6484375 0.64453125 0.09375 0.7046875
0 0.71875 0.37109375 0.071875 0.278125
0 0.7046875 0.6484375 0.10625 0.7
0 0.74921875 0.47734375 0.0390625 0.1859375
0 0.740625 0.58203125 0.1828125 0.6578125
0 0.77109375 0.65078125 0.25 0.6953125
0 0.9078125 0.49296875 0.1046875 0.3234375
0 0.909375 0.546875 0.10625 0.4203125
0 0.88984375 0.47109375 0.078125 0.278125
0 0.03046875 0.903125 0.0390625 0.190625
0 0.9609375 0.8125 0.078125 0.371875
0 0.821875 0.290625 0.0375 0.0953125