0 0.0203125 0.92734375 0.040625 0.1421875
0 0.04296875 0.8796875 0.0375 0.109375
0 0.07421875 0.840625 0.021875 0.025
0 0.1328125 0.875 0.028125 0.0921875
0 0.1453125 0.8828125 0.05 0.1078125
0 0.1859375 0.9046875 0.0671875 0.1515625
0 0.2734375 0.91953125 0.071875 0.1578125
0 0.30078125 0.8921875 0.0484375 0.1546875
0 0.3625 0.89609375 0.06875 0.1359375
0 0.4171875 0.8953125 0.065625 0.1546875
0 0.58984375 0.89609375 0.059375 0.1390625
0 0.696875 0.89765625 0.0890625 0.1421875
0 0.77890625 0.87265625 0.0515625 0.109375
0 0.8140625 0.890625 0.0625 0.1296875
0 0.84453125 0.84765625 0.0390625 0.0921875
0 0.8703125 0.8515625 0.0484375 0.08125
0 0.88671875 0.8828125 0.025 0.10625
0 0.91171875 0.853125 0.0578125 0.0765625
0 0.93125 0.89609375 0.0828125 0.1203125
0 0.21640625 0.58046875 0.221875 0.1734375
0 0.12109375 0.83984375 0.1890625 0.0796875
0 0.38125 0.28359375 0.115625 0.3390625
0 0.58515625 0.47421875 0.0625 0.0765625
0 0.80390625 0.81484375 0.04375 0.0359375