0 0.2828125 0.53125 0.1453125 0.3671875
0 0.6484375 0.7421875 0.409375 0.5140625
0 0.865625 0.7046875 0.2078125 0.5875
0 0.2921875 0.5921875 0.1578125 0.8140625
0 0.46328125 0.575 0.3375 0.7421875
0 0.50390625 0.434375 0.096875 0.178125
0 0.70859375 0.46875 0.184375 0.328125
0 0.14375 0.32890625 0.1703125 0.2328125
0 0.5578125 0.4015625 0.1375 0.371875
0 0.590625 0.196875 0.078125 0.146875
0 0.65390625 0.3890625 0.1578125 0.45
0 0.8734375 0.44296875 0.2484375 0.409375
0 0.71796875 0.9078125 0.265625 0.184375
0 0.05234375 0.6984375 0.1046875 0.6
0 0.31484375 0.3015625 0.4734375 0.1921875