0 0.9015625 0.628125 0.1265625 0.59375
0 0.80234375 0.6265625 0.096875 0.534375
0 0.81171875 0.5796875 0.125 0.5453125
0 0.71953125 0.6109375 0.0890625 0.55625
0 0.68125 0.3625 0.0859375 0.1625
0 0.6328125 0.58359375 0.115625 0.559375
0 0.5859375 0.49765625 0.0625 0.45
0 0.5390625 0.5765625 0.115625 0.5765625
0 0.49453125 0.34921875 0.0546875 0.109375
0 0.446875 0.5796875 0.103125 0.565625
0 0.39140625 0.54765625 0.0984375 0.525
0 0.303125 0.5703125 0.09375 0.51875
0 0.2546875 0.56171875 0.0625 0.465625
0 0.1890625 0.57265625 0.121875 0.5328125
0 0.13359375 0.54296875 0.0796875 0.54375
0 0.078125 0.59140625 0.13125 0.628125