0 0.915625 0.7453125 0.1109375 0.2515625
0 0.81953125 0.8 0.1046875 0.3328125
0 0.74296875 0.7421875 0.0765625 0.3015625
0 0.50625 0.72890625 0.0625 0.184375
0 0.42578125 0.75 0.0640625 0.253125
0 0.3890625 0.73203125 0.0578125 0.2546875
0 0.3375 0.74453125 0.0703125 0.2609375
0 0.31953125 0.70078125 0.0296875 0.1296875
0 0.27890625 0.721875 0.0515625 0.1765625
0 0.25 0.7296875 0.0609375 0.2
0 0.140625 0.84140625 0.1 0.3171875
0 0.1015625 0.80390625 0.0859375 0.36875
0 0.059375 0.70703125 0.0375 0.1125
0 0.19140625 0.70234375 0.040625 0.1125
0 0.459375 0.65859375 0.01875 0.03125
0 0.46875 0.6671875 0.015625 0.03125
0 0.6078125 0.69921875 0.034375 0.1203125
0 0.6375 0.684375 0.015625 0.0875
0 0.65703125 0.675 0.0265625 0.0703125
0 0.5828125 0.67578125 0.01875 0.065625
0 0.59296875 0.6671875 0.0125 0.0546875
0 0.55625 0.67109375 0.0203125 0.0703125
0 0.565625 0.6734375 0.0109375 0.05625
0 0.5734375 0.66796875 0.0078125 0.0359375
0 0.54453125 0.67734375 0.00625 0.046875
0 0.68515625 0.4765625 0.015625 0.05
0 0.66015625 0.48125 0.0203125 0.040625
0 0.65234375 0.484375 0.0203125 0.0296875
0 0.62734375 0.4859375 0.01875 0.0328125
0 0.8890625 0.43984375 0.0203125 0.08125
0 0.17734375 0.69609375 0.015625 0.1171875
0 0.21328125 0.66015625 0.0140625 0.034375
0 0.44609375 0.67265625 0.021875 0.0578125
0 0.6078125 0.80703125 0.03125 0.1046875
0 0.5703125 0.7421875 0.040625 0.0765625
0 0.5125 0.8578125 0.0453125 0.075
0 0.375 0.91171875 0.1390625 0.0546875
0 0.31953125 0.8046875 0.03125 0.084375
0 0.2546875 0.8640625 0.06875 0.06875
0 0.07734375 0.48515625 0.0359375 0.053125
0 0.82109375 0.4515625 0.034375 0.0859375
0 0.97890625 0.43828125 0.01875 0.084375
0 0.8796875 0.65703125 0.015625 0.04375
0 0.690625 0.646875 0.03125 0.0359375