0 0.515625 0.9390625 0.046875 0.121875
0 0.553125 0.93984375 0.059375 0.1203125
0 0.575 0.9375 0.0296875 0.1
0 0.39921875 0.93203125 0.034375 0.1125
0 0.37265625 0.93203125 0.03125 0.1046875
0 0.3078125 0.93515625 0.0515625 0.1296875
0 0.34765625 0.9125 0.01875 0.084375
0 0.33125 0.90390625 0.015625 0.065625
0 0.3421875 0.87890625 0.009375 0.0171875
0 0.26875 0.925 0.0234375 0.0890625
0 0.259375 0.89921875 0.01875 0.0609375
0 0.2328125 0.93203125 0.0390625 0.1328125
0 0.28046875 0.88203125 0.009375 0.028125
0 0.29375 0.8875 0.0125 0.0421875
0 0.30546875 0.884375 0.0078125 0.034375
0 0.2875 0.89140625 0.009375 0.040625
0 0.1375 0.88828125 0.0140625 0.03125
0 0.59296875 0.94921875 0.0171875 0.065625
0 0.59296875 0.8875 0.015625 0.01875
0 0.196875 0.89296875 0.0109375 0.0328125
0 0.2484375 0.86875 0.01875 0.0171875
0 0.246875 0.90234375 0.0125 0.05
0 0.27109375 0.87265625 0.0125 0.0171875
0 0.44375 0.91875 0.0140625 0.0859375
0 0.63828125 0.91953125 0.0390625 0.1125
0 0.2265625 0.8765625 0.0140625 0.03125
0 0.0703125 0.89140625 0.0171875 0.053125
0 0.11171875 0.87421875 0.0265625 0.01875
0 0.215625 0.86875 0.009375 0.0375