0 0.05078125 0.70234375 0.1015625 0.5921875
0 0.1375 0.7234375 0.1546875 0.5515625
0 0.29375 0.71953125 0.128125 0.559375
0 0.2671875 0.62578125 0.059375 0.2875
0 0.38828125 0.68046875 0.0875 0.44375
0 0.4390625 0.5859375 0.04375 0.1765625
0 0.471875 0.7046875 0.0890625 0.4515625
0 0.53125 0.66171875 0.1046875 0.4015625
0 0.56796875 0.65625 0.075 0.3421875
0 0.5921875 0.52734375 0.01875 0.053125
0 0.6234375 0.66875 0.11875 0.4859375
0 0.69921875 0.61875 0.0640625 0.1703125
0 0.68671875 0.603125 0.0421875 0.20625
0 0.73046875 0.63046875 0.0875 0.3203125
0 0.76796875 0.61171875 0.05625 0.2671875
0 0.78515625 0.6 0.0640625 0.2671875
0 0.83203125 0.61953125 0.0796875 0.265625
0 0.8765625 0.61171875 0.05 0.215625
0 0.9265625 0.6140625 0.0984375 0.26875
0 0.91640625 0.534375 0.028125 0.0765625
0 0.94921875 0.60234375 0.0421875 0.1859375
0 0.98359375 0.60390625 0.03125 0.2265625
0 0.9875 0.5828125 0.0234375 0.2078125
0 0.87109375 0.09453125 0.0703125 0.1578125
0 0.103125 0.25859375 0.0171875 0.078125
0 0.20078125 0.328125 0.0171875 0.0578125
0 0.4203125 0.52265625 0.021875 0.0359375
0 0.35703125 0.728125 0.0078125 0.0515625
0 0.3625 0.5046875 0.021875 0.034375
0 0.58515625 0.503125 0.00625 0.0265625
0 0.49765625 0.50703125 0.0171875 0.0453125
0 0.87578125 0.671875 0.0109375 0.053125
0 0.86015625 0.690625 0.0046875 0.0078125
0 0.575 0.4109375 0.04375 0.028125
0 0.62265625 0.846875 0.753125 0.296875