0 0.29375 0.634375 0.178125 0.3828125
0 0.2375 0.38828125 0.109375 0.3328125
0 0.3140625 0.40390625 0.1 0.21875
0 0.3609375 0.38125 0.078125 0.2515625
0 0.43046875 0.3671875 0.090625 0.3078125
0 0.51015625 0.37734375 0.0859375 0.2546875
0 0.43203125 0.7359375 0.1875 0.378125
0 0.56953125 0.71171875 0.15625 0.365625
0 0.58984375 0.3875 0.0921875 0.253125
0 0.66796875 0.3703125 0.09375 0.296875
0 0.74140625 0.390625 0.084375 0.3203125
0 0.79296875 0.45234375 0.128125 0.415625
0 0.83828125 0.33359375 0.071875 0.2140625
0 0.7296875 0.696875 0.2 0.3859375
0 0.85078125 0.640625 0.196875 0.421875
0 0.02265625 0.80546875 0.0453125 0.109375
0 0.9671875 0.340625 0.0640625 0.065625