0 0.078125 0.5703125 0.1453125 0.5078125
0 0.184375 0.5765625 0.1140625 0.4609375
0 0.2578125 0.5578125 0.090625 0.44375
0 0.2859375 0.665625 0.1171875 0.4375
0 0.3296875 0.54609375 0.071875 0.4515625
0 0.3875 0.4265625 0.078125 0.1953125
0 0.38515625 0.66171875 0.1015625 0.4359375
0 0.43984375 0.44296875 0.071875 0.225
0 0.51328125 0.4359375 0.0984375 0.240625
0 0.4703125 0.67109375 0.0921875 0.41875
0 0.54296875 0.6828125 0.0921875 0.409375
0 0.58359375 0.55546875 0.0640625 0.4328125
0 0.628125 0.678125 0.1046875 0.453125
0 0.6421875 0.4375 0.0703125 0.2015625
0 0.7109375 0.4421875 0.0828125 0.215625
0 0.7234375 0.67578125 0.1015625 0.4421875
0 0.80859375 0.56171875 0.1171875 0.46875
0 0.9015625 0.578125 0.1328125 0.5171875
0 0.0171875 0.490625 0.034375 0.1453125
0 0.97890625 0.4546875 0.040625 0.09375