0 0.2015625 0.62109375 0.071875 0.284375
0 0.2609375 0.625 0.059375 0.253125
0 0.3125 0.625 0.0546875 0.2546875
0 0.334375 0.63984375 0.0546875 0.26875
0 0.35546875 0.521875 0.021875 0.0671875
0 0.378125 0.63984375 0.0546875 0.2734375
0 0.38984375 0.5265625 0.0140625 0.0484375
0 0.40625 0.6359375 0.0390625 0.2640625
0 0.41484375 0.64765625 0.065625 0.2703125
0 0.4546875 0.64921875 0.0546875 0.2765625
0 0.45703125 0.525 0.04375 0.071875
0 0.48203125 0.665625 0.0640625 0.26875
0 0.49375 0.640625 0.0375 0.278125
0 0.52109375 0.63671875 0.0625 0.3296875
0 0.578125 0.646875 0.0921875 0.325
0 0.57109375 0.50703125 0.034375 0.0734375
0 0.6328125 0.6421875 0.0765625 0.334375
0 0.70703125 0.6484375 0.0953125 0.31875
0 0.59765625 0.65234375 0.078125 0.3328125
0 0.7109375 0.43984375 0.0578125 0.090625