0 0.334375 0.45078125 0.2234375 0.9015625
0 0.4609375 0.59453125 0.240625 0.6859375
0 0.659375 0.68359375 0.3546875 0.6203125
0 0.88046875 0.62109375 0.2203125 0.728125
0 0.921875 0.2265625 0.1546875 0.2703125
0 0.67890625 0.49453125 0.2640625 0.634375
0 0.0546875 0.10546875 0.040625 0.1875
0 0.08125 0.34609375 0.115625 0.45
0 0.0796875 0.13671875 0.0765625 0.1375
0 0.15 0.340625 0.096875 0.465625
0 0.2171875 0.37890625 0.071875 0.39375
0 0.20234375 0.34296875 0.0828125 0.46875
0 0.453125 0.2265625 0.071875 0.146875
0 0.47734375 0.23125 0.0515625 0.1421875
0 0.4984375 0.2296875 0.0265625 0.1390625
0 0.55703125 0.2265625 0.0671875 0.15625
0 0.7875 0.26015625 0.05 0.1546875
0 0.7359375 0.25078125 0.0875 0.1625
0 0.953125 0.68046875 0.09375 0.63125
0 0.44296875 0.20859375 0.5796875 0.19375
0 0.753125 0.74453125 0.0609375 0.1984375
0 0.490625 0.64765625 0.0515625 0.071875