0 0.79453125 0.7390625 0.03125 0.1015625
0 0.76328125 0.7390625 0.0234375 0.0984375
0 0.72578125 0.69296875 0.0203125 0.059375
0 0.7234375 0.7078125 0.0234375 0.065625
0 0.696875 0.69921875 0.0140625 0.0484375
0 0.69609375 0.6859375 0.0125 0.0453125
0 0.6859375 0.66953125 0.0109375 0.0421875
0 0.67421875 0.6953125 0.0203125 0.053125
0 0.671875 0.671875 0.0171875 0.0265625
0 0.65859375 0.71171875 0.025 0.0734375
0 0.63828125 0.6859375 0.0109375 0.0390625
0 0.63046875 0.678125 0.0109375 0.046875
0 0.62109375 0.66953125 0.0125 0.0328125
0 0.6234375 0.709375 0.01875 0.071875
0 0.5546875 0.7078125 0.0203125 0.075
0 0.2421875 0.7 0.021875 0.0765625
0 0.18828125 0.696875 0.0171875 0.0640625
0 0.1359375 0.709375 0.0171875 0.0671875
0 0.0671875 0.69453125 0.01875 0.0671875
0 0.0640625 0.68984375 0.0234375 0.0703125
0 0.0890625 0.70859375 0.021875 0.0703125
0 0.0984375 0.68671875 0.0140625 0.046875
0 0.20859375 0.75859375 0.15 0.3078125
0 0.06875 0.78984375 0.1 0.1171875
0 0.015625 0.7875 0.03125 0.11875
0 0.8796875 0.5359375 0.0609375 0.1984375
0 0.8140625 0.53984375 0.0453125 0.103125
0 0.39921875 0.66953125 0.0671875 0.0484375
0 0.0359375 0.659375 0.01875 0.065625
0 0.07421875 0.6609375 0.0171875 0.028125
0 0.28046875 0.575 0.015625 0.04375
0 0.93125 0.659375 0.0375 0.090625