0 0.12578125 0.77890625 0.140625 0.4390625
0 0.0421875 0.78515625 0.075 0.4265625
0 0.1984375 0.7125 0.0546875 0.21875
0 0.16953125 0.6640625 0.034375 0.1078125
0 0.2515625 0.746875 0.0671875 0.29375
0 0.29609375 0.75 0.075 0.2796875
0 0.2375 0.70625 0.0328125 0.2078125
0 0.334375 0.709375 0.053125 0.2015625
0 0.378125 0.73515625 0.0453125 0.3203125
0 0.3625 0.6390625 0.028125 0.0984375
0 0.34921875 0.61875 0.0234375 0.05
0 0.215625 0.69765625 0.0203125 0.16875
0 0.73671875 0.7859375 0.5265625 0.425
0 0.28046875 0.87734375 0.2890625 0.2421875
0 0.1203125 0.6296875 0.1140625 0.0625
0 0.29609375 0.61875 0.05625 0.0328125