0 0.165625 0.109375 0.040625 0.0640625
0 0.15234375 0.53984375 0.1125 0.6796875
0 0.21015625 0.515625 0.1609375 0.634375
0 0.27109375 0.4046875 0.1640625 0.3625
0 0.37890625 0.428125 0.1125 0.4046875
0 0.440625 0.3078125 0.0875 0.24375
0 0.51875 0.3 0.2421875 0.265625
0 0.596875 0.37890625 0.11875 0.303125
0 0.61015625 0.36796875 0.125 0.290625
0 0.675 0.496875 0.0828125 0.6234375
0 0.734375 0.553125 0.128125 0.709375
0 0.85390625 0.584375 0.125 0.671875
0 0.30703125 0.696875 0.1640625 0.4859375
0 0.43984375 0.67890625 0.1421875 0.5015625
0 0.4984375 0.5796875 0.10625 0.540625
0 0.5734375 0.72578125 0.1421875 0.4578125
0 0.6265625 0.63828125 0.121875 0.4875