0 0.928125 0.52265625 0.103125 0.53125
0 0.88046875 0.5390625 0.0765625 0.51875
0 0.81015625 0.53671875 0.0875 0.540625
0 0.75859375 0.54375 0.0703125 0.4953125
0 0.74765625 0.3296875 0.0609375 0.1578125
0 0.71171875 0.54296875 0.0515625 0.4796875
0 0.66640625 0.33203125 0.071875 0.1515625
0 0.65859375 0.5515625 0.0828125 0.51875
0 0.6171875 0.525 0.0453125 0.4921875
0 0.5875 0.553125 0.084375 0.528125
0 0.54765625 0.31640625 0.0203125 0.075
0 0.53046875 0.53359375 0.078125 0.540625
0 0.48671875 0.55703125 0.05625 0.5125
0 0.44921875 0.55390625 0.090625 0.553125
0 0.40859375 0.334375 0.0484375 0.1140625
0 0.37734375 0.54921875 0.1078125 0.5828125
0 0.31875 0.53046875 0.09375 0.578125
0 0.26640625 0.553125 0.096875 0.5953125
0 0.221875 0.35546875 0.0421875 0.140625
0 0.19296875 0.58828125 0.0921875 0.553125
0 0.14140625 0.5765625 0.0515625 0.5296875
0 0.0984375 0.57421875 0.1078125 0.60625
0 0.80703125 0.3328125 0.0453125 0.0578125