0 0.07265625 0.1828125 0.11875 0.225
0 0.07734375 0.2921875 0.1015625 0.20625
0 0.1296875 0.63515625 0.1515625 0.725
0 0.17421875 0.19375 0.0984375 0.196875
0 0.17734375 0.3 0.0984375 0.33125
0 0.25546875 0.6546875 0.19375 0.6890625
0 0.07265625 0.66484375 0.1453125 0.66875
0 0.2609375 0.15234375 0.1109375 0.2890625
0 0.27421875 0.27421875 0.1328125 0.2796875
0 0.346875 0.19140625 0.109375 0.2203125
0 0.34921875 0.63359375 0.1390625 0.6875
0 0.196875 0.09140625 0.0859375 0.0890625
0 0.39140625 0.10859375 0.09375 0.2
0 0.4046875 0.26875 0.1140625 0.284375
0 0.43671875 0.396875 0.0875 0.246875
0 0.4953125 0.65625 0.196875 0.6859375
0 0.46796875 0.17265625 0.1484375 0.2390625
0 0.475 0.13203125 0.0890625 0.1640625
0 0.50234375 0.23984375 0.15 0.1796875
0 0.56953125 0.1328125 0.0875 0.159375
0 0.678125 0.0953125 0.128125 0.190625
0 0.64765625 0.14375 0.0875 0.175
0 0.64375 0.215625 0.0796875 0.1421875
0 0.64453125 0.61171875 0.1 0.6890625
0 0.5671875 0.62265625 0.096875 0.6734375
0 0.70703125 0.684375 0.1625 0.6296875
0 0.69921875 0.30390625 0.0640625 0.1609375
0 0.75859375 0.63125 0.0953125 0.6515625
0 0.7296875 0.2484375 0.084375 0.190625
0 0.753125 0.165625 0.0734375 0.1625
0 0.78125 0.10390625 0.059375 0.128125
0 0.86484375 0.10234375 0.0578125 0.1625
0 0.840625 0.1828125 0.0765625 0.16875
0 0.8265625 0.2234375 0.0921875 0.15
0 0.796875 0.33828125 0.0796875 0.2296875
0 0.85234375 0.3953125 0.1078125 0.2046875
0 0.90546875 0.303125 0.0734375 0.171875
0 0.90703125 0.23125 0.0859375 0.184375
0 0.9296875 0.16484375 0.090625 0.1625
0 0.9265625 0.09140625 0.0765625 0.1296875
0 0.88203125 0.6640625 0.2046875 0.6703125
0 0.946875 0.390625 0.1046875 0.2328125
0 0.97109375 0.68984375 0.0578125 0.6171875
0 0.44765625 0.05390625 0.109375 0.1078125
0 0.1953125 0.05 0.125 0.1
0 0.11171875 0.0734375 0.0921875 0.146875
0 0.36796875 0.03671875 0.0515625 0.0734375
0 0.596875 0.0765625 0.0625 0.153125
0 0.63515625 0.03515625 0.0484375 0.0703125
0 0.9140625 0.065625 0.0578125 0.08125
0 0.56171875 0.221875 0.071875 0.175
0 0.0328125 0.19765625 0.065625 0.2890625
0 0.25859375 0.3203125 0.0640625 0.0671875
0 0.50078125 0.0265625 0.996875 0.053125
0 0.975 0.16796875 0.0484375 0.2265625
0 0.4203125 0.09453125 0.0421875 0.0765625