0 0.39140625 0.3 0.015625 0.0390625
0 0.3765625 0.33125 0.0234375 0.096875
0 0.4796875 0.2578125 0.0234375 0.053125
0 0.4515625 0.44765625 0.10625 0.525
0 0.553125 0.56484375 0.1953125 0.8
0 0.684375 0.490625 0.121875 0.25
0 0.721875 0.63828125 0.1921875 0.471875
0 0.1546875 0.49921875 0.309375 0.9984375
0 0.325 0.50546875 0.1609375 0.3328125
0 0.32421875 0.50859375 0.1578125 0.3328125
0 0.3296875 0.41640625 0.1171875 0.18125
0 0.36875 0.3953125 0.0625 0.109375
0 0.36640625 0.38203125 0.0703125 0.1375
0 0.41171875 0.30234375 0.03125 0.0921875
0 0.19921875 0.79453125 0.3984375 0.4078125
0 0.3484375 0.3796875 0.1015625 0.2125