0 0.6671875 0.91640625 0.053125 0.1640625
0 0.6578125 0.875 0.04375 0.1125
0 0.54375 0.928125 0.0625 0.140625
0 0.47578125 0.88046875 0.0484375 0.1734375
0 0.4171875 0.8640625 0.0484375 0.178125
0 0.37109375 0.95 0.05 0.0984375
0 0.315625 0.9328125 0.0421875 0.0890625
0 0.28125 0.91953125 0.0515625 0.159375
0 0.209375 0.9328125 0.0453125 0.1328125
0 0.1734375 0.92578125 0.040625 0.146875
0 0.13984375 0.8921875 0.0578125 0.1921875
0 0.12421875 0.83359375 0.0265625 0.103125
0 0.2359375 0.796875 0.0375 0.165625
0 0.31328125 0.80859375 0.0375 0.1671875
0 0.38125 0.8171875 0.0375 0.171875
0 0.54375 0.83203125 0.028125 0.115625
0 0.5890625 0.76171875 0.03125 0.153125
0 0.01875 0.84140625 0.0359375 0.1265625
0 0.053125 0.84609375 0.0390625 0.1140625
0 0.04375 0.68671875 0.028125 0.1015625
0 0.2078125 0.740625 0.025 0.10625
0 0.2125 0.66796875 0.0296875 0.075
0 0.184375 0.6796875 0.0296875 0.103125
0 0.1484375 0.6734375 0.028125 0.0984375
0 0.0125 0.71875 0.025 0.103125
0 0.071875 0.76484375 0.034375 0.075
0 0.0921875 0.5921875 0.0203125 0.096875
0 0.11875 0.6328125 0.03125 0.115625
0 0.0140625 0.60234375 0.0234375 0.078125
0 0.24765625 0.61953125 0.025 0.090625
0 0.32734375 0.6265625 0.0296875 0.0765625
0 0.371875 0.60703125 0.03125 0.05625
0 0.4421875 0.61875 0.0265625 0.05625
0 0.275 0.69375 0.0390625 0.1171875
0 0.4375 0.7640625 0.0453125 0.1578125
0 0.49375 0.7 0.028125 0.13125
0 0.5125 0.65625 0.0234375 0.0578125
0 0.5515625 0.69296875 0.0328125 0.1265625
0 0.6671875 0.66796875 0.034375 0.1140625
0 0.6984375 0.70625 0.034375 0.125
0 0.7109375 0.80390625 0.05625 0.178125
0 0.75859375 0.8046875 0.0375 0.1546875
0 0.76796875 0.8390625 0.0375 0.1125
0 0.7984375 0.8203125 0.028125 0.090625
0 0.8046875 0.92109375 0.0578125 0.1546875
0 0.85703125 0.63203125 0.021875 0.05
0 0.8140625 0.65859375 0.0296875 0.09375
0 0.7296875 0.69375 0.0328125 0.125
0 0.7125 0.6328125 0.0328125 0.0875
0 0.55234375 0.6171875 0.028125 0.0625
0 0.55 0.63515625 0.028125 0.046875
0 0.44921875 0.72265625 0.0234375 0.13125
0 0.33828125 0.77578125 0.03125 0.1390625
0 0.36015625 0.77734375 0.034375 0.1546875
0 0.3984375 0.7359375 0.0296875 0.1140625
0 0.3328125 0.7046875 0.03125 0.075
0 0.296875 0.721875 0.0234375 0.0859375
0 0.071875 0.509375 0.01875 0.065625
0 0.02421875 0.684375 0.021875 0.075
0 0.04140625 0.62421875 0.021875 0.0390625
0 0.078125 0.7171875 0.0265625 0.05625
0 0.10703125 0.72265625 0.0328125 0.053125
0 0.1328125 0.7203125 0.025 0.05625
0 0.134375 0.76875 0.03125 0.059375
0 0.1078125 0.75859375 0.0296875 0.05625
0 0.0453125 0.76015625 0.0265625 0.0671875
0 0.04375 0.759375 0.03125 0.065625
0 0.0140625 0.71875 0.025 0.103125
0 0.0109375 0.75390625 0.021875 0.046875
0 0.0734375 0.80234375 0.034375 0.0625
0 0.1 0.67265625 0.025 0.0828125
0 0.1046875 0.6421875 0.021875 0.046875
0 0.165625 0.6265625 0.021875 0.08125
0 0.23671875 0.6296875 0.0296875 0.0984375
0 0.228125 0.7484375 0.0234375 0.140625
0 0.32265625 0.96796875 0.046875 0.0609375
0 0.5234375 0.46796875 0.0140625 0.0578125
0 0.53125 0.478125 0.0140625 0.046875
0 0.1703125 0.73046875 0.021875 0.078125
0 0.5046875 0.61953125 0.0296875 0.065625
0 0.0375 0.5171875 0.025 0.065625
0 0.36796875 0.70625 0.1390625 0.1875
0 0.85859375 0.8375 0.0671875 0.153125
0 0.0328125 0.63828125 0.0234375 0.053125
0 0.05546875 0.753125 0.1109375 0.0859375
0 0.15234375 0.67734375 0.0171875 0.1
0 0.4453125 0.98125 0.0296875 0.0359375