0 0.09140625 0.9015625 0.125 0.1953125
0 0.22734375 0.90390625 0.1703125 0.190625
0 0.5234375 0.903125 0.096875 0.1921875
0 0.60703125 0.90859375 0.1375 0.18125
0 0.7453125 0.9125 0.1453125 0.171875
0 0.971875 0.90078125 0.0546875 0.196875
0 0.7578125 0.828125 0.0578125 0.1078125
0 0.728125 0.85078125 0.01875 0.1359375
0 0.6953125 0.8484375 0.025 0.13125
0 0.62421875 0.796875 0.0390625 0.0515625
0 0.65234375 0.79453125 0.0171875 0.059375
0 0.60625 0.80078125 0.01875 0.05
0 0.59453125 0.78671875 0.01875 0.0515625
0 0.58203125 0.85390625 0.046875 0.165625
0 0.546875 0.81953125 0.03125 0.109375
0 0.52578125 0.82734375 0.0390625 0.090625
0 0.4296875 0.79375 0.01875 0.0546875
0 0.2921875 0.79140625 0.0203125 0.0421875
0 0.3328125 0.8890625 0.0546875 0.2203125
0 0.38984375 0.884375 0.046875 0.1859375
0 0.434375 0.89296875 0.046875 0.2109375
0 0.44765625 0.896875 0.0578125 0.203125
0 0.48515625 0.86484375 0.053125 0.1671875
0 0.159375 0.84609375 0.1 0.234375
0 0.29375 0.90078125 0.0765625 0.196875
0 0.2765625 0.790625 0.0546875 0.0890625
0 0.28125 0.63984375 0.053125 0.1171875
0 0.38203125 0.80859375 0.01875 0.0453125
0 0.4015625 0.7734375 0.0171875 0.0421875
0 0.52421875 0.76796875 0.13125 0.059375
0 0.62578125 0.75390625 0.071875 0.046875
0 0.67109375 0.78203125 0.01875 0.0515625
0 0.7 0.7890625 0.0140625 0.0390625
0 0.71640625 0.81640625 0.01875 0.1109375
0 0.746875 0.7859375 0.0078125 0.0171875
0 0.91171875 0.80390625 0.0609375 0.06875
0 0.97265625 0.79140625 0.053125 0.06875
0 0.621875 0.6625 0.0359375 0.1484375