0 0.01953125 0.65390625 0.0390625 0.4375
0 0.1421875 0.659375 0.1328125 0.678125
0 0.1078125 0.61875 0.1734375 0.759375
0 0.2859375 0.62890625 0.1328125 0.471875
0 0.4125 0.70234375 0.15 0.5921875
0 0.49453125 0.77265625 0.1046875 0.45
0 0.56796875 0.70703125 0.1484375 0.58125
0 0.84921875 0.753125 0.1828125 0.4890625
0 0.8625 0.45078125 0.0859375 0.303125
0 0.91953125 0.48984375 0.0390625 0.2875
0 0.81015625 0.45234375 0.0625 0.2921875
0 0.75 0.36875 0.046875 0.0953125
0 0.61953125 0.375 0.0453125 0.0625
0 0.69453125 0.365625 0.0359375 0.0640625
0 0.67890625 0.359375 0.025 0.04375
0 0.6375 0.30390625 0.0234375 0.075
0 0.60234375 0.30703125 0.0234375 0.05625
0 0.4609375 0.44296875 0.025 0.1359375
0 0.42578125 0.39453125 0.025 0.0484375
0 0.21328125 0.41484375 0.0359375 0.1171875
0 0.23203125 0.41484375 0.0265625 0.109375
0 0.26953125 0.39140625 0.01875 0.05
0 0.2828125 0.37890625 0.0234375 0.05
0 0.33046875 0.41875 0.0265625 0.1125
0 0.3875 0.43203125 0.034375 0.1234375
0 0.3640625 0.425 0.0359375 0.121875
0 0.3578125 0.41171875 0.0203125 0.11875
0 0.34453125 0.38125 0.01875 0.0546875
0 0.3140625 0.31796875 0.0171875 0.078125
0 0.30234375 0.31171875 0.015625 0.078125
0 0.296875 0.30390625 0.0140625 0.0671875
0 0.2890625 0.29921875 0.015625 0.06875
0 0.28125 0.29453125 0.0125 0.0640625
0 0.278125 0.2875 0.0125 0.0703125
0 0.2578125 0.28671875 0.0140625 0.06875
0 0.24921875 0.28203125 0.0140625 0.053125
0 0.23984375 0.28671875 0.015625 0.0640625
0 0.23203125 0.290625 0.0140625 0.0609375
0 0.225 0.29140625 0.015625 0.0625
0 0.52265625 0.37890625 0.0765625 0.0671875
0 0.5515625 0.28046875 0.1203125 0.0984375
0 0.3875 0.21171875 0.203125 0.0640625
0 0.359375 0.33125 0.0796875 0.0671875
0 0.878125 0.24375 0.0671875 0.0625