0 0.0765625 0.5625 0.153125 0.871875
0 0.2859375 0.6046875 0.3125 0.7875
0 0.10859375 0.38515625 0.1296875 0.5703125
0 0.175 0.3859375 0.0859375 0.56875
0 0.23828125 0.15390625 0.08125 0.165625
0 0.30546875 0.22109375 0.1421875 0.271875
0 0.37578125 0.25703125 0.09375 0.3140625
0 0.46484375 0.446875 0.153125 0.7578125
0 0.7671875 0.521875 0.309375 0.8390625
0 0.72265625 0.2921875 0.140625 0.425
0 0.5546875 0.29921875 0.1046875 0.4234375
0 0.48828125 0.25078125 0.1703125 0.371875
0 0.625 0.13828125 0.1140625 0.159375
0 0.028125 0.0984375 0.0359375 0.05
0 0.06328125 0.1515625 0.034375 0.0796875