0 0.55 0.5859375 0.434375 0.825
0 0.9640625 0.5640625 0.071875 0.8703125
0 0.79765625 0.409375 0.1328125 0.4921875
0 0.721875 0.51171875 0.065625 0.2859375
0 0.909375 0.440625 0.0953125 0.4296875
0 0.26640625 0.4546875 0.1734375 0.4609375
0 0.03828125 0.5078125 0.0765625 0.4484375
0 0.07265625 0.30078125 0.0953125 0.2484375
0 0.09375 0.43046875 0.059375 0.0734375
0 0.24609375 0.490625 0.1109375 0.3140625
0 0.1671875 0.47890625 0.0859375 0.2625
0 0.03046875 0.35546875 0.0609375 0.259375
0 0.89453125 0.44296875 0.0671875 0.371875
0 0.83984375 0.35859375 0.046875 0.275
0 0.97265625 0.28203125 0.04375 0.0984375
0 0.32890625 0.46484375 0.0375 0.2078125
0 0.875 0.2796875 0.01875 0.0390625
0 0.0203125 0.5421875 0.040625 0.2484375
0 0.9703125 0.5546875 0.053125 0.515625