0 0.8359375 0.64375 0.0484375 0.153125
0 0.73203125 0.6484375 0.0515625 0.1640625
0 0.7 0.6234375 0.0359375 0.1484375
0 0.6484375 0.61796875 0.021875 0.0984375
0 0.6390625 0.6140625 0.015625 0.096875
0 0.56875 0.61953125 0.0203125 0.096875
0 0.540625 0.6421875 0.0484375 0.1359375
0 0.51796875 0.6265625 0.028125 0.0984375
0 0.41484375 0.6171875 0.0203125 0.0453125
0 0.39921875 0.6078125 0.0125 0.0296875
0 0.39140625 0.60859375 0.0125 0.0296875
0 0.37890625 0.6109375 0.0171875 0.0375
0 0.3671875 0.61015625 0.0109375 0.0328125
0 0.334375 0.60234375 0.0296875 0.090625
0 0.228125 0.609375 0.025 0.0765625
0 0.31015625 0.709375 0.1171875 0.4859375
0 0.06171875 0.71015625 0.1234375 0.4546875