0 0.50234375 0.50078125 0.075 0.1234375
0 0.878125 0.65390625 0.125 0.1640625
0 0.9015625 0.6765625 0.096875 0.1484375
0 0.7671875 0.63671875 0.0734375 0.1515625
0 0.7453125 0.634375 0.0546875 0.0859375
0 0.7359375 0.73046875 0.153125 0.215625
0 0.7390625 0.78359375 0.1734375 0.225
0 0.66015625 0.62109375 0.05 0.121875
0 0.62890625 0.66484375 0.1 0.159375
0 0.625 0.69375 0.0921875 0.1625
0 0.5546875 0.6625 0.071875 0.1296875
0 0.5125 0.6203125 0.05 0.10625
0 0.53828125 0.78515625 0.1546875 0.2671875
0 0.42421875 0.6953125 0.134375 0.21875
0 0.375 0.684375 0.0703125 0.134375
0 0.3390625 0.78125 0.165625 0.2203125
0 0.32421875 0.628125 0.078125 0.14375
0 0.2546875 0.68046875 0.071875 0.1578125
0 0.278125 0.634375 0.05625 0.121875
0 0.2015625 0.6125 0.0640625 0.1015625
0 0.16328125 0.75703125 0.171875 0.2234375
0 0.05546875 0.6546875 0.0734375 0.1609375
0 0.03515625 0.728125 0.0703125 0.2390625
0 0.1546875 0.65 0.053125 0.1296875
0 0.025 0.5953125 0.034375 0.0515625
0 0.10078125 0.7203125 0.125 0.0828125
0 0.128125 0.63671875 0.0390625 0.0671875
0 0.54921875 0.59296875 0.053125 0.05
0 0.47421875 0.67578125 0.040625 0.0578125
0 0.45546875 0.6015625 0.040625 0.0734375
0 0.3875 0.60546875 0.075 0.075
0 0.90078125 0.5953125 0.0296875 0.0484375