0 0.13359375 0.59140625 0.1671875 0.8125
0 0.22890625 0.6171875 0.2 0.7609375
0 0.23671875 0.4765625 0.34375 0.6125
0 0.378125 0.78984375 0.2796875 0.415625
0 0.43671875 0.5734375 0.11875 0.6625
0 0.4546875 0.27890625 0.171875 0.278125
0 0.53359375 0.5625 0.1171875 0.690625
0 0.60546875 0.45859375 0.0734375 0.3578125
0 0.56484375 0.7421875 0.1796875 0.5109375
0 0.7 0.40234375 0.128125 0.4359375
0 0.7109375 0.70390625 0.1609375 0.5875
0 0.80078125 0.58359375 0.084375 0.3171875
0 0.85078125 0.40234375 0.0984375 0.3359375
0 0.86640625 0.76640625 0.1421875 0.4625