0 0.14140625 0.72421875 0.0921875 0.221875
0 0.2296875 0.74375 0.146875 0.478125
0 0.26875 0.6859375 0.0875 0.4265625
0 0.2953125 0.5984375 0.0671875 0.3875
0 0.3765625 0.6296875 0.06875 0.3890625
0 0.40390625 0.66328125 0.109375 0.4109375
0 0.41328125 0.48984375 0.0390625 0.0828125
0 0.446875 0.62890625 0.0859375 0.3875
0 0.49140625 0.60234375 0.0421875 0.3046875
0 0.51875 0.62734375 0.0609375 0.3546875
0 0.55 0.6671875 0.0625 0.3359375
0 0.5953125 0.534375 0.0546875 0.1921875
0 0.70234375 0.6453125 0.065625 0.334375
0 0.74140625 0.61640625 0.0625 0.359375
0 0.81953125 0.603125 0.0546875 0.340625
0 0.8546875 0.653125 0.090625 0.3421875
0 0.61171875 0.6828125 0.171875 0.4953125
0 0.146875 0.5390625 0.1515625 0.0953125
0 0.64921875 0.784375 0.0265625 0.109375