0 0.115625 0.4609375 0.10625 0.3015625
0 0.18671875 0.31484375 0.034375 0.05625
0 0.325 0.3671875 0.134375 0.1609375
0 0.42578125 0.32421875 0.084375 0.153125
0 0.42421875 0.31875 0.0671875 0.1578125
0 0.546875 0.2625 0.0375 0.178125
0 0.5796875 0.24609375 0.0328125 0.153125
0 0.2359375 0.4984375 0.1953125 0.2875
0 0.609375 0.60390625 0.328125 0.4921875
0 0.71171875 0.39140625 0.1484375 0.2765625
0 0.8125 0.3953125 0.1640625 0.353125
0 0.85 0.38671875 0.1296875 0.2703125
0 0.9 0.34375 0.1515625 0.2515625
0 0.75859375 0.27265625 0.0390625 0.0734375