0 0.11015625 0.6640625 0.1015625 0.409375
0 0.17890625 0.6828125 0.0859375 0.4421875
0 0.25 0.73125 0.125 0.503125
0 0.409375 0.7 0.078125 0.49375
0 0.45234375 0.74140625 0.0859375 0.5140625
0 0.49921875 0.74609375 0.1359375 0.5046875
0 0.6359375 0.7078125 0.1609375 0.58125
0 0.5578125 0.525 0.0609375 0.2296875
0 0.70078125 0.61953125 0.0796875 0.359375
0 0.76328125 0.57109375 0.0640625 0.2890625
0 0.828125 0.696875 0.065625 0.4671875
0 0.890625 0.721875 0.11875 0.553125
0 0.7578125 0.39375 0.0328125 0.1125
0 0.784375 0.43984375 0.03125 0.19375
0 0.69453125 0.35859375 0.0359375 0.1640625
0 0.54375 0.36875 0.046875 0.11875
0 0.61875 0.34140625 0.0390625 0.1640625
0 0.67421875 0.33046875 0.0390625 0.18125
0 0.70703125 0.24921875 0.0265625 0.065625
0 0.71015625 0.33515625 0.0234375 0.1734375
0 0.665625 0.196875 0.021875 0.103125
0 0.69453125 0.2515625 0.028125 0.09375
0 0.62734375 0.3 0.053125 0.2484375
0 0.6453125 0.3859375 0.0078125 0.03125
0 0.684375 0.221875 0.0703125 0.053125
0 0.65078125 0.4953125 0.040625 0.078125
0 0.578125 0.27734375 0.0359375 0.125
0 0.71484375 0.16875 0.01875 0.053125