0 0.040625 0.5828125 0.08125 0.4515625
0 0.1265625 0.54609375 0.053125 0.3953125
0 0.15 0.590625 0.0640625 0.4453125
0 0.240625 0.53125 0.071875 0.4265625
0 0.321875 0.409375 0.0765625 0.1828125
0 0.40703125 0.40078125 0.0546875 0.1578125
0 0.471875 0.5390625 0.0828125 0.4109375
0 0.5546875 0.4265625 0.0734375 0.19375
0 0.61328125 0.59296875 0.0796875 0.440625
0 0.6796875 0.46640625 0.0796875 0.2328125
0 0.74296875 0.5953125 0.0640625 0.440625
0 0.796875 0.5390625 0.071875 0.4109375
0 0.9078125 0.42421875 0.090625 0.184375
0 0.85546875 0.59296875 0.0890625 0.45
0 0.965625 0.60703125 0.0625 0.4078125
0 0.91796875 0.66484375 0.0953125 0.440625
0 0.77578125 0.6578125 0.090625 0.45
0 0.66796875 0.675 0.0921875 0.4234375
0 0.5578125 0.665625 0.0828125 0.4421875
0 0.4921875 0.6140625 0.084375 0.3984375
0 0.421875 0.6703125 0.0765625 0.415625
0 0.378125 0.5953125 0.08125 0.4265625
0 0.3109375 0.653125 0.0859375 0.4453125
0 0.25859375 0.59296875 0.078125 0.4359375
0 0.1890625 0.64609375 0.0859375 0.459375
0 0.0734375 0.6546875 0.0890625 0.4328125
0 0.0109375 0.55546875 0.021875 0.359375
0 0.99375 0.40078125 0.009375 0.1484375