0 0.08125 0.41640625 0.028125 0.0671875
0 0.14765625 0.4625 0.040625 0.171875
0 0.16796875 0.39453125 0.0234375 0.05
0 0.17734375 0.5 0.0484375 0.228125
0 0.2078125 0.41953125 0.040625 0.0859375
0 0.209375 0.55 0.090625 0.3015625
0 0.26484375 0.5328125 0.0625 0.328125
0 0.34140625 0.40078125 0.0359375 0.0625
0 0.340625 0.4296875 0.034375 0.0703125
0 0.3703125 0.5703125 0.08125 0.3609375
0 0.41640625 0.52734375 0.0546875 0.2703125
0 0.4578125 0.5078125 0.065625 0.24375
0 0.51015625 0.6265625 0.1609375 0.5171875
0 0.6390625 0.5984375 0.1765625 0.5140625
0 0.49921875 0.7140625 0.1640625 0.56875
0 0.8296875 0.71875 0.2640625 0.559375
0 0.95703125 0.71796875 0.0828125 0.5609375
0 0.115625 0.54296875 0.103125 0.3375
0 0.3 0.58984375 0.103125 0.4234375
0 0.18046875 0.4 0.290625 0.0671875