0 0.25703125 0.92734375 0.034375 0.1421875
0 0.22734375 0.915625 0.0375 0.165625
0 0.20234375 0.92265625 0.04375 0.1515625
0 0.15546875 0.92734375 0.040625 0.1421875
0 0.1796875 0.93359375 0.03125 0.1296875
0 0.12578125 0.93046875 0.034375 0.1359375
0 0.09140625 0.93125 0.03125 0.134375
0 0.08203125 0.88125 0.0171875 0.0609375
0 0.04375 0.934375 0.0375 0.128125
0 0.05078125 0.92578125 0.0296875 0.1453125
0 0.015625 0.9203125 0.03125 0.15625
0 0.29453125 0.93125 0.021875 0.134375
0 0.30625 0.92734375 0.03125 0.1421875
0 0.32578125 0.9359375 0.0234375 0.125
0 0.35 0.93125 0.034375 0.134375
0 0.3359375 0.92265625 0.0203125 0.11875
0 0.36875 0.91796875 0.028125 0.159375
0 0.3921875 0.91796875 0.0328125 0.159375
0 0.42421875 0.9265625 0.0375 0.14375
0 0.0671875 0.92578125 0.0296875 0.1453125
0 0.46796875 0.9203125 0.034375 0.15625
0 0.49609375 0.915625 0.034375 0.165625
0 0.52421875 0.89375 0.0328125 0.0828125
0 0.53671875 0.8921875 0.0171875 0.0671875
0 0.57578125 0.925 0.034375 0.146875
0 0.56640625 0.925 0.0390625 0.146875
0 0.55 0.9046875 0.0203125 0.05
0 0.59609375 0.90859375 0.034375 0.1796875
0 0.61875 0.9171875 0.0390625 0.1625
0 0.57734375 0.85 0.0203125 0.053125
0 0.6453125 0.921875 0.028125 0.153125
0 0.6609375 0.925 0.028125 0.146875
0 0.678125 0.925 0.040625 0.146875
0 0.7140625 0.8703125 0.0125 0.0390625
0 0.765625 0.925 0.0484375 0.146875
0 0.83046875 0.92109375 0.0484375 0.1546875
0 0.80859375 0.91953125 0.0265625 0.146875
0 0.796875 0.9203125 0.025 0.15625
0 0.85546875 0.9140625 0.03125 0.16875
0 0.9125 0.9265625 0.04375 0.14375
0 0.89296875 0.90546875 0.0203125 0.090625
0 0.87734375 0.91796875 0.0265625 0.159375
0 0.940625 0.93046875 0.0296875 0.1359375
0 0.97421875 0.9265625 0.0375 0.14375
0 0.98359375 0.8515625 0.0078125 0.01875
0 0.628125 0.85 0.0203125 0.0609375
0 0.72265625 0.91484375 0.0484375 0.1671875
0 0.3203125 0.8828125 0.025 0.053125
0 0.52734375 0.88828125 0.0203125 0.0671875
0 0.5359375 0.89140625 0.0203125 0.06875
0 0.63046875 0.92109375 0.0203125 0.1515625
0 0.38203125 0.8875 0.0109375 0.0515625
0 0.52265625 0.81484375 0.028125 0.0765625
0 0.55390625 0.846875 0.028125 0.0421875
0 0.68203125 0.8703125 0.0703125 0.05625
0 0.17421875 0.865625 0.025 0.0328125
0 0.27578125 0.8828125 0.0328125 0.0421875
0 0.99453125 0.94453125 0.009375 0.0203125
0 0.4875 0.64453125 0.1 0.0515625
0 0.3390625 0.86484375 0.0203125 0.028125
0 0.1078125 0.86484375 0.0328125 0.078125
0 0.03125 0.86328125 0.025 0.034375