0 0.046875 0.86328125 0.0515625 0.090625
0 0.153125 0.85546875 0.0578125 0.10625
0 0.25390625 0.85390625 0.0734375 0.1078125
0 0.35 0.85078125 0.06875 0.1125
0 0.81796875 0.8671875 0.04375 0.0796875
0 0.853125 0.84765625 0.06875 0.09375
0 0.85625 0.84453125 0.071875 0.1265625
0 0.7265625 0.846875 0.0796875 0.121875
0 0.6625 0.85625 0.05625 0.1015625
0 0.41484375 0.828125 0.078125 0.1609375
0 0.49765625 0.8328125 0.0890625 0.1515625
0 0.68046875 0.8265625 0.0546875 0.109375
0 0.62578125 0.84921875 0.0390625 0.0875
0 0.57734375 0.86171875 0.078125 0.09375
0 0.4328125 0.8484375 0.0453125 0.0609375
0 0.52578125 0.84375 0.0359375 0.1296875
0 0.465625 0.7875 0.0421875 0.1015625
0 0.53515625 0.8 0.046875 0.1328125
0 0.59375 0.79453125 0.0265625 0.0359375
0 0.6125 0.76171875 0.0390625 0.0703125
0 0.63515625 0.77109375 0.0328125 0.0625
0 0.66171875 0.76875 0.0359375 0.05625
0 0.5453125 0.73984375 0.04375 0.0859375
0 0.56796875 0.73671875 0.0328125 0.0546875
0 0.56484375 0.71328125 0.0265625 0.0515625
0 0.5078125 0.70625 0.0359375 0.059375
0 0.5265625 0.7 0.0234375 0.05
0 0.54375 0.6828125 0.01875 0.0359375
0 0.525 0.68203125 0.0265625 0.05
0 0.540625 0.659375 0.0109375 0.015625
0 0.3875 0.765625 0.03125 0.084375
0 0.38125 0.77578125 0.028125 0.065625
0 0.43984375 0.75546875 0.028125 0.0515625
0 0.4796875 0.75546875 0.0265625 0.065625
0 0.37109375 0.7078125 0.0375 0.0765625
0 0.40625 0.72421875 0.0296875 0.059375
0 0.4390625 0.71484375 0.0328125 0.071875
0 0.459375 0.73359375 0.03125 0.05625
0 0.4578125 0.7203125 0.0328125 0.04375
0 0.41640625 0.7 0.025 0.078125
0 0.38515625 0.690625 0.0171875 0.0390625
0 0.48515625 0.6796875 0.0171875 0.0421875
0 0.45 0.6765625 0.0171875 0.0515625
0 0.646875 0.87734375 0.69375 0.0578125
0 0.5640625 0.8078125 0.034375 0.0328125
0 0.575 0.765625 0.03125 0.028125
0 0.50234375 0.73515625 0.0171875 0.01875
0 0.37578125 0.790625 0.03125 0.028125
0 0.46171875 0.6734375 0.225 0.071875
0 0.615625 0.70078125 0.04375 0.0546875