0 0.71875 0.74609375 0.271875 0.503125
0 0.84453125 0.66796875 0.1234375 0.5171875
0 0.70546875 0.55703125 0.10625 0.2734375
0 0.47734375 0.51796875 0.134375 0.23125
0 0.18515625 0.72109375 0.2203125 0.5515625
0 0.18203125 0.7203125 0.2296875 0.5546875
0 0.35 0.52734375 0.08125 0.21875
0 0.29921875 0.33984375 0.0625 0.2703125
0 0.57265625 0.51640625 0.065625 0.2296875
0 0.6015625 0.5109375 0.1265625 0.240625
0 0.48359375 0.51796875 0.115625 0.23125
0 0.37421875 0.44140625 0.046875 0.1390625
0 0.30703125 0.48671875 0.0546875 0.1421875
0 0.04453125 0.60234375 0.0890625 0.3640625
0 0.1296875 0.621875 0.0875 0.3796875
0 0.34453125 0.52421875 0.0921875 0.21875
0 0.290625 0.575 0.1046875 0.2484375
0 0.3078125 0.4890625 0.05 0.1484375
0 0.57265625 0.5 0.065625 0.203125
0 0.52734375 0.4671875 0.053125 0.16875
0 0.4390625 0.45234375 0.0515625 0.15625
0 0.065625 0.478125 0.0734375 0.159375
0 0.12734375 0.47265625 0.1078125 0.1640625
0 0.10234375 0.4546875 0.0453125 0.1234375
0 0.17578125 0.4546875 0.0484375 0.1328125
0 0.01875 0.41640625 0.0375 0.0796875
0 0.6046875 0.4265625 0.0390625 0.0875
0 0.2265625 0.4125 0.0421875 0.071875
0 0.4984375 0.37265625 0.034375 0.1453125
0 0.4640625 0.3578125 0.0390625 0.1046875
0 0.22890625 0.35546875 0.03125 0.1046875
0 0.63828125 0.40859375 0.05625 0.0953125
0 0.04453125 0.40703125 0.0890625 0.1203125
0 0.15625 0.390625 0.1125 0.09375
0 0.265625 0.40546875 0.0328125 0.06875
0 0.3328125 0.40859375 0.0234375 0.040625
0 0.55 0.4046875 0.153125 0.0875
0 0.63359375 0.3453125 0.01875 0.090625