0 0.1515625 0.51796875 0.1625 0.6953125
0 0.28984375 0.54921875 0.2234375 0.778125
0 0.48046875 0.5359375 0.24375 0.840625
0 0.3671875 0.46484375 0.125 0.609375
0 0.634375 0.546875 0.1484375 0.7109375
0 0.82265625 0.54453125 0.2171875 0.8125
0 0.953125 0.3984375 0.0921875 0.4890625
0 0.825 0.125 0.0421875 0.0734375
0 0.76796875 0.234375 0.0640625 0.1609375
0 0.66484375 0.45 0.15625 0.6265625
0 0.59375 0.221875 0.0734375 0.1671875
0 0.62890625 0.15625 0.053125 0.0984375
0 0.53203125 0.1515625 0.075 0.121875
0 0.41796875 0.19375 0.04375 0.103125
0 0.35078125 0.17890625 0.10625 0.1484375
0 0.7171875 0.371875 0.0625 0.428125
0 0.971875 0.521875 0.0546875 0.6125
0 0.54609375 0.58359375 0.0453125 0.303125
0 0.51015625 0.2203125 0.03125 0.046875
0 0.4109375 0.17890625 0.078125 0.1234375
0 0.3109375 0.20546875 0.040625 0.1421875
0 0.2578125 0.15234375 0.0484375 0.0515625
0 0.21484375 0.24921875 0.028125 0.0625