0 0.41328125 0.91796875 0.08125 0.1609375
0 0.48359375 0.86875 0.0953125 0.2578125
0 0.55390625 0.8609375 0.0703125 0.2734375
0 0.6171875 0.85703125 0.0734375 0.2828125
0 0.67578125 0.89296875 0.0859375 0.209375
0 0.74765625 0.8640625 0.0828125 0.2671875
0 0.8328125 0.86875 0.0859375 0.2578125
0 0.92734375 0.83125 0.1171875 0.3328125
0 0.1171875 0.9046875 0.0828125 0.1875
0 0.17578125 0.88125 0.0703125 0.234375
0 0.2515625 0.85546875 0.090625 0.284375
0 0.325 0.8390625 0.08125 0.3171875
0 0.3984375 0.8375 0.0859375 0.3203125
0 0.40390625 0.80234375 0.1390625 0.303125
0 0.5203125 0.74921875 0.0671875 0.315625
0 0.58515625 0.734375 0.059375 0.3
0 0.65546875 0.74453125 0.0734375 0.3421875
0 0.715625 0.8109375 0.040625 0.284375
0 0.7875 0.79921875 0.06875 0.3984375
0 0.0625 0.68203125 0.0875 0.63125
0 0.13671875 0.61328125 0.0875 0.5296875
0 0.1953125 0.67578125 0.0734375 0.525
0 0.25703125 0.64921875 0.08125 0.4765625
0 0.31171875 0.6890625 0.06875 0.3375
0 0.38984375 0.6421875 0.08125 0.3375
0 0.45625 0.62578125 0.065625 0.309375
0 0.503125 0.58203125 0.0625 0.346875
0 0.56328125 0.5375 0.075 0.3921875
0 0.63046875 0.55078125 0.0703125 0.3921875
0 0.6828125 0.63671875 0.078125 0.5140625
0 0.74296875 0.59140625 0.0734375 0.4140625
0 0.80703125 0.55546875 0.06875 0.421875
0 0.8625 0.65 0.0984375 0.6953125
0 0.94765625 0.68203125 0.103125 0.63125
0 0.034375 0.48984375 0.0546875 0.4296875
0 0.01796875 0.4765625 0.0359375 0.425
0 0.08671875 0.415625 0.034375 0.3109375
0 0.05390625 0.30234375 0.0265625 0.18125
0 0.28515625 0.30859375 0.0328125 0.2
0 0.24375 0.2703125 0.0296875 0.19375
0 0.1109375 0.38203125 0.028125 0.271875
0 0.45234375 0.30078125 0.0203125 0.1765625
0 0.47109375 0.29296875 0.021875 0.2046875
0 0.21484375 0.4625 0.05625 0.2140625
0 0.24140625 0.3890625 0.04375 0.1953125
0 0.28359375 0.5234375 0.0546875 0.384375
0 0.30859375 0.4296875 0.04375 0.2078125
0 0.34765625 0.59765625 0.0625 0.43125
0 0.37265625 0.43203125 0.053125 0.2203125
0 0.415625 0.44921875 0.0625 0.2890625
0 0.4515625 0.50078125 0.06875 0.2609375
0 0.47734375 0.434375 0.0375 0.2078125
0 0.52578125 0.4109375 0.0546875 0.2359375
0 0.5859375 0.41640625 0.0359375 0.1265625
0 0.621875 0.41875 0.0734375 0.2015625
0 0.65859375 0.39140625 0.034375 0.23125
0 0.70390625 0.42421875 0.0390625 0.2078125
0 0.7328125 0.41328125 0.05625 0.1875
0 0.778125 0.45 0.05625 0.2515625
0 0.91328125 0.45859375 0.0546875 0.278125
0 0.32109375 0.296875 0.021875 0.15
0 0.31640625 0.29140625 0.0125 0.1078125
0 0.221875 0.23125 0.0140625 0.1078125
0 0.209375 0.2359375 0.0171875 0.1203125
0 0.14140625 0.3609375 0.0265625 0.2109375
0 0.17578125 0.28671875 0.0203125 0.1875
0 0.17421875 0.1921875 0.009375 0.0375
0 0.1609375 0.2765625 0.0234375 0.1984375
0 0.0890625 0.27890625 0.025 0.1046875
0 0.0296875 0.22421875 0.021875 0.125
0 0.01640625 0.26796875 0.0296875 0.11875
0 0.9265625 0.34296875 0.025 0.1265625
0 0.02265625 0.2265625 0.009375 0.0578125
0 0.1171875 0.2421875 0.0734375 0.1734375