0 0.65625 0.5984375 0.1515625 0.465625
0 0.91796875 0.53671875 0.121875 0.3015625
0 0.8375 0.4734375 0.0375 0.13125
0 0.815625 0.45546875 0.03125 0.0859375
0 0.76171875 0.4578125 0.028125 0.0984375
0 0.72421875 0.45625 0.0390625 0.078125
0 0.58984375 0.45234375 0.025 0.0890625
0 0.06953125 0.428125 0.0265625 0.0890625
0 0.1 0.425 0.028125 0.096875
0 0.1265625 0.41875 0.021875 0.065625
0 0.1578125 0.43125 0.0359375 0.084375
0 0.08359375 0.4125 0.0140625 0.05625
0 0.0515625 0.4015625 0.009375 0.0359375
0 0.1375 0.41015625 0.009375 0.0421875
0 0.11640625 0.4078125 0.0109375 0.0390625
0 0.1859375 0.421875 0.015625 0.071875
0 0.20625 0.4484375 0.0453125 0.125
0 0.22109375 0.4421875 0.034375 0.1140625
0 0.2390625 0.434375 0.0265625 0.0984375
0 0.3375 0.47109375 0.0453125 0.14375
0 0.37109375 0.46484375 0.034375 0.1359375
0 0.35 0.4578125 0.03125 0.1265625
0 0.1015625 0.6765625 0.203125 0.64375
0 0.1078125 0.4078125 0.0109375 0.04375
0 0.21875 0.390625 0.0125 0.0109375
0 0.31328125 0.41875 0.025 0.046875