0 0.71171875 0.303125 0.0859375 0.36875
0 0.7453125 0.2921875 0.0390625 0.3125
0 0.77109375 0.54765625 0.090625 0.4671875
0 0.85390625 0.47734375 0.10625 0.3171875
0 0.9109375 0.55 0.0890625 0.4203125
0 0.84140625 0.678125 0.109375 0.3671875
0 0.95234375 0.75703125 0.09375 0.4828125
0 0.96015625 0.80859375 0.078125 0.3796875
0 0.79609375 0.8734375 0.15 0.25
0 0.75859375 0.934375 0.1125 0.128125
0 0.51875 0.640625 0.084375 0.2984375
0 0.57890625 0.79375 0.08125 0.409375
0 0.4984375 0.7890625 0.096875 0.3015625
0 0.50546875 0.9015625 0.1453125 0.19375
0 0.415625 0.90625 0.103125 0.184375
0 0.2359375 0.909375 0.1265625 0.178125
0 0.90546875 0.0546875 0.1125 0.109375
0 0.12890625 0.6984375 0.040625 0.0734375
0 0.53359375 0.26953125 0.025 0.1671875
0 0.34375 0.42734375 0.6859375 0.8484375
0 0.93046875 0.8078125 0.03125 0.0578125