0 0.19140625 0.1484375 0.025 0.084375
0 0.2125 0.1375 0.025 0.0890625
0 0.3359375 0.25859375 0.04375 0.0828125
0 0.325 0.23203125 0.021875 0.065625
0 0.33359375 0.375 0.040625 0.096875
0 0.4796875 0.29375 0.0453125 0.0828125
0 0.275 0.053125 0.0171875 0.1015625
0 0.25859375 0.04375 0.0234375 0.0875
0 0.24375 0.04375 0.0203125 0.0875
0 0.22265625 0.02890625 0.0265625 0.0578125
0 0.203125 0.034375 0.0203125 0.06875
0 0.04453125 0.71015625 0.0890625 0.3234375
0 0.11640625 0.65625 0.0890625 0.3
0 0.1421875 0.540625 0.0203125 0.059375
0 0.1578125 0.54375 0.0296875 0.0640625
0 0.18828125 0.67109375 0.0859375 0.35625
0 0.21953125 0.6453125 0.040625 0.234375
0 0.28203125 0.64140625 0.0734375 0.246875
0 0.3140625 0.68125 0.05625 0.2796875
0 0.44140625 0.59609375 0.0171875 0.1171875
0 0.41875 0.6421875 0.028125 0.2234375
0 0.40625 0.68203125 0.065625 0.3140625
0 0.365625 0.66328125 0.059375 0.2859375
0 0.3671875 0.65390625 0.0640625 0.2671875
0 0.48203125 0.71015625 0.096875 0.421875
0 0.5765625 0.71484375 0.16875 0.56875
0 0.67421875 0.584375 0.0234375 0.1296875
0 0.6546875 0.6546875 0.059375 0.2734375
0 0.703125 0.61015625 0.025 0.14375
0 0.71640625 0.62578125 0.04375 0.2
0 0.73671875 0.6390625 0.0484375 0.2296875
0 0.76328125 0.54765625 0.0203125 0.0390625
0 0.778125 0.6734375 0.065625 0.321875
0 0.82421875 0.70546875 0.1265625 0.421875
0 0.8640625 0.621875 0.0453125 0.1828125
0 0.896875 0.55078125 0.0265625 0.0421875
0 0.9359375 0.571875 0.021875 0.08125
0 0.9046875 0.72890625 0.0890625 0.365625
0 0.95546875 0.5953125 0.0265625 0.1234375
0 0.7125 0.40390625 0.4078125 0.065625
0 0.2171875 0.35703125 0.021875 0.0453125
0 0.13046875 0.46875 0.0265625 0.0234375
0 0.4234375 0.5140625 0.021875 0.0390625
0 0.6328125 0.53515625 0.0546875 0.0671875
0 0.984375 0.534375 0.0265625 0.059375
0 0.15703125 0.52578125 0.0171875 0.0203125
0 0.25078125 0.58046875 0.0265625 0.125
0 0.2390625 0.69765625 0.025 0.040625
0 0.459375 0.6828125 0.025 0.1109375
0 0.8046875 0.55546875 0.0171875 0.0328125
0 0.28515625 0.25859375 0.0296875 0.09375
0 0.578125 0.1515625 0.034375 0.06875
0 0.56640625 0.22734375 0.0171875 0.0609375
0 0.6046875 0.22265625 0.0109375 0.0421875
0 0.09375 0.646875 0.0234375 0.0890625
0 0.290625 0.50859375 0.0296875 0.0171875
0 0.85859375 0.65546875 0.00625 0.0578125