0 0.3703125 0.696875 0.4109375 0.6046875
0 0.47109375 0.6328125 0.2515625 0.7328125
0 0.68828125 0.765625 0.2578125 0.4671875
0 0.678125 0.64921875 0.1484375 0.340625
0 0.71171875 0.590625 0.1140625 0.240625
0 0.8421875 0.56015625 0.190625 0.3828125
0 0.859375 0.37265625 0.0921875 0.15625
0 0.91328125 0.53203125 0.0734375 0.4546875
0 0.7734375 0.36953125 0.0640625 0.153125
0 0.68359375 0.42265625 0.0765625 0.1140625
0 0.9546875 0.46328125 0.04375 0.196875
0 0.55546875 0.34375 0.1015625 0.0890625
0 0.1828125 0.4453125 0.1921875 0.1515625
0 0.64375 0.67421875 0.171875 0.30625
0 0.7171875 0.459375 0.03125 0.0765625
0 0.790625 0.34140625 0.059375 0.059375
0 0.95 0.76875 0.0984375 0.459375