0 0.7046875 0.63828125 0.0390625 0.140625
0 0.68125 0.6109375 0.03125 0.134375
0 0.63671875 0.5703125 0.015625 0.0328125
0 0.62890625 0.5625 0.0109375 0.025
0 0.61015625 0.55859375 0.0109375 0.015625
0 0.6125 0.56328125 0.009375 0.03125
0 0.603125 0.584375 0.01875 0.059375
0 0.5890625 0.5984375 0.01875 0.053125
0 0.57421875 0.57421875 0.0109375 0.0390625
0 0.5703125 0.5640625 0.0109375 0.034375
0 0.6234375 0.71640625 0.0953125 0.2953125
0 0.603125 0.69765625 0.028125 0.140625
0 0.52265625 0.75234375 0.1359375 0.3703125
0 0.55234375 0.60078125 0.04375 0.0890625
0 0.45078125 0.69296875 0.059375 0.296875
0 0.47578125 0.66875 0.0390625 0.2109375
0 0.490625 0.675 0.0390625 0.1984375
0 0.40234375 0.72734375 0.084375 0.28125
0 0.17421875 0.76171875 0.146875 0.4734375
0 0.23515625 0.74609375 0.046875 0.3703125
0 0.5 0.7046875 0.0296875 0.1453125
0 0.7765625 0.61484375 0.0515625 0.1171875
0 0.5078125 0.5625 0.028125 0.021875
0 0.059375 0.5515625 0.0546875 0.028125