0 0.18984375 0.4671875 0.059375 0.365625
0 0.22734375 0.4984375 0.078125 0.4203125
0 0.2578125 0.46484375 0.0609375 0.321875
0 0.3375 0.54765625 0.1171875 0.4453125
0 0.359375 0.5203125 0.05 0.415625
0 0.4015625 0.51171875 0.06875 0.3765625
0 0.59375 0.5203125 0.0953125 0.3125
0 0.659375 0.47734375 0.0625 0.2828125
0 0.81875 0.55078125 0.0734375 0.4265625
0 0.959375 0.42265625 0.0515625 0.221875
0 0.8734375 0.36953125 0.0140625 0.08125
0 0.975 0.37578125 0.0140625 0.065625
0 0.9859375 0.38984375 0.0171875 0.0375