0 0.7953125 0.49921875 0.384375 0.9984375
0 0.7 0.52890625 0.24375 0.9
0 0.528125 0.61015625 0.20625 0.778125
0 0.415625 0.42890625 0.0625 0.2578125
0 0.36640625 0.4046875 0.0546875 0.221875
0 0.4078125 0.35078125 0.0359375 0.1515625
0 0.32578125 0.38671875 0.0296875 0.1609375
0 0.28671875 0.371875 0.028125 0.1390625
0 0.25625 0.40078125 0.0609375 0.2515625
0 0.2171875 0.36484375 0.0203125 0.140625
0 0.234375 0.35546875 0.0203125 0.13125
0 0.19609375 0.36328125 0.0265625 0.140625
0 0.1640625 0.3765625 0.040625 0.1640625
0 0.30390625 0.36875 0.0234375 0.1453125
0 0.3234375 0.315625 0.0125 0.021875
0 0.37421875 0.3984375 0.028125 0.2
0 0.39375 0.3140625 0.015625 0.04375
0 0.640625 0.27578125 0.0421875 0.090625
0 0.1796875 0.309375 0.015625 0.0296875
0 0.06015625 0.371875 0.0828125 0.309375
0 0.403125 0.30234375 0.0140625 0.0234375
0 0.45078125 0.30546875 0.0359375 0.0640625