0 0.42890625 0.7984375 0.121875 0.2296875
0 0.41875 0.77890625 0.0734375 0.1953125
0 0.38984375 0.7640625 0.04375 0.209375
0 0.31328125 0.740625 0.1015625 0.2109375
0 0.1578125 0.75625 0.09375 0.1890625
0 0.08984375 0.73828125 0.0578125 0.190625
0 0.675 0.6484375 0.0359375 0.1453125
0 0.9640625 0.75625 0.0546875 0.2046875
0 0.903125 0.63828125 0.028125 0.10625
0 0.32109375 0.559375 0.025 0.0875
0 0.359375 0.5125 0.0234375 0.0375
0 0.42734375 0.52578125 0.0390625 0.0734375
0 0.55546875 0.50703125 0.01875 0.0609375
0 0.85234375 0.58671875 0.03125 0.10625
0 0.88984375 0.56796875 0.0265625 0.096875
0 0.95625 0.5921875 0.0296875 0.0828125
0 0.96953125 0.6375 0.04375 0.1359375
0 0.90546875 0.5578125 0.025 0.059375
0 0.7640625 0.58046875 0.028125 0.059375
0 0.87734375 0.51953125 0.0171875 0.0578125
0 0.9609375 0.65625 0.021875 0.0984375
0 0.9328125 0.659375 0.0359375 0.10625
0 0.81953125 0.61171875 0.028125 0.05
0 0.80390625 0.60078125 0.025 0.046875
0 0.78984375 0.5921875 0.025 0.059375
0 0.828125 0.58203125 0.025 0.059375
0 0.7375 0.54453125 0.01875 0.040625
0 0.78125 0.57890625 0.0171875 0.0515625
0 0.03046875 0.5109375 0.0609375 0.16875
0 0.13828125 0.465625 0.1390625 0.0984375
0 0.984375 0.5859375 0.0296875 0.0828125
0 0.91171875 0.53515625 0.028125 0.0515625
0 0.4921875 0.40390625 0.134375 0.04375
0 0.409375 0.48046875 0.1765625 0.0609375
0 0.54609375 0.475 0.0390625 0.040625
0 0.6640625 0.4546875 0.1765625 0.0328125
0 0.73359375 0.490625 0.2734375 0.0421875
0 0.76953125 0.534375 0.209375 0.046875