0 0.95703125 0.61796875 0.0609375 0.3
0 0.98203125 0.60234375 0.034375 0.28125
0 0.921875 0.59296875 0.0453125 0.2859375
0 0.8828125 0.60234375 0.0671875 0.2890625
0 0.8640625 0.6 0.0265625 0.2421875
0 0.8234375 0.6078125 0.0625 0.290625
0 0.7890625 0.53125 0.0359375 0.134375
0 0.74140625 0.62890625 0.1484375 0.375
0 0.7109375 0.5828125 0.0609375 0.2796875
0 0.67734375 0.5703125 0.025 0.234375
0 0.653125 0.57890625 0.053125 0.253125
0 0.665625 0.575 0.0328125 0.24375
0 0.62734375 0.48046875 0.0265625 0.0640625
0 0.5859375 0.46796875 0.0203125 0.0515625
0 0.6015625 0.57109375 0.0421875 0.2421875
0 0.6125 0.5859375 0.046875 0.25
0 0.5703125 0.58359375 0.0546875 0.2578125
0 0.559375 0.57109375 0.0390625 0.25
0 0.5265625 0.5890625 0.046875 0.2625
0 0.5203125 0.56640625 0.0546875 0.271875
0 0.47890625 0.58046875 0.0515625 0.275
0 0.47578125 0.56328125 0.0515625 0.271875
0 0.44375 0.57890625 0.04375 0.29375
0 0.4109375 0.5171875 0.0390625 0.1875
0 0.39453125 0.62734375 0.1140625 0.328125
0 0.378125 0.46796875 0.0390625 0.0890625
0 0.33359375 0.5125 0.04375 0.1671875
0 0.32109375 0.4328125 0.0296875 0.084375
0 0.3078125 0.50859375 0.059375 0.1703125
0 0.27109375 0.49140625 0.0375 0.21875
0 0.24296875 0.54296875 0.0546875 0.284375
0 0.2140625 0.49921875 0.0484375 0.234375
0 0.1953125 0.465625 0.0359375 0.1546875
0 0.21640625 0.65703125 0.1328125 0.3015625
0 0.16328125 0.60078125 0.053125 0.340625
0 0.1328125 0.5265625 0.05625 0.328125
0 0.05859375 0.56640625 0.0765625 0.35625
0 0.98515625 0.7234375 0.028125 0.0953125
0 0.7875 0.48203125 0.0609375 0.046875
0 0.68203125 0.46640625 0.040625 0.053125
0 0.70625 0.65234375 0.05625 0.09375
0 0.41328125 0.4515625 0.0625 0.075
0 0.2609375 0.4109375 0.0625 0.0625