0 0.75859375 0.5875 0.21875 0.6671875
0 0.6921875 0.59140625 0.1359375 0.6078125
0 0.59921875 0.59375 0.109375 0.5328125
0 0.51796875 0.62578125 0.0890625 0.471875
0 0.45078125 0.5953125 0.0875 0.4625
0 0.3796875 0.58515625 0.08125 0.453125
0 0.30625 0.575 0.1 0.478125
0 0.2046875 0.56796875 0.134375 0.51875
0 0.0984375 0.56328125 0.0703125 0.2703125
0 0.021875 0.559375 0.04375 0.25
0 0.16328125 0.625 0.028125 0.1015625
0 0.740625 0.52109375 0.0390625 0.1125
0 0.925 0.534375 0.0703125 0.0953125
0 0.71640625 0.87109375 0.140625 0.08125