0 0.04375 0.4875 0.05625 0.234375
0 0.33828125 0.44375 0.0328125 0.1296875
0 0.359375 0.45078125 0.0234375 0.1359375
0 0.396875 0.51171875 0.028125 0.290625
0 0.428125 0.53203125 0.090625 0.378125
0 0.52578125 0.53203125 0.0609375 0.3484375
0 0.60703125 0.5375 0.0671875 0.3625
0 0.76953125 0.63203125 0.1453125 0.653125
0 0.08125 0.41796875 0.0140625 0.053125
0 0.5484375 0.46171875 0.04375 0.11875
0 0.08125 0.41796875 0.0171875 0.05625
0 0.95625 0.43515625 0.0671875 0.1328125
0 0.00703125 0.57109375 0.0140625 0.0765625
0 0.9890625 0.84375 0.0203125 0.309375