0 0.071875 0.87109375 0.03125 0.11875
0 0.0921875 0.86953125 0.028125 0.11875
0 0.11015625 0.87890625 0.0375 0.184375
0 0.134375 0.86171875 0.028125 0.103125
0 0.17578125 0.87109375 0.0421875 0.146875
0 0.196875 0.8796875 0.0390625 0.13125
0 0.22109375 0.871875 0.0359375 0.14375
0 0.2125 0.8765625 0.0484375 0.15625
0 0.23046875 0.8765625 0.0203125 0.121875
0 0.246875 0.87578125 0.0265625 0.1328125
0 0.2703125 0.87421875 0.0375 0.15625
0 0.3046875 0.84921875 0.0234375 0.09375
0 0.34453125 0.87109375 0.0375 0.134375
0 0.37734375 0.86640625 0.040625 0.14375
0 0.40234375 0.86640625 0.0421875 0.134375
0 0.42109375 0.859375 0.01875 0.065625
0 0.4515625 0.86953125 0.028125 0.13125
0 0.484375 0.86796875 0.0328125 0.1265625
0 0.53125 0.87890625 0.059375 0.184375
0 0.58515625 0.865625 0.04375 0.1953125
0 0.6109375 0.85859375 0.0125 0.0609375
0 0.67421875 0.8546875 0.015625 0.0625
0 0.70625 0.859375 0.01875 0.075
0 0.72890625 0.859375 0.0203125 0.075
0 0.89921875 0.87734375 0.06875 0.1796875
0 0.928125 0.8796875 0.025 0.0546875
0 0.6296875 0.9265625 0.0203125 0.025
0 0.6140625 0.92421875 0.01875 0.03125
0 0.584375 0.9234375 0.034375 0.0796875
0 0.1671875 0.8625 0.0296875 0.09375
0 0.37890625 0.8546875 0.140625 0.0671875
0 0.6125 0.85234375 0.115625 0.0703125
0 0.99765625 0.8859375 0.0046875 0.053125
0 0.4625 0.79921875 0.065625 0.028125