0 0.0984375 0.71171875 0.15 0.371875
0 0.065625 0.7125 0.053125 0.2875
0 0.1140625 0.68828125 0.078125 0.3015625
0 0.140625 0.6625 0.0421875 0.26875
0 0.184375 0.59765625 0.025 0.0984375
0 0.20234375 0.575 0.0296875 0.075
0 0.240625 0.68125 0.1109375 0.2859375
0 0.34921875 0.66015625 0.0828125 0.309375
0 0.44609375 0.6640625 0.0625 0.275
0 0.4328125 0.64921875 0.0921875 0.2625
0 0.42265625 0.6578125 0.0328125 0.2203125
0 0.5015625 0.66640625 0.0765625 0.271875
0 0.50625 0.65390625 0.103125 0.265625
0 0.6671875 0.6765625 0.0953125 0.3015625
0 0.71953125 0.6625 0.090625 0.275
0 0.628125 0.64921875 0.1125 0.3265625
0 0.7734375 0.6640625 0.0765625 0.2328125
0 0.84609375 0.64453125 0.0734375 0.265625
0 0.92265625 0.64765625 0.0859375 0.3046875
0 0.675 0.55625 0.0265625 0.053125
0 0.9328125 0.47890625 0.0890625 0.0984375
0 0.69296875 0.5046875 0.03125 0.10625
0 0.503125 0.8296875 0.2546875 0.0453125
0 0.78046875 0.79921875 0.2453125 0.0796875
0 0.20234375 0.82109375 0.3 0.040625
0 0.31875 0.784375 0.178125 0.034375
0 0.55390625 0.78125 0.1609375 0.0171875
0 0.65234375 0.44140625 0.028125 0.1640625
0 0.21875 0.5625 0.03125 0.0484375