0 0.9046875 0.4890625 0.1890625 0.721875
0 0.78515625 0.3984375 0.0921875 0.465625
0 0.784375 0.38125 0.090625 0.3765625
0 0.78671875 0.18359375 0.0734375 0.1375
0 0.775 0.228125 0.0328125 0.059375
0 0.784375 0.3875 0.090625 0.44375
0 0.75234375 0.39609375 0.1703125 0.4953125
0 0.746875 0.17265625 0.1625 0.1546875
0 0.68671875 0.16171875 0.025 0.05625
0 0.6515625 0.36953125 0.0609375 0.46875
0 0.63515625 0.1671875 0.0359375 0.1109375
0 0.596875 0.34609375 0.084375 0.546875
0 0.58671875 0.3734375 0.0890625 0.5375
0 0.5296875 0.3765625 0.053125 0.5140625
0 0.4 0.34375 0.0390625 0.1375
0 0.3265625 0.35234375 0.08125 0.1203125
0 0.13984375 0.340625 0.0953125 0.1515625
0 0.06171875 0.2921875 0.08125 0.2578125
0 0.1078125 0.1765625 0.0734375 0.1890625
0 0.18359375 0.24921875 0.0875 0.334375
0 0.25625 0.24375 0.0953125 0.346875
0 0.3703125 0.25234375 0.0609375 0.234375
0 0.81796875 0.246875 0.0203125 0.025
0 0.55078125 0.1890625 0.03125 0.0734375
0 0.50703125 0.178125 0.009375 0.0640625
0 0.02734375 0.31953125 0.0546875 0.3390625
0 0.05703125 0.14609375 0.0734375 0.084375
0 0.14453125 0.25 0.028125 0.05625
0 0.203125 0.21953125 0.0265625 0.08125
0 0.2234375 0.34140625 0.025 0.146875
0 0.29609375 0.2875 0.03125 0.1890625
0 0.35234375 0.21015625 0.040625 0.253125
0 0.40703125 0.2171875 0.0234375 0.1453125