0 0.95390625 0.596875 0.0890625 0.6171875
0 0.87109375 0.609375 0.0984375 0.46875
0 0.78046875 0.609375 0.1296875 0.7453125
0 0.7421875 0.434375 0.0578125 0.1828125
0 0.7125 0.5390625 0.0625 0.3734375
0 0.63125 0.5515625 0.08125 0.3390625
0 0.55625 0.54375 0.103125 0.3875
0 0.46796875 0.55625 0.0796875 0.334375
0 0.4453125 0.53359375 0.0578125 0.2890625
0 0.3859375 0.521875 0.075 0.3296875
0 0.3578125 0.56015625 0.05625 0.340625
0 0.2921875 0.64609375 0.1703125 0.6890625
0 0.184375 0.565625 0.06875 0.4078125
0 0.15 0.596875 0.090625 0.446875
0 0.04765625 0.5953125 0.0953125 0.5828125
0 0.54140625 0.38671875 0.028125 0.05625
0 0.23203125 0.40546875 0.046875 0.0609375
0 0.80234375 0.7375 0.0671875 0.2671875
0 0.57421875 0.64296875 0.05 0.10625