0 0.071875 0.7765625 0.1125 0.4453125
0 0.0828125 0.775 0.1 0.446875
0 0.1203125 0.77734375 0.05 0.44375
0 0.175 0.77734375 0.1 0.44375
0 0.20625 0.7765625 0.053125 0.4453125
0 0.25 0.76328125 0.0984375 0.4703125
0 0.26875 0.78671875 0.0625 0.4234375
0 0.3453125 0.79375 0.0921875 0.409375
0 0.3484375 0.69375 0.078125 0.2546875
0 0.3859375 0.77109375 0.0515625 0.4109375
0 0.4453125 0.775 0.0609375 0.4109375
0 0.4921875 0.778125 0.028125 0.384375
0 0.48046875 0.778125 0.0984375 0.440625
0 0.546875 0.79375 0.084375 0.4015625
0 0.57734375 0.78203125 0.075 0.3890625
0 0.584375 0.77265625 0.0578125 0.3671875
0 0.64375 0.77890625 0.08125 0.3671875
0 0.721875 0.784375 0.059375 0.3171875
0 0.76640625 0.7875 0.05625 0.328125
0 0.7734375 0.8 0.0703125 0.3109375
0 0.79140625 0.77578125 0.040625 0.3296875
0 0.82578125 0.79453125 0.06875 0.3109375
0 0.8609375 0.771875 0.0640625 0.3453125
0 0.8734375 0.76796875 0.05625 0.33125
0 0.88828125 0.7453125 0.03125 0.2375
0 0.92265625 0.77265625 0.05625 0.309375
0 0.92734375 0.79296875 0.065625 0.2921875
0 0.00859375 0.746875 0.0171875 0.234375
0 0.20625 0.578125 0.0546875 0.10625
0 0.6265625 0.64375 0.0265625 0.0734375
0 0.6640625 0.86015625 0.0546875 0.1984375
0 0.7390625 0.65625 0.015625 0.0484375
0 0.83203125 0.65625 0.0140625 0.0234375
0 0.9515625 0.66484375 0.03125 0.0625
0 0.71171875 0.9171875 0.0171875 0.04375