0 0.7421875 0.7359375 0.315625 0.5265625
0 0.6046875 0.7171875 0.28125 0.5625
0 0.91953125 0.50625 0.159375 0.571875
0 0.846875 0.253125 0.0921875 0.2640625
0 0.7234375 0.19375 0.0390625 0.1453125
0 0.5671875 0.6078125 0.4140625 0.78125
0 0.48125 0.6 0.25625 0.628125
0 0.38828125 0.48828125 0.1453125 0.4765625
0 0.36875 0.4828125 0.1859375 0.4671875
0 0.315625 0.396875 0.115625 0.2953125
0 0.2640625 0.35625 0.1234375 0.321875
0 0.04296875 0.353125 0.0625 0.115625
0 0.5640625 0.21015625 0.05 0.1390625
0 0.53671875 0.325 0.0734375 0.2390625
0 0.465625 0.24375 0.115625 0.246875
0 0.1453125 0.3375 0.1484375 0.553125
0 0.53671875 0.17421875 0.03125 0.0703125
0 0.50625 0.1875 0.034375 0.128125
0 0.31640625 0.1953125 0.63125 0.1859375
0 0.06640625 0.30859375 0.0296875 0.0421875
0 0.96484375 0.665625 0.06875 0.24375