0 0.04609375 0.49453125 0.0921875 0.496875
0 0.13125 0.5015625 0.1078125 0.48125
0 0.1953125 0.5046875 0.0859375 0.471875
0 0.26953125 0.4875 0.0984375 0.503125
0 0.35625 0.609375 0.1140625 0.5109375
0 0.46328125 0.6 0.1125 0.5453125
0 0.559375 0.615625 0.1015625 0.521875
0 0.66640625 0.6234375 0.1125 0.509375
0 0.790625 0.53828125 0.11875 0.50625
0 0.88515625 0.53046875 0.0875 0.51875
0 0.871875 0.56328125 0.090625 0.471875
0 0.93984375 0.5578125 0.0890625 0.4875
0 0.4421875 0.44296875 0.1015625 0.5015625
0 0.50390625 0.4671875 0.0796875 0.453125
0 0.54921875 0.325 0.0796875 0.2484375
0 0.6234375 0.43984375 0.0921875 0.49375
0 0.07265625 0.8265625 0.1453125 0.34375