0 0.05859375 0.46171875 0.04375 0.1
0 0.07109375 0.4421875 0.0328125 0.071875
0 0.10859375 0.48046875 0.0703125 0.153125
0 0.153125 0.4953125 0.0484375 0.159375
0 0.20625 0.521875 0.0625 0.2140625
0 0.28671875 0.5 0.0453125 0.0796875
0 0.075 0.58125 0.1359375 0.1921875
0 0.04296875 0.78515625 0.0859375 0.4265625
0 0.14921875 0.78359375 0.190625 0.43125
0 0.23984375 0.62265625 0.0984375 0.2796875
0 0.30078125 0.54921875 0.0703125 0.1484375
0 0.3328125 0.79296875 0.1859375 0.4109375
0 0.34140625 0.6375 0.1328125 0.2765625
0 0.40546875 0.54453125 0.059375 0.15
0 0.44921875 0.515625 0.0625 0.1265625
0 0.49140625 0.528125 0.04375 0.1359375
0 0.46171875 0.6953125 0.1078125 0.3609375
0 0.50546875 0.89375 0.1390625 0.2109375
0 0.60234375 0.90546875 0.109375 0.1875
0 0.73125 0.8828125 0.1578125 0.2328125
0 0.5953125 0.4703125 0.040625 0.1296875
0 0.6 0.6328125 0.0515625 0.30625
0 0.64296875 0.57109375 0.065625 0.2
0 0.6640625 0.5015625 0.0390625 0.10625
0 0.709375 0.6796875 0.1375 0.3453125
0 0.7421875 0.5 0.0515625 0.1453125
0 0.78984375 0.5015625 0.0484375 0.1859375
0 0.74140625 0.49921875 0.053125 0.1265625
0 0.82421875 0.66328125 0.16875 0.3578125
0 0.91015625 0.75078125 0.178125 0.4125
0 0.8984375 0.85859375 0.2015625 0.2796875
0 0.74765625 0.91328125 0.128125 0.1640625
0 0.80546875 0.45 0.0171875 0.0671875
0 0.25546875 0.42578125 0.15 0.071875