0 0.7 0.5453125 0.0671875 0.18125
0 0.71171875 0.47734375 0.0484375 0.0640625
0 0.61171875 0.53203125 0.0578125 0.1578125
0 0.51015625 0.5109375 0.040625 0.1015625
0 0.53671875 0.5203125 0.021875 0.06875
0 0.503125 0.4796875 0.015625 0.0375
0 0.44921875 0.5046875 0.0328125 0.0984375
0 0.68515625 0.4875 0.0125 0.03125
0 0.68046875 0.4953125 0.0109375 0.040625
0 0.915625 0.64375 0.0828125 0.14375
0 0.253125 0.4828125 0.234375 0.1015625
0 0.42421875 0.42421875 0.0203125 0.028125
0 0.3890625 0.425 0.0171875 0.028125
0 0.73671875 0.4875 0.015625 0.0296875
0 0.765625 0.490625 0.0140625 0.0234375
0 0.79375 0.4875 0.0125 0.0234375
0 0.8640625 0.4875 0.0203125 0.0234375
0 0.87890625 0.4859375 0.009375 0.0171875
0 0.8953125 0.4890625 0.0234375 0.0234375
0 0.9203125 0.49296875 0.028125 0.0328125
0 0.95078125 0.49140625 0.021875 0.021875
0 0.04140625 0.4359375 0.0828125 0.153125