0 0.6828125 0.5171875 0.078125 0.3078125
0 0.60703125 0.51484375 0.059375 0.296875
0 0.63046875 0.50546875 0.05 0.3046875
0 0.59765625 0.5109375 0.0421875 0.2765625
0 0.565625 0.50703125 0.0640625 0.2890625
0 0.534375 0.52265625 0.0359375 0.234375
0 0.5 0.5125 0.0875 0.2890625
0 0.51328125 0.51796875 0.0234375 0.2375
0 0.45390625 0.51328125 0.05 0.2671875
0 0.45390625 0.5046875 0.0421875 0.2515625
0 0.4421875 0.4171875 0.015625 0.0265625
0 0.41875 0.51015625 0.053125 0.25625
0 0.36640625 0.5109375 0.053125 0.2421875
0 0.38828125 0.50859375 0.0234375 0.2078125
0 0.33515625 0.5125 0.05 0.2
0 0.3109375 0.51328125 0.034375 0.1953125
0 0.27578125 0.490625 0.0640625 0.2640625
0 0.24765625 0.5109375 0.040625 0.2015625
0 0.209375 0.5125 0.05625 0.190625
0 0.2796875 0.55703125 0.0640625 0.1015625