0 0.20625 0.4203125 0.1015625 0.35
0 0.290625 0.39453125 0.0875 0.2765625
0 0.38984375 0.41796875 0.134375 0.45625
0 0.51015625 0.3734375 0.1015625 0.2890625
0 0.6125 0.3796875 0.121875 0.35
0 0.71328125 0.3875 0.1109375 0.321875
0 0.82890625 0.425 0.1109375 0.303125
0 0.2484375 0.615625 0.2703125 0.303125
0 0.3421875 0.63125 0.1609375 0.3359375
0 0.446875 0.6109375 0.125 0.3296875
0 0.503125 0.615625 0.2078125 0.3140625
0 0.665625 0.6296875 0.18125 0.290625
0 0.7015625 0.64765625 0.2109375 0.309375
0 0.82265625 0.675 0.1578125 0.3421875
0 0.46640625 0.3328125 0.028125 0.053125
0 0.090625 0.3359375 0.175 0.0578125