0 0.05703125 0.7421875 0.0703125 0.2109375
0 0.17265625 0.7703125 0.0921875 0.1984375
0 0.2578125 0.78359375 0.0828125 0.221875
0 0.375 0.82109375 0.090625 0.21875
0 0.48359375 0.8296875 0.08125 0.2421875
0 0.54296875 0.87578125 0.103125 0.246875
0 0.71484375 0.88515625 0.1609375 0.228125
0 0.865625 0.89609375 0.0921875 0.2078125
0 0.8203125 0.86015625 0.1296875 0.2609375
0 0.709375 0.76484375 0.1109375 0.15625
0 0.88203125 0.7453125 0.0609375 0.1125
0 0.8140625 0.76875 0.10625 0.1953125
0 0.82421875 0.67890625 0.0671875 0.075
0 0.78984375 0.6953125 0.053125 0.0875
0 0.815625 0.65 0.0828125 0.0734375
0 0.7078125 0.68984375 0.075 0.0796875
0 0.6234375 0.75234375 0.0953125 0.2078125
0 0.69140625 0.6671875 0.08125 0.128125
0 0.83046875 0.5953125 0.05625 0.0984375
0 0.78671875 0.56875 0.0421875 0.1046875
0 0.815625 0.55 0.04375 0.065625
0 0.62578125 0.56015625 0.046875 0.1015625
0 0.57734375 0.71640625 0.0796875 0.1875
0 0.6234375 0.63515625 0.05625 0.065625
0 0.55078125 0.65703125 0.059375 0.1203125
0 0.58671875 0.5984375 0.0515625 0.0671875
0 0.51875 0.73671875 0.0703125 0.11875
0 0.440625 0.7765625 0.09375 0.215625
0 0.484375 0.68203125 0.046875 0.071875
0 0.44140625 0.66328125 0.06875 0.0765625
0 0.39375 0.6703125 0.078125 0.096875
0 0.43359375 0.62890625 0.0375 0.0453125
0 0.37109375 0.6546875 0.0546875 0.10625
0 0.415625 0.60234375 0.0625 0.0671875
0 0.375 0.60625 0.0671875 0.0578125
0 0.33203125 0.76484375 0.084375 0.203125
0 0.30390625 0.6484375 0.0734375 0.11875
0 0.24375 0.74765625 0.0890625 0.209375
0 0.18203125 0.72578125 0.0890625 0.2171875
0 0.15859375 0.62890625 0.040625 0.1
0 0.23203125 0.63671875 0.065625 0.075
0 0.278125 0.621875 0.04375 0.121875
0 0.28984375 0.55234375 0.0421875 0.0828125
0 0.1875 0.55234375 0.04375 0.075
0 0.81015625 0.4796875 0.0265625 0.053125
0 0.78359375 0.4703125 0.028125 0.05
0 0.76953125 0.47109375 0.021875 0.046875
0 0.8171875 0.459375 0.01875 0.0453125
0 0.7453125 0.45859375 0.025 0.04375
0 0.7203125 0.453125 0.0265625 0.034375
0 0.68984375 0.45625 0.01875 0.025
0 0.6703125 0.45703125 0.0125 0.03125
0 0.48671875 0.4515625 0.0109375 0.03125
0 0.475 0.4546875 0.015625 0.0359375
0 0.60546875 0.4578125 0.015625 0.025
0 0.74453125 0.44921875 0.0203125 0.025
0 0.65546875 0.4875 0.0234375 0.0234375
0 0.85546875 0.4703125 0.034375 0.0203125
0 0.85859375 0.515625 0.0390625 0.0140625
0 0.90390625 0.65546875 0.0140625 0.08125
0 0.2578125 0.4234375 0.0328125 0.0375
0 0.18671875 0.4671875 0.0515625 0.0359375
0 0.2078125 0.528125 0.01875 0.03125
0 0.053125 0.57578125 0.046875 0.078125
0 0.0125 0.5109375 0.025 0.05