0 0.921875 0.84140625 0.15625 0.3140625
0 0.7453125 0.775 0.1875 0.45
0 0.5921875 0.77109375 0.175 0.4546875
0 0.2765625 0.90234375 0.165625 0.19375
0 0.12265625 0.79296875 0.2453125 0.4140625
0 0.8578125 0.75390625 0.165625 0.490625
0 0.725 0.55390625 0.1171875 0.1953125
0 0.6265625 0.54296875 0.090625 0.20625
0 0.53984375 0.57265625 0.125 0.2609375
0 0.37109375 0.728125 0.11875 0.5015625
0 0.24296875 0.6703125 0.11875 0.4265625
0 0.33671875 0.66484375 0.084375 0.4453125
0 0.25078125 0.58359375 0.1265625 0.321875
0 0.44765625 0.66796875 0.125 0.484375
0 0.66875 0.5046875 0.0734375 0.1875
0 0.63828125 0.42421875 0.059375 0.15625
0 0.5890625 0.4625 0.053125 0.1234375
0 0.5609375 0.43125 0.0484375 0.0875
0 0.47265625 0.440625 0.0546875 0.1203125
0 0.4203125 0.4375 0.04375 0.134375
0 0.38359375 0.4453125 0.040625 0.065625
0 0.2921875 0.46171875 0.046875 0.0625
0 0.52734375 0.49453125 0.0359375 0.0578125
0 0.4828125 0.415625 0.0296875 0.078125
0 0.50546875 0.45859375 0.01875 0.0359375
0 0.32421875 0.4921875 0.0484375 0.09375
0 0.603125 0.41015625 0.0421875 0.075
0 0.7078125 0.4421875 0.0328125 0.0546875
0 0.5765625 0.50625 0.025 0.0421875
0 0.3453125 0.45546875 0.0140625 0.0359375