0 0.17578125 0.89296875 0.1171875 0.2109375
0 0.284375 0.88203125 0.09375 0.2328125
0 0.3390625 0.89609375 0.0546875 0.2046875
0 0.36328125 0.9 0.0796875 0.196875
0 0.4375 0.88828125 0.1109375 0.2203125
0 0.55390625 0.91171875 0.1125 0.1734375
0 0.64375 0.909375 0.1140625 0.178125
0 0.75546875 0.8796875 0.1390625 0.2375
0 0.55703125 0.84453125 0.0828125 0.146875
0 0.4765625 0.83125 0.0421875 0.0984375
0 0.703125 0.8765625 0.06875 0.24375
0 0.21875 0.84765625 0.0125 0.0609375
0 0.3046875 0.84921875 0.0234375 0.08125
0 0.63359375 0.8046875 0.1171875 0.1171875
0 0.675 0.86796875 0.028125 0.0953125
0 0.5203125 0.80703125 0.0546875 0.090625
0 0.321875 0.77265625 0.0296875 0.078125
0 0.7984375 0.77890625 0.03125 0.0484375