0 0.0515625 0.7234375 0.103125 0.44375
0 0.134375 0.73359375 0.103125 0.425
0 0.22265625 0.7203125 0.1125 0.4453125
0 0.09765625 0.7 0.0609375 0.421875
0 0.17734375 0.69296875 0.0859375 0.45
0 0.28203125 0.7 0.0796875 0.4546875
0 0.31875 0.73828125 0.1046875 0.4125
0 0.34921875 0.5484375 0.0765625 0.115625
0 0.40546875 0.71328125 0.125 0.453125
0 0.45546875 0.53359375 0.0609375 0.0859375
0 0.4828125 0.73359375 0.0953125 0.4265625
0 0.57734375 0.73515625 0.1 0.425
0 0.5671875 0.69296875 0.1203125 0.453125
0 0.62734375 0.60546875 0.0484375 0.2625
0 0.66015625 0.73984375 0.08125 0.415625
0 0.73125 0.74609375 0.1203125 0.4484375
0 0.83984375 0.73671875 0.134375 0.45625
0 0.94765625 0.7421875 0.1046875 0.4515625
0 0.8875 0.72578125 0.084375 0.41875
0 0.775 0.703125 0.0625 0.4421875
0 0.68046875 0.5515625 0.065625 0.1078125
0 0.715625 0.53203125 0.04375 0.075