0 0.965625 0.7125 0.0390625 0.1359375
0 0.70859375 0.70390625 0.0328125 0.1609375
0 0.684375 0.72109375 0.0421875 0.175
0 0.66328125 0.68203125 0.028125 0.1296875
0 0.7203125 0.63515625 0.015625 0.040625
0 0.6234375 0.68828125 0.025 0.1296875
0 0.61171875 0.72109375 0.0609375 0.165625
0 0.565625 0.6640625 0.028125 0.0953125
0 0.54453125 0.684375 0.03125 0.125
0 0.47109375 0.7328125 0.078125 0.209375
0 0.5078125 0.6421875 0.0359375 0.059375
0 0.0765625 0.8375 0.153125 0.321875
0 0.2125 0.825 0.1359375 0.346875
0 0.27265625 0.778125 0.075 0.303125
0 0.31328125 0.68046875 0.059375 0.140625
0 0.3921875 0.65234375 0.0296875 0.0921875
0 0.3640625 0.6453125 0.0234375 0.0734375
0 0.346875 0.646875 0.03125 0.096875
0 0.33515625 0.6453125 0.0296875 0.09375
0 0.2171875 0.63046875 0.025 0.0546875
0 0.2671875 0.63359375 0.0328125 0.0671875
0 0.29609375 0.6296875 0.0171875 0.0578125
0 0.1390625 0.6578125 0.0296875 0.11875
0 0.1421875 0.6515625 0.0234375 0.10625
0 0.11796875 0.665625 0.0484375 0.1453125
0 0.0875 0.74765625 0.078125 0.2515625
0 0.4375 0.6953125 0.0359375 0.14375
0 0.51875 0.7046875 0.0421875 0.1265625
0 0.41171875 0.634375 0.0140625 0.0515625
0 0.85 0.659375 0.128125 0.121875
0 0.9375 0.64453125 0.0375 0.0546875
0 0.76015625 0.65234375 0.0421875 0.0421875
0 0.1078125 0.60078125 0.0265625 0.0421875
0 0.1953125 0.609375 0.0234375 0.0359375
0 0.2171875 0.60234375 0.021875 0.025
0 0.246875 0.6125 0.0421875 0.03125
0 0.30234375 0.6015625 0.05 0.0296875
0 0.340625 0.5984375 0.0296875 0.0203125
0 0.4453125 0.61015625 0.1671875 0.0359375
0 0.3546875 0.6078125 0.0125 0.01875
0 0.06640625 0.60703125 0.0296875 0.090625
0 0.1265625 0.59453125 0.0125 0.0515625
0 0.43125 0.6421875 0.0296875 0.0328125
0 0.48828125 0.6421875 0.0234375 0.028125