0 0.9609375 0.78125 0.0765625 0.434375
0 0.79375 0.79140625 0.225 0.3984375
0 0.24453125 0.75859375 0.2484375 0.478125
0 0.6796875 0.7765625 0.1484375 0.390625
0 0.559375 0.7109375 0.1328125 0.359375
0 0.7625 0.61484375 0.1578125 0.378125
0 0.9296875 0.66875 0.103125 0.33125
0 0.4453125 0.75078125 0.1359375 0.4953125
0 0.12734375 0.746875 0.1171875 0.5015625
0 0.0421875 0.615625 0.0703125 0.2953125
0 0.40625 0.7421875 0.090625 0.5109375
0 0.30625 0.68984375 0.0875 0.2609375
0 0.3328125 0.66484375 0.075 0.35625
0 0.59609375 0.56640625 0.078125 0.16875
0 0.86640625 0.565625 0.046875 0.15625
0 0.83515625 0.55234375 0.0640625 0.103125
0 0.90625 0.546875 0.046875 0.096875
0 0.071875 0.32421875 0.14375 0.1296875
0 0.60859375 0.53046875 0.7796875 0.1390625
0 0.15 0.52421875 0.13125 0.121875