0 0.13359375 0.5109375 0.0890625 0.2734375
0 0.20234375 0.5234375 0.0890625 0.38125
0 0.24375 0.43046875 0.040625 0.13125
0 0.1578125 0.415625 0.028125 0.046875
0 0.15703125 0.3921875 0.025 0.0515625
0 0.1703125 0.3921875 0.01875 0.05625
0 0.2578125 0.41640625 0.0171875 0.0953125
0 0.278125 0.46953125 0.046875 0.2328125
0 0.29765625 0.496875 0.04375 0.31875
0 0.3390625 0.546875 0.1234375 0.4109375
0 0.359375 0.46015625 0.028125 0.16875
0 0.3796875 0.47265625 0.04375 0.2
0 0.43671875 0.53125 0.059375 0.35
0 0.49140625 0.56640625 0.153125 0.453125
0 0.2984375 0.36640625 0.228125 0.0421875
0 0.21640625 0.41328125 0.0109375 0.034375
0 0.85625 0.45078125 0.2859375 0.253125
0 0.63828125 0.54296875 0.125 0.421875
0 0.5453125 0.40078125 0.059375 0.090625
0 0.46015625 0.36875 0.0796875 0.071875