0 0.865625 0.83984375 0.228125 0.31875
0 0.76015625 0.9125 0.1203125 0.171875
0 0.6890625 0.88828125 0.10625 0.221875
0 0.6859375 0.83828125 0.11875 0.196875
0 0.64609375 0.81015625 0.0703125 0.196875
0 0.6515625 0.71015625 0.0734375 0.228125
0 0.59375 0.7375 0.0453125 0.115625
0 0.5234375 0.7921875 0.128125 0.4140625
0 0.46875 0.6953125 0.0515625 0.1953125
0 0.4171875 0.64765625 0.028125 0.0859375
0 0.4140625 0.728125 0.053125 0.1046875
0 0.36875 0.746875 0.046875 0.2640625
0 0.328125 0.7296875 0.0828125 0.2484375
0 0.1203125 0.81484375 0.240625 0.3671875
0 0.2875 0.94375 0.0796875 0.1109375
0 0.27734375 0.82734375 0.0796875 0.125
0 0.3375 0.85546875 0.084375 0.2421875
0 0.290625 0.82890625 0.1078125 0.14375
0 0.4015625 0.7671875 0.0453125 0.2
0 0.5046875 0.27734375 0.1765625 0.2
0 0.59296875 0.64765625 0.0296875 0.0421875
0 0.4171875 0.965625 0.1359375 0.065625
0 0.221875 0.94375 0.0421875 0.109375
0 0.40625 0.66484375 0.0171875 0.046875