0 0.2359375 0.6765625 0.1046875 0.60625
0 0.35 0.675 0.1515625 0.5625
0 0.30078125 0.54921875 0.05 0.2015625
0 0.44296875 0.4609375 0.0671875 0.3
0 0.48828125 0.46875 0.059375 0.30625
0 0.5234375 0.47109375 0.040625 0.2515625
0 0.5484375 0.35546875 0.028125 0.0625
0 0.57109375 0.45078125 0.0453125 0.2609375
0 0.596875 0.43515625 0.0421875 0.265625
0 0.62109375 0.4484375 0.075 0.303125
0 0.6765625 0.40625 0.05 0.26875
0 0.70703125 0.41328125 0.040625 0.26875
0 0.73828125 0.303125 0.03125 0.0765625
0 0.79453125 0.334375 0.046875 0.165625
0 0.77421875 0.4734375 0.08125 0.3625
0 0.53671875 0.52734375 0.103125 0.359375
0 0.8671875 0.31796875 0.0734375 0.3203125
0 0.94609375 0.21640625 0.0828125 0.2171875
0 0.9296875 0.34296875 0.0671875 0.128125
0 0.971875 0.325 0.053125 0.146875
0 0.93203125 0.5328125 0.075 0.3390625
0 0.97734375 0.525 0.0421875 0.3640625
0 0.37421875 0.08828125 0.0265625 0.1078125
0 0.33046875 0.09296875 0.025 0.0984375
0 0.22578125 0.05 0.0296875 0.0546875