0 0.040625 0.65 0.08125 0.1875
0 0.146875 0.70546875 0.240625 0.3078125
0 0.2171875 0.71484375 0.1640625 0.2546875
0 0.2 0.68125 0.1234375 0.2515625
0 0.23046875 0.70546875 0.1375 0.1984375
0 0.39765625 0.76171875 0.165625 0.25625
0 0.5578125 0.7671875 0.2078125 0.303125
0 0.3109375 0.6140625 0.0671875 0.0921875
0 0.3640625 0.6125 0.053125 0.0625
0 0.4078125 0.6265625 0.0609375 0.0625
0 0.43203125 0.62421875 0.0375 0.0234375
0 0.496875 0.70625 0.11875 0.1875
0 0.6359375 0.68671875 0.046875 0.1140625
0 0.753125 0.6890625 0.0828125 0.078125
0 0.71171875 0.7953125 0.209375 0.153125
0 0.76015625 0.74453125 0.071875 0.071875
0 0.7203125 0.77109375 0.1796875 0.14375
0 0.82421875 0.77578125 0.1453125 0.2140625
0 0.8953125 0.75625 0.0875 0.0765625
0 0.67109375 0.6875 0.065625 0.10625
0 0.6953125 0.68828125 0.0671875 0.09375
0 0.8453125 0.67421875 0.053125 0.0421875
0 0.13828125 0.56796875 0.0578125 0.040625
0 0.16953125 0.56328125 0.021875 0.03125
0 0.290625 0.58984375 0.028125 0.0359375
0 0.04609375 0.5546875 0.0921875 0.2140625
0 0.44609375 0.60078125 0.0296875 0.0203125
0 0.79296875 0.64921875 0.234375 0.0421875
0 0.54453125 0.41796875 0.7453125 0.4265625