0 0.1390625 0.49921875 0.278125 0.9984375
0 0.49609375 0.53125 0.5234375 0.9359375
0 0.70078125 0.5234375 0.5515625 0.95
0 0.77734375 0.54921875 0.2453125 0.8640625
0 0.52734375 0.1703125 0.1 0.3359375
0 0.44921875 0.17265625 0.0984375 0.3453125
0 0.721875 0.18671875 0.0671875 0.3234375
0 0.79140625 0.10625 0.0953125 0.2125
0 0.8953125 0.109375 0.0921875 0.1234375
0 0.9359375 0.1 0.059375 0.13125
0 0.7984375 0.0171875 0.025 0.0328125
0 0.66171875 0.04375 0.0765625 0.0875
0 0.59453125 0.05546875 0.0390625 0.078125
0 0.5078125 0.0984375 0.0453125 0.1671875
0 0.69140625 0.025 0.0328125 0.05
0 0.0515625 0.075 0.0703125 0.15
0 0.9078125 0.290625 0.1828125 0.41875
0 0.36875 0.03984375 0.0921875 0.078125
0 0.97109375 0.378125 0.0578125 0.2921875