0 0.05078125 0.66875 0.0796875 0.23125
0 0.0390625 0.6734375 0.078125 0.203125
0 0.1359375 0.68984375 0.075 0.221875
0 0.21953125 0.7015625 0.10625 0.2609375
0 0.25078125 0.66875 0.0546875 0.2140625
0 0.29140625 0.7015625 0.0625 0.2171875
0 0.30546875 0.7171875 0.04375 0.1734375
0 0.33125 0.67890625 0.0515625 0.2109375
0 0.38671875 0.696875 0.0796875 0.265625
0 0.37890625 0.690625 0.059375 0.24375
0 0.4484375 0.6984375 0.0515625 0.1875
0 0.4328125 0.671875 0.0453125 0.1828125
0 0.4828125 0.68515625 0.0703125 0.2578125
0 0.521875 0.675 0.053125 0.184375
0 0.54375 0.67421875 0.0625 0.1734375
0 0.5734375 0.675 0.046875 0.1984375
0 0.64453125 0.6796875 0.08125 0.234375
0 0.715625 0.68671875 0.1015625 0.246875
0 0.6953125 0.684375 0.0625 0.1953125
0 0.75078125 0.6859375 0.0375 0.1859375
0 0.7859375 0.67578125 0.0625 0.184375
0 0.8125 0.6921875 0.059375 0.1984375
0 0.83203125 0.678125 0.0453125 0.2046875
0 0.86171875 0.6953125 0.0484375 0.2109375
0 0.88984375 0.67734375 0.04375 0.228125
0 0.909375 0.6921875 0.071875 0.24375
0 0.9265625 0.69453125 0.053125 0.2234375
0 0.94921875 0.7375 0.025 0.0421875
0 0.42421875 0.73359375 0.025 0.1484375
0 0.128125 0.68046875 0.0515625 0.2140625
0 0.3890625 0.53125 0.146875 0.190625
0 0.59765625 0.48984375 0.046875 0.1109375
0 0.9921875 0.66484375 0.015625 0.1703125
0 0.8453125 0.68046875 0.034375 0.2078125
0 0.72265625 0.5875 0.075 0.0859375
0 0.7265625 0.72578125 0.03125 0.0984375
0 0.671875 0.665625 0.0265625 0.2046875
0 0.61796875 0.5859375 0.0828125 0.084375
0 0.6484375 0.74921875 0.0234375 0.0578125
0 0.48203125 0.5796875 0.0375 0.0625
0 0.4875 0.74765625 0.015625 0.0359375
0 0.35234375 0.71484375 0.034375 0.1796875
0 0.27578125 0.6234375 0.021875 0.071875
0 0.2828125 0.75546875 0.028125 0.0359375
0 0.0109375 0.72890625 0.021875 0.1640625