0 0.075 0.42265625 0.15 0.6453125
0 0.22421875 0.56640625 0.25 0.8640625
0 0.3390625 0.3203125 0.1453125 0.396875
0 0.36875 0.73359375 0.203125 0.5296875
0 0.3703125 0.16796875 0.0625 0.19375
0 0.4078125 0.29375 0.140625 0.4390625
0 0.5359375 0.55234375 0.215625 0.8921875
0 0.609375 0.54765625 0.1390625 0.7796875
0 0.6390625 0.38203125 0.11875 0.6359375
0 0.69609375 0.64453125 0.2859375 0.653125
0 0.7703125 0.41171875 0.2203125 0.640625
0 0.865625 0.6953125 0.2671875 0.60625
0 0.88828125 0.19609375 0.10625 0.3578125
0 0.96171875 0.1875 0.0765625 0.28125
0 0.02734375 0.209375 0.0546875 0.28125
0 0.965625 0.4625 0.0671875 0.7703125
0 0.7671875 0.21484375 0.259375 0.35
0 0.46875 0.27421875 0.3 0.4703125
0 0.209375 0.2359375 0.1515625 0.353125