0 0.33203125 0.28046875 0.0640625 0.1375
0 0.40234375 0.34921875 0.0796875 0.265625
0 0.471875 0.34296875 0.075 0.2734375
0 0.53359375 0.35 0.059375 0.253125
0 0.59921875 0.3171875 0.053125 0.1890625
0 0.734375 0.30078125 0.0546875 0.109375
0 0.7953125 0.31484375 0.075 0.14375
0 0.60703125 0.43359375 0.140625 0.29375
0 0.65 0.47421875 0.159375 0.340625
0 0.70078125 0.5296875 0.2125 0.4125
0 0.775 0.6890625 0.45 0.621875
0 0.3984375 0.6640625 0.40625 0.671875
0 0.15078125 0.45859375 0.1515625 0.290625
0 0.221875 0.4078125 0.1296875 0.25
0 0.24765625 0.3703125 0.0984375 0.203125