0 0.971875 0.3796875 0.0546875 0.1703125
0 0.9734375 0.315625 0.0515625 0.1734375
0 0.9140625 0.41328125 0.09375 0.196875
0 0.9078125 0.33984375 0.0578125 0.1640625
0 0.86015625 0.43046875 0.053125 0.3046875
0 0.82109375 0.496875 0.103125 0.44375
0 0.76796875 0.3109375 0.0484375 0.15
0 0.73828125 0.465625 0.1140625 0.3734375
0 0.6921875 0.3625 0.0625 0.125
0 0.66640625 0.4171875 0.090625 0.3703125
0 0.6375 0.37890625 0.0546875 0.2578125
0 0.58671875 0.39609375 0.103125 0.221875
0 0.5890625 0.29375 0.0734375 0.15
0 0.54296875 0.46171875 0.0703125 0.328125
0 0.5234375 0.44296875 0.0828125 0.3296875
0 0.46953125 0.459375 0.0703125 0.421875
0 0.4484375 0.4859375 0.0359375 0.43125
0 0.4046875 0.44609375 0.0890625 0.3453125
0 0.35234375 0.4453125 0.0765625 0.34375
0 0.3828125 0.36484375 0.0328125 0.1671875
0 0.290625 0.434375 0.0875 0.3421875
0 0.32734375 0.4703125 0.0328125 0.3828125
0 0.27890625 0.390625 0.0546875 0.1578125
0 0.259375 0.4421875 0.0609375 0.3546875
0 0.21953125 0.3390625 0.06875 0.1546875
0 0.21015625 0.46875 0.0859375 0.28125
0 0.1546875 0.39375 0.078125 0.178125
0 0.146875 0.51796875 0.0765625 0.278125
0 0.08203125 0.5703125 0.090625 0.1640625
0 0.05859375 0.4515625 0.109375 0.24375
0 0.0265625 0.54375 0.053125 0.153125
0 0.49453125 0.6171875 0.0828125 0.2109375
0 0.365625 0.60546875 0.0671875 0.1640625
0 0.28671875 0.6015625 0.084375 0.1640625
0 0.2046875 0.56640625 0.0640625 0.1546875
0 0.5 0.7640625 0.996875 0.46875
0 0.0046875 0.43984375 0.009375 0.1734375