0 0.80703125 0.75078125 0.196875 0.471875
0 0.8640625 0.603125 0.125 0.53125
0 0.77109375 0.31015625 0.1203125 0.446875
0 0.66015625 0.59453125 0.146875 0.5703125
0 0.66484375 0.30390625 0.109375 0.2859375
0 0.56328125 0.4890625 0.0984375 0.5671875
0 0.51328125 0.61484375 0.146875 0.534375
0 0.4734375 0.33046875 0.121875 0.3359375
0 0.4046875 0.590625 0.1640625 0.4140625
0 0.37109375 0.30625 0.090625 0.2953125
0 0.34921875 0.6359375 0.071875 0.584375
0 0.29921875 0.33359375 0.0703125 0.2640625
0 0.26640625 0.62890625 0.134375 0.6203125
0 0.1671875 0.6859375 0.209375 0.625
0 0.74921875 0.58515625 0.1015625 0.5