0 0.11875 0.64609375 0.20625 0.6984375
0 0.2453125 0.659375 0.115625 0.5703125
0 0.359375 0.66328125 0.1078125 0.5234375
0 0.475 0.55390625 0.090625 0.40625
0 0.84765625 0.59921875 0.1234375 0.540625
0 0.11171875 0.54453125 0.1109375 0.828125
0 0.2140625 0.50390625 0.128125 0.7296875
0 0.2453125 0.36953125 0.0859375 0.234375
0 0.3375 0.52734375 0.1390625 0.659375
0 0.3453125 0.21953125 0.1234375 0.26875
0 0.48046875 0.48828125 0.1265625 0.528125
0 0.4515625 0.4046875 0.109375 0.6625
0 0.50625 0.4375 0.1375 0.5828125
0 0.60703125 0.48359375 0.1 0.58125
0 0.5625 0.43515625 0.0484375 0.5578125
0 0.64609375 0.240625 0.0609375 0.215625
0 0.6875 0.46796875 0.0953125 0.534375
0 0.72734375 0.4390625 0.05625 0.5078125
0 0.759375 0.31640625 0.0578125 0.2671875
0 0.7921875 0.46875 0.1015625 0.5453125
0 0.8828125 0.528125 0.1015625 0.684375
0 0.8328125 0.21484375 0.0640625 0.221875
0 0.93515625 0.47890625 0.1140625 0.75625
0 0.59140625 0.45 0.04375 0.159375