0 0.04453125 0.68203125 0.0890625 0.6328125
0 0.08203125 0.68125 0.1640625 0.6359375
0 0.18125 0.68828125 0.1203125 0.621875
0 0.253125 0.69375 0.190625 0.609375
0 0.29453125 0.45390625 0.0390625 0.134375
0 0.35078125 0.68046875 0.1015625 0.6375
0 0.41640625 0.7015625 0.1578125 0.59375
0 0.54609375 0.6734375 0.2265625 0.6515625
0 0.6109375 0.7015625 0.18125 0.5953125
0 0.66328125 0.46640625 0.109375 0.203125
0 0.73359375 0.7390625 0.14375 0.5203125
0 0.77265625 0.4921875 0.1015625 0.253125
0 0.865625 0.73125 0.18125 0.5359375
0 0.853125 0.44921875 0.0953125 0.1328125
0 0.940625 0.69609375 0.1171875 0.60625