0 0.07734375 0.534375 0.0828125 0.3984375
0 0.14921875 0.534375 0.140625 0.4296875
0 0.2578125 0.52265625 0.0546875 0.2734375
0 0.2828125 0.53671875 0.0875 0.325
0 0.365625 0.59453125 0.1625 0.5453125
0 0.44453125 0.49765625 0.0640625 0.2890625
0 0.4921875 0.528125 0.065625 0.34375
0 0.56484375 0.59140625 0.1390625 0.5515625
0 0.6078125 0.49609375 0.046875 0.228125
0 0.62890625 0.48515625 0.040625 0.2078125
0 0.65234375 0.46171875 0.025 0.1265625
0 0.71484375 0.5765625 0.15 0.4671875
0 0.88046875 0.55546875 0.1671875 0.603125
0 0.94140625 0.4453125 0.0546875 0.240625
0 0.25234375 0.41484375 0.1171875 0.146875
0 0.396875 0.3828125 0.0359375 0.053125
0 0.46953125 0.40546875 0.040625 0.0375
0 0.525 0.403125 0.0203125 0.034375