0 0.79453125 0.59140625 0.1140625 0.6
0 0.70390625 0.56640625 0.109375 0.596875
0 0.59140625 0.653125 0.1203125 0.525
0 0.63125 0.5828125 0.0984375 0.5859375
0 0.5390625 0.56640625 0.1234375 0.625
0 0.4140625 0.64375 0.134375 0.640625
0 0.12265625 0.6015625 0.14375 0.7328125
0 0.23125 0.61953125 0.15 0.709375
0 0.28515625 0.33828125 0.08125 0.1640625
0 0.3296875 0.6125 0.1046875 0.6484375
0 0.3734375 0.3515625 0.05625 0.15
0 0.46796875 0.4921875 0.103125 0.3890625
0 0.49453125 0.31953125 0.0546875 0.146875
0 0.75546875 0.5328125 0.1015625 0.621875