0 0.3640625 0.47421875 0.0140625 0.05625
0 0.3859375 0.4984375 0.0265625 0.1015625
0 0.42421875 0.49765625 0.0265625 0.10625
0 0.48203125 0.5171875 0.0328125 0.1625
0 0.503125 0.51015625 0.0296875 0.1671875
0 0.52890625 0.50703125 0.0265625 0.115625
0 0.54453125 0.50859375 0.046875 0.15
0 0.56953125 0.471875 0.0234375 0.0671875
0 0.5625 0.490625 0.015625 0.0890625
0 0.575 0.5390625 0.0328125 0.165625
0 0.603125 0.53515625 0.0390625 0.171875
0 0.64921875 0.48203125 0.015625 0.0671875
0 0.68828125 0.50546875 0.03125 0.1125
0 0.72734375 0.4984375 0.021875 0.1234375
0 0.73203125 0.5125 0.0515625 0.1390625
0 0.75859375 0.52734375 0.0203125 0.1515625
0 0.834375 0.5015625 0.0359375 0.1265625
0 0.865625 0.54453125 0.046875 0.215625
0 0.89296875 0.59765625 0.08125 0.3203125
0 0.66953125 0.48515625 0.6390625 0.146875