0 0.7890625 0.69609375 0.1609375 0.6046875
0 0.646875 0.6875 0.1734375 0.621875
0 0.525 0.68828125 0.1484375 0.61875
0 0.39765625 0.6921875 0.1484375 0.6125
0 0.28984375 0.68359375 0.1421875 0.6296875
0 0.1578125 0.68671875 0.16875 0.6234375
0 0.87890625 0.6640625 0.1234375 0.66875
0 0.64765625 0.40703125 0.1328125 0.2859375
0 0.79765625 0.4015625 0.1671875 0.334375
0 0.7234375 0.40625 0.109375 0.3515625
0 0.5921875 0.32265625 0.096875 0.225
0 0.5171875 0.41640625 0.14375 0.2703125
0 0.409375 0.40078125 0.1359375 0.340625
0 0.25234375 0.4296875 0.1125 0.3453125
0 0.21953125 0.3328125 0.0890625 0.215625
0 0.15546875 0.40703125 0.1390625 0.3234375
0 0.3359375 0.3 0.103125 0.21875
0 0.4640625 0.29609375 0.084375 0.240625
0 0.53125 0.25234375 0.103125 0.178125
0 0.67109375 0.26015625 0.090625 0.2234375
0 0.7453125 0.2375 0.090625 0.2203125
0 0.7 0.19296875 0.0671875 0.1734375
0 0.62734375 0.14609375 0.0515625 0.1234375
0 0.58984375 0.20625 0.0828125 0.225
0 0.41171875 0.21640625 0.0890625 0.1859375
0 0.33203125 0.21484375 0.109375 0.2125
0 0.2203125 0.2015625 0.1234375 0.2765625
0 0.29140625 0.18203125 0.0703125 0.1625
0 0.4015625 0.153125 0.0921875 0.1859375
0 0.4890625 0.171875 0.0984375 0.215625