0 0.0578125 0.4890625 0.06875 0.6953125
0 0.1296875 0.57421875 0.13125 0.846875
0 0.1984375 0.53515625 0.0875 0.8109375
0 0.21796875 0.15625 0.046875 0.159375
0 0.23671875 0.44140625 0.05 0.6859375
0 0.28046875 0.578125 0.078125 0.8203125
0 0.3484375 0.61875 0.1234375 0.7578125
0 0.3203125 0.271875 0.04375 0.3328125
0 0.3484375 0.2078125 0.05 0.209375
0 0.371875 0.15234375 0.034375 0.165625
0 0.3875 0.2703125 0.0546875 0.3875
0 0.42578125 0.5625 0.0796875 0.7546875
0 0.45 0.22109375 0.059375 0.2640625
0 0.471875 0.1578125 0.0375 0.1375
0 0.490625 0.60546875 0.096875 0.784375
0 0.54453125 0.50625 0.0734375 0.665625
0 0.51796875 0.22578125 0.040625 0.1921875
0 0.51875 0.1578125 0.0609375 0.1859375
0 0.553125 0.13828125 0.015625 0.0890625
0 0.578125 0.24609375 0.0546875 0.353125
0 0.6078125 0.5375 0.0796875 0.6953125
0 0.65 0.62265625 0.115625 0.75
0 0.70625 0.6 0.075 0.7953125
0 0.775 0.6046875 0.0875 0.71875
0 0.89375 0.5453125 0.1015625 0.7640625
0 0.853125 0.4203125 0.065625 0.6546875
0 0.8125 0.47734375 0.0578125 0.68125
0 0.78125 0.2046875 0.0359375 0.1546875
0 0.740625 0.2953125 0.0515625 0.2125
0 0.678125 0.25859375 0.040625 0.2046875
0 0.6296875 0.21015625 0.04375 0.28125
0 0.7 0.1875 0.0265625 0.0921875
0 0.728125 0.1921875 0.0421875 0.2453125