0 0.028125 0.5390625 0.053125 0.0859375
0 0.05078125 0.50234375 0.021875 0.0953125
0 0.06015625 0.48515625 0.01875 0.0609375
0 0.090625 0.503125 0.034375 0.0921875
0 0.11796875 0.52421875 0.0328125 0.1296875
0 0.14921875 0.54375 0.040625 0.159375
0 0.1890625 0.553125 0.0578125 0.1734375
0 0.27421875 0.63046875 0.0953125 0.3421875
0 0.37578125 0.69375 0.1078125 0.4921875
0 0.33984375 0.59453125 0.0546875 0.3171875
0 0.83671875 0.4828125 0.028125 0.059375
0 0.8515625 0.496875 0.0265625 0.075
0 0.8171875 0.52109375 0.0265625 0.1140625
0 0.90078125 0.51171875 0.0421875 0.15
0 0.928125 0.53671875 0.0296875 0.13125
0 0.0453125 0.465625 0.0328125 0.0265625
0 0.62265625 0.371875 0.0921875 0.0515625
0 0.53984375 0.38359375 0.028125 0.0703125