0 0.1703125 0.59609375 0.240625 0.803125
0 0.26484375 0.6609375 0.2140625 0.5625
0 0.41484375 0.6515625 0.1703125 0.578125
0 0.578125 0.6640625 0.2171875 0.4875
0 0.7390625 0.67265625 0.1546875 0.5109375
0 0.8640625 0.57890625 0.1890625 0.7484375
0 0.6953125 0.4140625 0.1609375 0.3171875
0 0.0890625 0.39140625 0.178125 0.6984375
0 0.2390625 0.2515625 0.078125 0.2734375
0 0.3359375 0.3625 0.1015625 0.415625
0 0.42421875 0.30859375 0.121875 0.2734375
0 0.4984375 0.3703125 0.1140625 0.390625
0 0.59296875 0.3078125 0.1140625 0.325
0 0.68828125 0.275 0.10625 0.265625
0 0.784375 0.2953125 0.1046875 0.2859375