0 0.08125 0.67109375 0.1625 0.653125
0 0.196875 0.684375 0.1296875 0.5390625
0 0.31484375 0.72109375 0.2515625 0.5546875
0 0.41640625 0.53828125 0.059375 0.1296875
0 0.46015625 0.5984375 0.1015625 0.2578125
0 0.50078125 0.57421875 0.0671875 0.1875
0 0.53828125 0.54765625 0.0359375 0.128125
0 0.5734375 0.53984375 0.0453125 0.1375
0 0.59375 0.55 0.040625 0.121875
0 0.61875 0.53515625 0.028125 0.10625
0 0.64296875 0.62578125 0.09375 0.3265625
0 0.70234375 0.60234375 0.0859375 0.2375
0 0.815625 0.7171875 0.1515625 0.5078125
0 0.92421875 0.5734375 0.0296875 0.103125
0 0.96953125 0.58359375 0.0546875 0.10625
0 0.06796875 0.44375 0.059375 0.0875
0 0.1234375 0.61015625 0.0390625 0.0390625
0 0.1171875 0.46875 0.040625 0.0453125
0 0.440625 0.48984375 0.01875 0.034375
0 0.6796875 0.5140625 0.0203125 0.025