0 0.1109375 0.5515625 0.1171875 0.5546875
0 0.1625 0.4953125 0.140625 0.6140625
0 0.25859375 0.5 0.0703125 0.5953125
0 0.321875 0.52890625 0.1171875 0.60625
0 0.375 0.30859375 0.0859375 0.23125
0 0.42109375 0.375 0.0671875 0.2078125
0 0.440625 0.58671875 0.1515625 0.6140625
0 0.4796875 0.30234375 0.05625 0.1875
0 0.540625 0.565625 0.090625 0.6125
0 0.59921875 0.53203125 0.103125 0.6140625
0 0.6625 0.5734375 0.125 0.6390625
0 0.71875 0.5578125 0.0765625 0.578125
0 0.7640625 0.53828125 0.0640625 0.5625
0 0.8140625 0.58984375 0.1453125 0.640625
0 0.83125 0.60703125 0.121875 0.6484375
0 0.8625 0.31015625 0.0703125 0.15
0 0.92421875 0.3515625 0.0890625 0.240625
0 0.90703125 0.6421875 0.1640625 0.61875
0 0.9625 0.559375 0.071875 0.5234375
0 0.803125 0.3296875 0.1609375 0.0734375
0 0.55703125 0.27421875 0.040625 0.1