0 0.2734375 0.6578125 0.1453125 0.4203125
0 0.3203125 0.6578125 0.1296875 0.3890625
0 0.42578125 0.65625 0.103125 0.3796875
0 0.51640625 0.5828125 0.109375 0.5125
0 0.55859375 0.596875 0.2390625 0.484375
0 0.6875 0.63984375 0.1875 0.4
0 0.8375 0.65 0.1875 0.41875
0 0.87421875 0.63828125 0.0953125 0.3796875
0 0.08125 0.434375 0.1515625 0.6109375
0 0.103125 0.43125 0.071875 0.5890625
0 0.1625 0.4609375 0.078125 0.5265625
0 0.221875 0.43359375 0.0890625 0.5703125
0 0.2859375 0.3546875 0.075 0.4015625
0 0.353125 0.35546875 0.090625 0.3765625
0 0.403125 0.42109375 0.0546875 0.4390625
0 0.4375 0.3484375 0.1359375 0.6375
0 0.4953125 0.275 0.115625 0.48125
0 0.575 0.34140625 0.075 0.334375
0 0.6421875 0.35 0.071875 0.390625
0 0.740625 0.2796875 0.15 0.5140625
0 0.77421875 0.42890625 0.096875 0.44375
0 0.8203125 0.3234375 0.096875 0.390625
0 0.89921875 0.3890625 0.0875 0.4203125
0 0.95859375 0.4234375 0.08125 0.5765625
0 0.58359375 0.11640625 0.0671875 0.2328125
0 0.90859375 0.1109375 0.0796875 0.221875
0 0.63359375 0.6546875 0.109375 0.4015625
0 0.4875 0.90078125 0.9625 0.1953125
0 0.40859375 0.03984375 0.8171875 0.0796875