0 0.0265625 0.4546875 0.0375 0.38125
0 0.04375 0.459375 0.0578125 0.4359375
0 0.09921875 0.47578125 0.06875 0.403125
0 0.14375 0.51796875 0.0578125 0.2328125
0 0.1859375 0.56171875 0.0828125 0.225
0 0.2484375 0.55234375 0.0546875 0.20625
0 0.3234375 0.59375 0.0375 0.14375
0 0.3421875 0.5359375 0.0390625 0.125
0 0.30625 0.52734375 0.040625 0.159375
0 0.4 0.6328125 0.1625 0.13125
0 0.4796875 0.5703125 0.0515625 0.225
0 0.540625 0.63984375 0.065625 0.171875
0 0.525 0.515625 0.05625 0.1390625
0 0.56875 0.52734375 0.04375 0.1453125
0 0.5890625 0.56796875 0.046875 0.1890625
0 0.6171875 0.59453125 0.078125 0.2453125
0 0.7703125 0.67578125 0.2015625 0.1859375
0 0.84765625 0.56328125 0.06875 0.315625
0 0.915625 0.56796875 0.0859375 0.31875
0 0.96875 0.46328125 0.0609375 0.5015625
0 0.1390625 0.35703125 0.0421875 0.196875
0 0.19296875 0.45 0.05 0.1484375
0 0.2359375 0.4546875 0.0578125 0.1609375
0 0.28125 0.4578125 0.040625 0.14375
0 0.31796875 0.45 0.03125 0.128125
0 0.340625 0.44296875 0.053125 0.1625
0 0.39296875 0.5 0.0484375 0.196875
0 0.38125 0.43203125 0.03125 0.15
0 0.4328125 0.4421875 0.046875 0.1609375
0 0.44609375 0.53984375 0.059375 0.2171875
0 0.478125 0.475 0.0453125 0.1609375
0 0.45703125 0.415625 0.03125 0.1140625
0 0.51015625 0.49296875 0.0234375 0.1
0 0.5078125 0.390625 0.04375 0.184375
0 0.5421875 0.4609375 0.0390625 0.1578125
0 0.6625 0.56015625 0.046875 0.1859375
0 0.6953125 0.521875 0.04375 0.146875
0 0.725 0.53515625 0.028125 0.1296875
0 0.76171875 0.571875 0.0546875 0.1359375
0 0.79140625 0.54765625 0.06875 0.253125
0 0.7265625 0.4953125 0.040625 0.1234375
0 0.75703125 0.4765625 0.0296875 0.0953125
0 0.66015625 0.46875 0.05 0.134375
0 0.609375 0.4890625 0.0265625 0.1015625
0 0.5859375 0.45625 0.034375 0.140625
0 0.6171875 0.45 0.03125 0.0765625
0 0.64375 0.459375 0.03125 0.1328125
0 0.6296875 0.421875 0.0234375 0.0953125
0 0.7125 0.425 0.0453125 0.1125
0 0.7765625 0.38125 0.08125 0.2171875
0 0.8046875 0.42421875 0.0359375 0.128125
0 0.825 0.46171875 0.0453125 0.2078125
0 0.85 0.37734375 0.0578125 0.2390625
0 0.8890625 0.471875 0.0375 0.3921875
0 0.9265625 0.4140625 0.0515625 0.290625
0 0.7328125 0.35703125 0.0515625 0.240625
0 0.6890625 0.38984375 0.046875 0.2171875
0 0.65625 0.36171875 0.0328125 0.1203125
0 0.63203125 0.36171875 0.034375 0.1171875
0 0.6046875 0.37578125 0.03125 0.1484375
0 0.571875 0.40546875 0.0359375 0.19375
0 0.5421875 0.36171875 0.0375 0.1515625
0 0.490625 0.3578125 0.028125 0.1265625
0 0.4671875 0.359375 0.0375 0.1234375
0 0.4296875 0.36328125 0.04375 0.146875
0 0.3921875 0.34296875 0.0453125 0.13125
0 0.35703125 0.36796875 0.05 0.1640625
0 0.3171875 0.375 0.04375 0.1125
0 0.18125 0.3453125 0.05625 0.2046875
0 0.21875 0.35234375 0.0421875 0.184375
0 0.25703125 0.3890625 0.0421875 0.278125
0 0.2890625 0.359375 0.0375 0.18125
0 0.3390625 0.32265625 0.0296875 0.096875
0 0.4203125 0.26015625 0.075 0.1265625
0 0.39296875 0.29296875 0.040625 0.09375
0 0.4921875 0.2765625 0.028125 0.0671875
0 0.5234375 0.31484375 0.025 0.0921875
0 0.55625 0.30859375 0.0265625 0.1078125
0 0.5828125 0.30234375 0.0234375 0.0984375
0 0.80078125 0.33515625 0.04375 0.1359375
0 0.0734375 0.334375 0.028125 0.1796875
0 0.1578125 0.27734375 0.03125 0.1
0 0.09765625 0.29296875 0.065625 0.1484375
0 0.1734375 0.2703125 0.021875 0.05625
0 0.41015625 0.30703125 0.1 0.06875
0 0.80390625 0.3015625 0.0734375 0.096875
0 0.2015625 0.2921875 0.028125 0.08125
0 0.24140625 0.29140625 0.040625 0.0859375
0 0.309375 0.28515625 0.08125 0.084375
0 0.63046875 0.30703125 0.0796875 0.096875
0 0.70546875 0.30078125 0.0375 0.078125
0 0.3515625 0.50546875 0.025 0.090625
0 0.09296875 0.57578125 0.0375 0.1109375