0 0.95859375 0.27734375 0.0796875 0.2078125
0 0.69765625 0.14296875 0.046875 0.134375
0 0.61875 0.1234375 0.046875 0.0984375
0 0.5796875 0.16796875 0.0671875 0.1734375
0 0.675 0.55859375 0.309375 0.63125
0 0.57265625 0.61796875 0.2984375 0.7171875
0 0.5109375 0.634375 0.3203125 0.73125
0 0.4421875 0.7265625 0.265625 0.54375
0 0.34453125 0.76015625 0.2859375 0.4796875
0 0.27109375 0.4359375 0.175 0.3109375
0 0.378125 0.259375 0.11875 0.4125
0 0.46171875 0.18671875 0.0625 0.203125
0 0.1984375 0.25859375 0.0625 0.1625
0 0.06328125 0.31796875 0.090625 0.0828125
0 0.1890625 0.30078125 0.30625 0.171875
0 0.82109375 0.146875 0.1734375 0.21875
0 0.01640625 0.47578125 0.0328125 0.515625
0 0.33203125 0.38359375 0.053125 0.1625