0 0.0734375 0.62265625 0.1328125 0.553125
0 0.1640625 0.6 0.09375 0.5046875
0 0.253125 0.58515625 0.1078125 0.4515625
0 0.34453125 0.58125 0.103125 0.4265625
0 0.41953125 0.72109375 0.1625 0.396875
0 0.55625 0.725 0.153125 0.3359375
0 0.7046875 0.72734375 0.128125 0.309375
0 0.83984375 0.75625 0.1609375 0.2921875
0 0.84140625 0.52265625 0.1421875 0.328125
0 0.7140625 0.540625 0.1109375 0.3375
0 0.61328125 0.56875 0.103125 0.4359375
0 0.52109375 0.5203125 0.090625 0.2796875
0 0.4234375 0.4328125 0.1234375 0.14375