0 0.0390625 0.37734375 0.078125 0.125
0 0.1328125 0.29765625 0.1 0.3859375
0 0.2109375 0.37109375 0.121875 0.3421875
0 0.24453125 0.3359375 0.1296875 0.35625
0 0.08671875 0.0875 0.0765625 0.175
0 0.14140625 0.08359375 0.08125 0.1671875
0 0.2390625 0.078125 0.090625 0.15625
0 0.43046875 0.328125 0.1265625 0.384375
0 0.53125 0.5703125 0.1453125 0.41875
0 0.6890625 0.3625 0.15 0.421875
0 0.709375 0.14765625 0.08125 0.1859375
0 0.8015625 0.2140625 0.103125 0.3625
0 0.87265625 0.325 0.0625 0.340625
0 0.9390625 0.33515625 0.115625 0.359375
0 0.9578125 0.24140625 0.0765625 0.28125
0 0.94921875 0.0828125 0.0671875 0.165625
0 0.90234375 0.07890625 0.05 0.1578125
0 0.70546875 0.0796875 0.075 0.159375
0 0.62109375 0.06953125 0.0765625 0.1390625
0 0.259375 0.44609375 0.4234375 0.1890625
0 0.73359375 0.5171875 0.528125 0.521875
0 0.79375 0.11796875 0.4109375 0.13125