0 0.4921875 0.575 0.1203125 0.440625
0 0.584375 0.57109375 0.1140625 0.4125
0 0.65859375 0.55390625 0.0828125 0.40625
0 0.71640625 0.56328125 0.1328125 0.4125
0 0.80859375 0.53671875 0.121875 0.4734375
0 0.88046875 0.478125 0.071875 0.2890625
0 0.1921875 0.43203125 0.0390625 0.125
0 0.17421875 0.42734375 0.0296875 0.1140625
0 0.32578125 0.40234375 0.028125 0.0984375
0 0.3703125 0.403125 0.0328125 0.09375
0 0.38671875 0.39765625 0.0203125 0.096875
0 0.409375 0.39765625 0.0375 0.1109375
0 0.4421875 0.39609375 0.0203125 0.1078125
0 0.759375 0.3921875 0.025 0.0625
0 0.79140625 0.315625 0.234375 0.0640625
0 0.296875 0.3671875 0.01875 0.028125
0 0.09140625 0.36875 0.021875 0.0203125
0 0.90390625 0.503125 0.0265625 0.1484375
0 0.6125 0.3921875 0.0234375 0.0640625
0 0.34765625 0.3921875 0.0265625 0.0984375
0 0.7765625 0.2609375 0.0578125 0.046875