0 0.80234375 0.70390625 0.1171875 0.3921875
0 0.88515625 0.5875 0.1046875 0.43125
0 0.7859375 0.53671875 0.1328125 0.515625
0 0.70546875 0.52109375 0.103125 0.459375
0 0.571875 0.64296875 0.1671875 0.3046875
0 0.453125 0.64375 0.1359375 0.25
0 0.23203125 0.58671875 0.11875 0.503125
0 0.32421875 0.57890625 0.0953125 0.4328125
0 0.38046875 0.53125 0.084375 0.4203125
0 0.4296875 0.51171875 0.0640625 0.35
0 0.46328125 0.5 0.0875 0.2375
0 0.50703125 0.5125 0.05 0.3
0 0.56796875 0.44765625 0.0953125 0.253125
0 0.63046875 0.51328125 0.0890625 0.403125