0 0.02109375 0.284375 0.0421875 0.203125
0 0.078125 0.51875 0.15625 0.5375
0 0.11484375 0.30546875 0.096875 0.2890625
0 0.190625 0.39921875 0.1 0.3515625
0 0.1609375 0.6078125 0.103125 0.309375
0 0.23984375 0.6515625 0.1125 0.35
0 0.2625 0.475 0.121875 0.5625
0 0.29140625 0.22109375 0.0359375 0.140625
0 0.32421875 0.31875 0.0625 0.19375
0 0.35 0.57578125 0.10625 0.340625
0 0.365625 0.64375 0.0796875 0.2828125
0 0.43671875 0.66953125 0.09375 0.3421875
0 0.5265625 0.684375 0.109375 0.2921875
0 0.62734375 0.721875 0.1078125 0.378125
0 0.7140625 0.68046875 0.103125 0.3375
0 0.7453125 0.73828125 0.15 0.35625
0 0.84453125 0.81171875 0.1921875 0.375
0 0.40078125 0.37890625 0.084375 0.4078125
0 0.4828125 0.43203125 0.0859375 0.3875
0 0.53984375 0.271875 0.075 0.15625
0 0.553125 0.48515625 0.0984375 0.3171875
0 0.6375 0.4234375 0.090625 0.3734375
0 0.690625 0.48359375 0.11875 0.296875
0 0.75234375 0.36875 0.075 0.21875
0 0.8125 0.48671875 0.146875 0.3765625
0 0.91640625 0.575 0.165625 0.3953125
0 0.921875 0.40234375 0.09375 0.1703125
0 0.33671875 0.82734375 0.184375 0.34375
0 0.39140625 0.884375 0.121875 0.228125
0 0.484375 0.8328125 0.171875 0.33125
0 0.06171875 0.2484375 0.0609375 0.11875
0 0.0765625 0.1921875 0.046875 0.1234375
0 0.14609375 0.22109375 0.034375 0.06875
0 0.175 0.22265625 0.028125 0.0578125
0 0.3625 0.33671875 0.0390625 0.2703125
0 0.34609375 0.23125 0.046875 0.128125
0 0.7359375 0.284375 0.059375 0.1453125
0 0.80546875 0.32578125 0.0578125 0.125
0 0.8265625 0.2234375 0.03125 0.1015625
0 0.47578125 0.4359375 0.075 0.3671875
0 0.01875 0.4921875 0.0375 0.38125
0 0.4203125 0.1625 0.0109375 0.0453125