0 0.06640625 0.63984375 0.103125 0.4609375
0 0.1578125 0.63828125 0.09375 0.4234375
0 0.22890625 0.6359375 0.090625 0.3953125
0 0.30390625 0.57734375 0.09375 0.271875
0 0.36640625 0.5921875 0.0515625 0.2671875
0 0.42265625 0.59296875 0.1 0.34375
0 0.46328125 0.5375 0.0625 0.2546875
0 0.5109375 0.5859375 0.0734375 0.3890625
0 0.56640625 0.5734375 0.06875 0.3859375
0 0.596875 0.47265625 0.0703125 0.1359375
0 0.64375 0.65078125 0.0765625 0.4546875
0 0.67734375 0.453125 0.0515625 0.1078125
0 0.7203125 0.49140625 0.1 0.190625
0 0.909375 0.72578125 0.15 0.5453125
0 0.8234375 0.71640625 0.1375 0.484375
0 0.721875 0.690625 0.0703125 0.4484375
0 0.6859375 0.734375 0.096875 0.471875
0 0.59140625 0.690625 0.1140625 0.4890625
0 0.48203125 0.75703125 0.1 0.3265625
0 0.39140625 0.78046875 0.096875 0.2984375
0 0.3 0.7890625 0.109375 0.3125
0 0.02265625 0.534375 0.0453125 0.0890625