0 0.05859375 0.5234375 0.084375 0.4515625
0 0.13515625 0.5125 0.1125 0.4140625
0 0.2265625 0.5296875 0.1078125 0.35625
0 0.31953125 0.51015625 0.090625 0.3765625
0 0.403125 0.525 0.084375 0.365625
0 0.4671875 0.52421875 0.0984375 0.353125
0 0.5546875 0.5203125 0.1015625 0.359375
0 0.61328125 0.5203125 0.0765625 0.3484375
0 0.67265625 0.540625 0.075 0.3125
0 0.73671875 0.546875 0.065625 0.2859375
0 0.77734375 0.52265625 0.075 0.346875
0 0.82890625 0.53671875 0.065625 0.34375
0 0.878125 0.56015625 0.065625 0.328125
0 0.9296875 0.55234375 0.084375 0.3296875