0 0.1359375 0.675 0.06875 0.1328125
0 0.3140625 0.65 0.034375 0.028125
0 0.3375 0.7234375 0.0921875 0.190625
0 0.446875 0.7234375 0.0921875 0.1875
0 0.534375 0.728125 0.10625 0.190625
0 0.57421875 0.68125 0.053125 0.078125
0 0.57421875 0.68359375 0.05625 0.071875
0 0.584375 0.653125 0.01875 0.0125
0 0.6203125 0.69765625 0.075 0.109375
0 0.70625 0.71484375 0.10625 0.184375
0 0.7859375 0.715625 0.096875 0.16875
0 0.228125 0.6765625 0.0484375 0.0859375
0 0.3765625 0.6875 0.021875 0.0859375
0 0.6890625 0.65 0.01875 0.015625
0 0.6 0.540625 0.0390625 0.0328125
0 0.6734375 0.62109375 0.090625 0.04375
0 0.53828125 0.628125 0.0234375 0.0234375