0 0.8515625 0.39765625 0.0203125 0.109375
0 0.76328125 0.35859375 0.046875 0.0890625
0 0.75546875 0.37890625 0.028125 0.0484375
0 0.6484375 0.4796875 0.0640625 0.265625
0 0.6359375 0.40625 0.0359375 0.1140625
0 0.653125 0.384375 0.015625 0.0734375
0 0.5046875 0.40625 0.046875 0.10625
0 0.46953125 0.4203125 0.065625 0.0921875
0 0.38671875 0.421875 0.08125 0.1265625
0 0.384375 0.42578125 0.075 0.11875
0 0.26328125 0.4484375 0.1015625 0.13125
0 0.93984375 0.38125 0.0109375 0.16875
0 0.33359375 0.28359375 0.0546875 0.1359375
0 0.48671875 0.2921875 0.0453125 0.115625
0 0.653125 0.3859375 0.0125 0.0765625
0 0.78046875 0.37578125 0.0171875 0.046875