0 0.175 0.9 0.1703125 0.196875
0 0.428125 0.90546875 0.171875 0.1875
0 0.61875 0.8703125 0.2078125 0.25625
0 0.8 0.90859375 0.2 0.1796875
0 0.12265625 0.76015625 0.2359375 0.4765625
0 0.3265625 0.79140625 0.1890625 0.4140625
0 0.49921875 0.7890625 0.1828125 0.4203125
0 0.6671875 0.80234375 0.16875 0.3859375
0 0.8484375 0.759375 0.2140625 0.478125
0 0.93671875 0.55234375 0.1234375 0.3828125
0 0.71796875 0.6390625 0.21875 0.653125
0 0.5203125 0.50234375 0.2578125 0.5484375
0 0.33671875 0.51640625 0.3328125 0.628125
0 0.1171875 0.5078125 0.2234375 0.3859375
0 0.059375 0.32578125 0.11875 0.4125
0 0.2140625 0.465625 0.1484375 0.653125
0 0.40234375 0.4828125 0.146875 0.565625
0 0.56328125 0.33515625 0.184375 0.2984375
0 0.7203125 0.3890625 0.15625 0.3125
0 0.88515625 0.446875 0.184375 0.5171875
0 0.94375 0.2015625 0.109375 0.3703125
0 0.8015625 0.25 0.1625 0.5
0 0.6296875 0.2046875 0.1609375 0.321875
0 0.3109375 0.1796875 0.13125 0.3203125
0 0.12265625 0.17890625 0.1578125 0.321875
0 0.51796875 0.20546875 0.1671875 0.4109375
0 0.95625 0.87890625 0.084375 0.240625
0 0.43203125 0.1578125 0.0546875 0.315625
0 0.79140625 0.11640625 0.4140625 0.2328125