0 0.1125 0.6 0.134375 0.5796875
0 0.16015625 0.634375 0.115625 0.5984375
0 0.228125 0.6078125 0.0640625 0.525
0 0.2625 0.64921875 0.0953125 0.578125
0 0.3171875 0.39453125 0.0796875 0.1515625
0 0.33046875 0.3453125 0.0390625 0.103125
0 0.36796875 0.3984375 0.0515625 0.190625
0 0.4265625 0.50390625 0.0828125 0.275
0 0.33828125 0.66484375 0.1125 0.590625
0 0.421875 0.67109375 0.096875 0.5515625
0 0.43359375 0.3765625 0.0703125 0.1703125
0 0.50390625 0.66640625 0.0953125 0.6
0 0.484375 0.41328125 0.0640625 0.1609375
0 0.496875 0.353125 0.065625 0.1328125
0 0.55234375 0.6734375 0.1828125 0.596875
0 0.5359375 0.6015625 0.0734375 0.496875
0 0.575 0.3609375 0.065625 0.18125
0 0.6203125 0.6109375 0.0671875 0.5125
0 0.64609375 0.35078125 0.046875 0.1359375
0 0.6796875 0.6125 0.090625 0.525
0 0.71015625 0.35546875 0.05625 0.16875
0 0.74609375 0.60546875 0.1015625 0.5328125
0 0.78984375 0.36171875 0.0625 0.140625
0 0.81015625 0.609375 0.0890625 0.571875
0 0.89921875 0.5796875 0.1515625 0.590625
0 0.934375 0.62265625 0.0953125 0.5328125
0 0.2078125 0.24453125 0.05625 0.171875
0 0.21328125 0.353125 0.075 0.1890625
0 0.2546875 0.27578125 0.0765625 0.1578125
0 0.2625 0.34453125 0.059375 0.159375
0 0.30234375 0.3109375 0.05625 0.115625
0 0.33203125 0.2875 0.04375 0.1015625
0 0.38203125 0.30546875 0.071875 0.171875
0 0.42421875 0.2796875 0.0796875 0.1703125
0 0.4953125 0.31953125 0.0734375 0.1890625
0 0.5375 0.3140625 0.046875 0.1484375
0 0.61171875 0.32421875 0.071875 0.1859375
0 0.68203125 0.296875 0.0609375 0.15
0 0.740625 0.2921875 0.05 0.1171875
0 0.7828125 0.28984375 0.046875 0.1203125