0 0.1 0.528125 0.2 0.73125
0 0.2953125 0.68828125 0.3046875 0.5703125
0 0.5640625 0.68125 0.21875 0.4984375
0 0.73984375 0.659375 0.228125 0.5421875
0 0.903125 0.69765625 0.190625 0.540625
0 0.24296875 0.52734375 0.16875 0.6125
0 0.396875 0.53125 0.1890625 0.6390625
0 0.55390625 0.45390625 0.1859375 0.4796875
0 0.63203125 0.35546875 0.103125 0.309375
0 0.75625 0.3578125 0.1703125 0.3453125
0 0.88203125 0.3453125 0.2109375 0.3765625
0 0.97109375 0.29609375 0.0546875 0.2015625
0 0.934375 0.2265625 0.0515625 0.0671875
0 0.8828125 0.21328125 0.053125 0.075
0 0.18203125 0.2375 0.0703125 0.1234375
0 0.309375 0.225 0.61875 0.0796875