0 0.0359375 0.4125 0.040625 0.2546875
0 0.10546875 0.478125 0.075 0.3453125
0 0.0984375 0.4609375 0.0703125 0.3484375
0 0.13359375 0.4625 0.059375 0.328125
0 0.30546875 0.5296875 0.1046875 0.41875
0 0.303125 0.5109375 0.0625 0.4140625
0 0.3703125 0.484375 0.0765625 0.371875
0 0.3359375 0.49296875 0.0359375 0.378125
0 0.40703125 0.4984375 0.075 0.3578125
0 0.39765625 0.490625 0.065625 0.3421875
0 0.4484375 0.3984375 0.090625 0.209375
0 0.48671875 0.4109375 0.040625 0.1875
0 0.496875 0.3734375 0.0328125 0.1421875
0 0.50703125 0.4078125 0.040625 0.2109375
0 0.5390625 0.44921875 0.10625 0.2625
0 0.5296875 0.66015625 0.109375 0.2796875
0 0.52890625 0.60390625 0.1171875 0.1765625
0 0.6609375 0.54296875 0.1171875 0.45
0 0.6703125 0.52265625 0.0953125 0.39375
0 0.646875 0.47421875 0.05 0.3625
0 0.6171875 0.3984375 0.046875 0.18125
0 0.5359375 0.38984375 0.03125 0.1328125
0 0.565625 0.33984375 0.0359375 0.0765625
0 0.74921875 0.521875 0.0859375 0.4203125
0 0.7984375 0.52421875 0.071875 0.453125
0 0.87421875 0.51796875 0.0828125 0.4140625
0 0.70859375 0.40234375 0.0390625 0.175
0 0.09375 0.28828125 0.0203125 0.025
0 0.41953125 0.3140625 0.0234375 0.0390625
0 0.7859375 0.35234375 0.134375 0.0546875
0 0.68828125 0.3625 0.0265625 0.0421875
0 0.93046875 0.3359375 0.1375 0.103125
0 0.60234375 0.3609375 0.0140625 0.0859375