0 0.215625 0.5296875 0.1140625 0.340625
0 0.32265625 0.61015625 0.2140625 0.6265625
0 0.3828125 0.4109375 0.05 0.1109375
0 0.40859375 0.4375 0.04375 0.1578125
0 0.4359375 0.4296875 0.0375 0.1328125
0 0.4546875 0.4296875 0.0265625 0.1234375
0 0.45703125 0.4265625 0.0296875 0.1125
0 0.4859375 0.425 0.03125 0.10625
0 0.50234375 0.42109375 0.0234375 0.0828125
0 0.50390625 0.41484375 0.0265625 0.09375
0 0.534375 0.409375 0.025 0.0671875
0 0.5421875 0.38984375 0.015625 0.0359375
0 0.553125 0.4046875 0.0125 0.0421875
0 0.56484375 0.39921875 0.01875 0.04375
0 0.571875 0.3875 0.015625 0.0375
0 0.62734375 0.39921875 0.0265625 0.06875
0 0.61015625 0.47578125 0.0828125 0.29375
0 0.87578125 0.42578125 0.0328125 0.1265625
0 0.715625 0.559375 0.19375 0.1984375
0 0.7421875 0.56171875 0.1671875 0.2015625
0 0.73359375 0.59609375 0.15 0.2109375
0 0.734375 0.67421875 0.41875 0.328125
0 0.89140625 0.75390625 0.215625 0.3140625
0 0.21640625 0.259375 0.0921875 0.215625
0 0.4765625 0.3953125 0.0140625 0.0359375
0 0.521875 0.38046875 0.0265625 0.015625
0 0.56796875 0.38046875 0.009375 0.0140625
0 0.859375 0.4390625 0.028125 0.0828125
0 0.68125 0.4390625 0.0828125 0.0859375