0 0.93671875 0.45390625 0.0421875 0.0578125
0 0.98046875 0.45859375 0.0375 0.0578125
0 0.42578125 0.39296875 0.021875 0.0359375
0 0.4421875 0.39609375 0.0203125 0.0328125
0 0.29453125 0.44609375 0.0921875 0.1546875
0 0.3359375 0.40078125 0.0515625 0.0890625
0 0.271875 0.36328125 0.0359375 0.0390625
0 0.28125 0.36953125 0.03125 0.0171875
0 0.18203125 0.40546875 0.08125 0.1078125
0 0.103125 0.36640625 0.0421875 0.0546875
0 0.0765625 0.36328125 0.025 0.0484375
0 0.01171875 0.35546875 0.0234375 0.0578125
0 0.54375 0.4125 0.0265625 0.009375