0 0.0234375 0.76484375 0.046875 0.465625
0 0.0609375 0.42578125 0.121875 0.328125
0 0.13046875 0.665625 0.259375 0.665625
0 0.27890625 0.42734375 0.125 0.3265625
0 0.33515625 0.6640625 0.21875 0.6671875
0 0.51953125 0.615625 0.328125 0.7640625
0 0.51640625 0.3359375 0.221875 0.315625
0 0.753125 0.58984375 0.2234375 0.815625
0 0.76328125 0.6671875 0.21875 0.6609375
0 0.921875 0.58125 0.153125 0.8328125
0 0.88984375 0.48515625 0.046875 0.0734375
0 0.8796875 0.85703125 0.0515625 0.28125
0 0.98046875 0.56796875 0.0328125 0.1015625