0 0.03984375 0.578125 0.0796875 0.3125
0 0.0859375 0.54609375 0.0578125 0.240625
0 0.1015625 0.51328125 0.0453125 0.234375
0 0.13359375 0.53125 0.065625 0.253125
0 0.19609375 0.52734375 0.08125 0.2453125
0 0.25234375 0.50546875 0.05625 0.2265625
0 0.309375 0.5234375 0.0484375 0.2359375
0 0.3265625 0.5421875 0.0859375 0.2546875
0 0.34296875 0.4484375 0.0375 0.1171875
0 0.37109375 0.55625 0.0984375 0.271875
0 0.41328125 0.4640625 0.04375 0.1640625
0 0.45703125 0.42578125 0.034375 0.053125
0 0.4953125 0.5515625 0.0984375 0.28125
0 0.53046875 0.49296875 0.0375 0.09375
0 0.55 0.4484375 0.0203125 0.0375
0 0.525 0.425 0.0203125 0.0625
0 0.546875 0.4171875 0.025 0.0515625
0 0.5640625 0.48125 0.04375 0.109375
0 0.6265625 0.63203125 0.1234375 0.5125
0 0.75078125 0.62578125 0.11875 0.4453125
0 0.8359375 0.60859375 0.1046875 0.378125
0 0.696875 0.40234375 0.028125 0.071875
0 0.74921875 0.415625 0.0390625 0.078125
0 0.78359375 0.434375 0.0328125 0.09375
0 0.8484375 0.428125 0.046875 0.096875
0 0.90859375 0.56328125 0.09375 0.3953125
0 0.9515625 0.45 0.0484375 0.1515625
0 0.9796875 0.44375 0.0390625 0.1421875
0 0.98828125 0.43671875 0.0234375 0.1609375
0 0.5796875 0.425 0.04375 0.06875
0 0.859375 0.39296875 0.2796875 0.075