0 0.57890625 0.66796875 0.325 0.5703125
0 0.7453125 0.5625 0.171875 0.446875
0 0.8484375 0.321875 0.0484375 0.18125
0 0.85546875 0.2390625 0.03125 0.065625
0 0.7140625 0.490625 0.1265625 0.4265625
0 0.6671875 0.4515625 0.1 0.5203125
0 0.6 0.45 0.1125 0.315625
0 0.51640625 0.5328125 0.2 0.48125
0 0.38984375 0.4828125 0.1578125 0.515625
0 0.28828125 0.5796875 0.1109375 0.5140625
0 0.2 0.49921875 0.1109375 0.5703125
0 0.18046875 0.45390625 0.1140625 0.5703125
0 0.3390625 0.40234375 0.140625 0.553125
0 0.30625 0.521875 0.0796875 0.446875
0 0.715625 0.28125 0.034375 0.1234375
0 0.59921875 0.22421875 0.0234375 0.065625
0 0.60078125 0.2703125 0.034375 0.0609375
0 0.42578125 0.24453125 0.0359375 0.1140625
0 0.37734375 0.25546875 0.0390625 0.1390625
0 0.3515625 0.253125 0.0359375 0.146875
0 0.29375 0.21328125 0.0328125 0.08125
0 0.19921875 0.24375 0.0359375 0.15
0 0.0359375 0.25078125 0.0265625 0.1625
0 0.06171875 0.2421875 0.0359375 0.1546875
0 0.090625 0.24609375 0.0296875 0.1234375
0 0.1203125 0.246875 0.028125 0.1296875
0 0.1640625 0.2375 0.0203125 0.0578125
0 0.0078125 0.19296875 0.015625 0.0671875
0 0.2265625 0.22734375 0.034375 0.0375
0 0.9359375 0.1234375 0.025 0.09375
0 0.8640625 0.171875 0.0296875 0.046875
0 0.86015625 0.1921875 0.0203125 0.04375
0 0.79765625 0.19296875 0.0203125 0.0640625
0 0.8203125 0.19453125 0.0234375 0.065625
0 0.8328125 0.19609375 0.0203125 0.0609375
0 0.8359375 0.19453125 0.028125 0.065625
0 0.17734375 0.21328125 0.025 0.046875
0 0.0796875 0.24375 0.028125 0.146875
0 0.159375 0.21875 0.0171875 0.0203125