0 0.0859375 0.671875 0.0203125 0.0296875
0 0.084375 0.675 0.01875 0.028125
0 0.06875 0.6734375 0.0109375 0.0265625
0 0.18359375 0.66640625 0.0109375 0.0328125
0 0.1890625 0.66484375 0.009375 0.028125
0 0.20234375 0.6671875 0.015625 0.0359375
0 0.2859375 0.66640625 0.0421875 0.0921875
0 0.49453125 0.73125 0.234375 0.49375
0 0.7890625 0.63984375 0.0109375 0.015625
0 0.8015625 0.6421875 0.0109375 0.0203125
0 0.30234375 0.65859375 0.1953125 0.0328125
0 0.81484375 0.64609375 0.0984375 0.0328125
0 0.55 0.92890625 0.29375 0.1078125
0 0.18515625 0.375 0.1453125 0.384375
0 0.59296875 0.41015625 0.1125 0.309375
0 0.40078125 0.23359375 0.2234375 0.096875