0 0.5234375 0.59140625 0.228125 0.815625
0 0.75546875 0.5515625 0.1609375 0.8953125
0 0.63515625 0.4875 0.153125 0.6
0 0.440625 0.4421875 0.1078125 0.5109375
0 0.93671875 0.38125 0.084375 0.0765625
0 0.98828125 0.35234375 0.021875 0.14375
0 0.95234375 0.33359375 0.0859375 0.153125
0 0.86796875 0.31953125 0.0796875 0.175
0 0.81015625 0.32890625 0.0515625 0.153125
0 0.7984375 0.5171875 0.0640625 0.646875
0 0.91328125 0.33125 0.0484375 0.159375
0 0.86875 0.24921875 0.06875 0.1234375
0 0.82265625 0.2765625 0.046875 0.0828125
0 0.7109375 0.321875 0.0359375 0.1078125
0 0.70078125 0.21953125 0.05625 0.1828125
0 0.69296875 0.15546875 0.053125 0.1
0 0.74609375 0.1 0.0359375 0.0421875
0 0.603125 0.2265625 0.0453125 0.0765625
0 0.5828125 0.1890625 0.0546875 0.1375
0 0.51328125 0.1765625 0.0421875 0.121875
0 0.46875 0.19140625 0.0359375 0.0796875
0 0.46796875 0.2484375 0.034375 0.0578125
0 0.4265625 0.19765625 0.0609375 0.178125
0 0.36953125 0.446875 0.06875 0.4
0 0.38515625 0.240625 0.0484375 0.109375
0 0.30546875 0.434375 0.1 0.3953125
0 0.346875 0.27109375 0.04375 0.10625
0 0.32890625 0.21484375 0.0546875 0.1515625
0 0.3046875 0.178125 0.04375 0.1328125
0 0.23046875 0.325 0.078125 0.196875
0 0.2671875 0.21875 0.075 0.1703125
0 0.23984375 0.1828125 0.0609375 0.2140625
0 0.17421875 0.28984375 0.1046875 0.1484375
0 0.17421875 0.21875 0.090625 0.140625
0 0.17734375 0.16328125 0.075 0.1015625
0 0.08125 0.2890625 0.090625 0.15
0 0.03046875 0.40625 0.0609375 0.3890625
0 0.04140625 0.1890625 0.078125 0.175
0 0.0796875 0.16328125 0.05 0.1265625
0 0.015625 0.17421875 0.03125 0.2078125