0 0.903125 0.54765625 0.071875 0.2734375
0 0.85390625 0.553125 0.0578125 0.25
0 0.8828125 0.4375 0.0140625 0.040625
0 0.85546875 0.446875 0.025 0.05
0 0.8234375 0.51171875 0.028125 0.1359375
0 0.81015625 0.4796875 0.0140625 0.0640625
0 0.83984375 0.4546875 0.0140625 0.025
0 0.80703125 0.45 0.015625 0.028125
0 0.80078125 0.47265625 0.01875 0.05
0 0.7828125 0.4484375 0.03125 0.065625
0 0.771875 0.5875 0.0890625 0.34375
0 0.73203125 0.5109375 0.034375 0.15625
0 0.7078125 0.515625 0.0234375 0.140625
0 0.7171875 0.44765625 0.021875 0.034375
0 0.6921875 0.46328125 0.0390625 0.071875
0 0.66484375 0.58125 0.0984375 0.3296875
0 0.66328125 0.66875 0.0421875 0.1125
0 0.64375 0.45625 0.0203125 0.0265625
0 0.60703125 0.5265625 0.0578125 0.20625
0 0.63046875 0.4609375 0.01875 0.0359375
0 0.56640625 0.47265625 0.025 0.0625
0 0.5484375 0.61953125 0.0765625 0.3375
0 0.5359375 0.46875 0.021875 0.0734375
0 0.496875 0.4625 0.065625 0.0828125
0 0.46796875 0.4609375 0.0140625 0.065625
0 0.484375 0.60859375 0.075 0.340625
0 0.44375 0.61875 0.090625 0.3765625
0 0.409375 0.60703125 0.0609375 0.3453125
0 0.3765625 0.5828125 0.0359375 0.25
0 0.3578125 0.503125 0.0453125 0.1078125
0 0.3515625 0.62890625 0.040625 0.221875
0 0.31640625 0.49140625 0.0265625 0.065625
0 0.31640625 0.63203125 0.1125 0.30625
0 0.259375 0.5375 0.0328125 0.20625
0 0.21484375 0.56328125 0.0640625 0.2890625
0 0.128125 0.59453125 0.0765625 0.2109375
0 0.5796875 0.5125 0.028125 0.1078125
0 0.96640625 0.49609375 0.0671875 0.1453125
0 0.83984375 0.4375 0.009375 0.015625
0 0.82890625 0.4484375 0.015625 0.0171875
0 0.7484375 0.45234375 0.0203125 0.034375
0 0.71875 0.44140625 0.009375 0.015625
0 0.69765625 0.45 0.0125 0.0265625
0 0.634375 0.440625 0.0125 0.015625
0 0.41796875 0.44375 0.0171875 0.046875
0 0.61640625 0.45390625 0.0125 0.0109375