0 0.07734375 0.6671875 0.1546875 0.475
0 0.10390625 0.54453125 0.175 0.4890625
0 0.234375 0.65703125 0.384375 0.5375
0 0.26328125 0.584375 0.1796875 0.4515625
0 0.41171875 0.54609375 0.1625 0.328125
0 0.3671875 0.51484375 0.1109375 0.346875
0 0.46796875 0.50078125 0.121875 0.3625
0 0.5265625 0.571875 0.071875 0.228125
0 0.60234375 0.58671875 0.21875 0.3984375
0 0.6359375 0.5453125 0.0515625 0.2984375
0 0.684375 0.5453125 0.1171875 0.34375
0 0.77265625 0.61953125 0.1796875 0.5265625
0 0.82265625 0.58125 0.203125 0.5140625
0 0.946875 0.60234375 0.1046875 0.4015625
0 0.9484375 0.4546875 0.0359375 0.0296875