0 0.95078125 0.58046875 0.096875 0.3609375
0 0.86796875 0.58203125 0.1 0.396875
0 0.85625 0.55625 0.14375 0.396875
0 0.35703125 0.51640625 0.025 0.09375
0 0.33828125 0.52109375 0.0328125 0.0921875
0 0.3984375 0.50703125 0.01875 0.0609375
0 0.41484375 0.5 0.0265625 0.059375
0 0.16953125 0.54375 0.0453125 0.1359375
0 0.18671875 0.54453125 0.028125 0.125
0 0.2296875 0.54296875 0.03125 0.1109375
0 0.25859375 0.5265625 0.021875 0.0859375
0 0.28203125 0.49296875 0.0171875 0.0296875
0 0.20703125 0.51875 0.028125 0.1015625
0 0.15625 0.49140625 0.0203125 0.0296875
0 0.0203125 0.49453125 0.0265625 0.025
0 0.040625 0.4921875 0.0234375 0.034375
0 0.0296875 0.48671875 0.0125 0.028125
0 0.0671875 0.55703125 0.03125 0.146875
0 0.0921875 0.49609375 0.021875 0.0265625
0 0.12265625 0.4953125 0.028125 0.0390625
0 0.1375 0.4984375 0.01875 0.034375
0 0.1109375 0.5484375 0.0203125 0.1390625
0 0.91875 0.47578125 0.021875 0.0390625
0 0.75390625 0.503125 0.025 0.084375
0 0.70625 0.50625 0.0125 0.04375
0 0.7265625 0.503125 0.0234375 0.0625
0 0.60390625 0.51328125 0.0203125 0.0875
0 0.5875 0.48515625 0.009375 0.0125
0 0.59921875 0.5015625 0.0125 0.0609375
0 0.65078125 0.4953125 0.0171875 0.0328125
0 0.665625 0.48984375 0.0203125 0.0578125
0 0.625 0.50546875 0.0140625 0.0578125
0 0.6359375 0.49140625 0.0125 0.03125
0 0.4640625 0.4859375 0.01875 0.021875
0 0.45078125 0.52265625 0.015625 0.078125
0 0.440625 0.49765625 0.0125 0.0203125
0 0.73984375 0.50390625 0.0171875 0.0703125
0 0.08359375 0.34375 0.0328125 0.1046875
0 0.53125 0.2859375 0.0421875 0.15
0 0.54140625 0.43046875 0.025 0.059375
0 0.6421875 0.48359375 0.0109375 0.0265625
0 0.5640625 0.48203125 0.0203125 0.015625
0 0.4328125 0.4984375 0.0140625 0.025
0 0.14296875 0.49140625 0.0078125 0.0140625
0 0.18203125 0.47890625 0.0125 0.0140625
0 0.24765625 0.50859375 0.0140625 0.0515625
0 0.22890625 0.48203125 0.0125 0.015625