0 0.946875 0.83828125 0.071875 0.3203125
0 0.9046875 0.80703125 0.065625 0.2484375
0 0.8625 0.8640625 0.0765625 0.26875
0 0.8671875 0.77265625 0.0484375 0.1453125
0 0.80859375 0.85546875 0.0765625 0.2859375
0 0.8328125 0.73046875 0.040625 0.0984375
0 0.7859375 0.76875 0.0546875 0.1875
0 0.73125 0.853125 0.0703125 0.290625
0 0.75 0.7640625 0.034375 0.1421875
0 0.74140625 0.71484375 0.0625 0.0921875
0 0.66953125 0.85546875 0.065625 0.2859375
0 0.63515625 0.853125 0.046875 0.290625
0 0.57421875 0.8421875 0.0609375 0.3125
0 0.528125 0.86953125 0.078125 0.2578125
0 0.48828125 0.8671875 0.046875 0.2625
0 0.403125 0.8546875 0.109375 0.2875
0 0.2890625 0.87890625 0.1078125 0.2390625
0 0.22734375 0.85703125 0.06875 0.2828125
0 0.13125 0.86953125 0.103125 0.2578125
0 0.06171875 0.86171875 0.0703125 0.2734375
0 0.34375 0.86796875 0.0609375 0.2609375
0 0.36875 0.74765625 0.046875 0.1453125
0 0.4171875 0.740625 0.040625 0.1265625
0 0.45390625 0.81953125 0.0453125 0.2890625
0 0.49375 0.74296875 0.0453125 0.09375
0 0.5328125 0.70546875 0.0375 0.10625
0 0.6125 0.78125 0.0234375 0.1484375
0 0.6359375 0.846875 0.0390625 0.3
0 0.60546875 0.68828125 0.0265625 0.078125
0 0.44140625 0.7015625 0.0234375 0.1125
0 0.4765625 0.69375 0.028125 0.075
0 0.5 0.6890625 0.028125 0.0875
0 0.8859375 0.75703125 0.0234375 0.0546875
0 0.38515625 0.7 0.040625 0.046875
0 0.61640625 0.68828125 0.0125 0.0859375
0 0.59765625 0.66015625 0.0109375 0.0234375
0 0.49453125 0.6765625 0.1859375 0.0734375
0 0.16875 0.9453125 0.1546875 0.1078125