0 0.05390625 0.71953125 0.1078125 0.5171875
0 0.09453125 0.74296875 0.1890625 0.4640625
0 0.121875 0.7171875 0.1515625 0.503125
0 0.2328125 0.71328125 0.234375 0.521875
0 0.26953125 0.70625 0.1609375 0.503125
0 0.3796875 0.709375 0.225 0.51875
0 0.45078125 0.73203125 0.2109375 0.484375
0 0.5296875 0.734375 0.21875 0.4921875
0 0.584375 0.73046875 0.1875 0.503125
0 0.65078125 0.7546875 0.2078125 0.4640625
0 0.7296875 0.734375 0.1484375 0.5015625
0 0.7703125 0.72421875 0.265625 0.5390625
0 0.85 0.73203125 0.0953125 0.528125
0 0.90390625 0.721875 0.1890625 0.525
0 0.9515625 0.7328125 0.0953125 0.4859375