0 0.14375 0.79140625 0.2875 0.3859375
0 0.1765625 0.75625 0.2921875 0.4546875
0 0.24765625 0.66015625 0.1078125 0.2796875
0 0.26171875 0.75546875 0.153125 0.4296875
0 0.25234375 0.6546875 0.1078125 0.2703125
0 0.278125 0.59609375 0.0875 0.2140625
0 0.44296875 0.57109375 0.36875 0.8546875
0 0.61015625 0.54375 0.0484375 0.371875
0 0.8796875 0.79140625 0.2375 0.4125
0 0.8125 0.75078125 0.2609375 0.4671875
0 0.86171875 0.5484375 0.1375 0.5359375
0 0.85859375 0.59140625 0.128125 0.4890625
0 0.77421875 0.734375 0.1546875 0.334375
0 0.72890625 0.67421875 0.1734375 0.346875
0 0.7140625 0.6265625 0.190625 0.2953125
0 0.725 0.63203125 0.16875 0.2984375
0 0.72265625 0.53984375 0.0828125 0.1625
0 0.75078125 0.4390625 0.0671875 0.1875
0 0.69140625 0.52265625 0.0671875 0.1453125
0 0.72109375 0.39296875 0.0375 0.125
0 0.684375 0.425 0.04375 0.1328125
0 0.19296875 0.18828125 0.1890625 0.1484375
0 0.50546875 0.2796875 0.1546875 0.3515625
0 0.6171875 0.38984375 0.0609375 0.146875
0 0.965625 0.88984375 0.0671875 0.184375
0 0.7078125 0.4640625 0.0484375 0.075
0 0.6859375 0.46015625 0.109375 0.1953125
0 0.31875 0.49296875 0.0296875 0.071875
0 0.17421875 0.4328125 0.0671875 0.0921875