0 0.56953125 0.59921875 0.1875 0.7984375
0 0.3875 0.675 0.36875 0.646875
0 0.14296875 0.7515625 0.1890625 0.49375
0 0.10390625 0.7046875 0.1609375 0.5890625
0 0.65234375 0.88984375 0.0625 0.2171875
0 0.7640625 0.83828125 0.1046875 0.321875
0 0.7375 0.7625 0.0515625 0.1484375
0 0.68359375 0.8109375 0.0734375 0.209375
0 0.7640625 0.70625 0.03125 0.1109375
0 0.42578125 0.7203125 0.0359375 0.128125
0 0.44609375 0.73359375 0.034375 0.121875
0 0.47578125 0.7546875 0.028125 0.1109375
0 0.46328125 0.6578125 0.0328125 0.1125
0 0.4453125 0.6546875 0.040625 0.1890625
0 0.4234375 0.8015625 0.05625 0.221875
0 0.0234375 0.8015625 0.046875 0.3921875
0 0.25546875 0.66171875 0.0625 0.2390625
0 0.871875 0.69921875 0.25625 0.5984375
0 0.64140625 0.7859375 0.0359375 0.078125