0 0.02578125 0.5640625 0.0515625 0.3796875
0 0.09921875 0.61640625 0.128125 0.5171875
0 0.17265625 0.55703125 0.078125 0.3515625
0 0.24140625 0.621875 0.1234375 0.446875
0 0.3546875 0.63046875 0.1296875 0.5015625
0 0.390625 0.41796875 0.040625 0.1015625
0 0.425 0.6078125 0.084375 0.4078125
0 0.4515625 0.4078125 0.0515625 0.09375
0 0.50078125 0.61796875 0.240625 0.578125
0 0.6109375 0.48984375 0.059375 0.2640625
0 0.6796875 0.63203125 0.1640625 0.5515625
0 0.809375 0.63203125 0.121875 0.5296875
0 0.91328125 0.615625 0.1734375 0.584375
0 0.27890625 0.4484375 0.059375 0.13125
0 0.13359375 0.403125 0.025 0.0546875
0 0.20703125 0.41953125 0.053125 0.1
0 0.290625 0.41484375 0.065625 0.1046875
0 0.34375 0.378125 0.04375 0.03125
0 0.41796875 0.3984375 0.01875 0.03125
0 0.48203125 0.39375 0.0296875 0.0625
0 0.05390625 0.45546875 0.0359375 0.078125
0 0.13984375 0.68671875 0.0203125 0.0546875