0 0.1390625 0.51484375 0.203125 0.5921875
0 0.25546875 0.52265625 0.13125 0.475
0 0.325 0.4890625 0.10625 0.515625
0 0.40390625 0.440625 0.153125 0.3546875
0 0.44765625 0.484375 0.0671875 0.315625
0 0.44375 0.48359375 0.0671875 0.3203125
0 0.49921875 0.5515625 0.1078125 0.48125
0 0.5625 0.5234375 0.0859375 0.496875
0 0.63125 0.5140625 0.159375 0.4890625
0 0.7375 0.48046875 0.15625 0.3140625
0 0.8796875 0.53203125 0.146875 0.6109375
0 0.00390625 0.61484375 0.0078125 0.04375
0 0.01171875 0.6046875 0.0078125 0.0296875
0 0.03671875 0.615625 0.009375 0.0453125
0 0.0734375 0.61484375 0.00625 0.0359375
0 0.0984375 0.6125 0.00625 0.0265625
0 0.13984375 0.60546875 0.00625 0.0296875
0 0.2 0.6078125 0.0046875 0.01875
0 0.78671875 0.6140625 0.0125 0.0640625
0 0.6875 0.6421875 0.0140625 0.0796875
0 0.57109375 0.63515625 0.0078125 0.05
0 0.54609375 0.646875 0.015625 0.0625
0 0.54375 0.6078125 0.00625 0.034375
0 0.54921875 0.60859375 0.00625 0.034375
0 0.21875 0.61875 0.009375 0.046875
0 0.25390625 0.6125 0.0046875 0.015625
0 0.15234375 0.6109375 0.0078125 0.025
0 0.53125 0.615625 0.0078125 0.034375