0 0.80078125 0.8046875 0.184375 0.3875
0 0.85390625 0.73984375 0.1234375 0.5171875
0 0.7484375 0.5828125 0.1140625 0.221875
0 0.6390625 0.64609375 0.1265625 0.3375
0 0.53828125 0.81328125 0.1640625 0.3703125
0 0.52421875 0.59921875 0.1765625 0.540625
0 0.3359375 0.79921875 0.2453125 0.3984375
0 0.2609375 0.64375 0.1203125 0.325
0 0.1421875 0.72109375 0.2265625 0.5546875
0 0.03203125 0.65625 0.0640625 0.225
0 0.0453125 0.49921875 0.090625 0.3140625
0 0.3875 0.58203125 0.1171875 0.3578125
0 0.0703125 0.484375 0.0578125 0.134375
0 0.09453125 0.38984375 0.0765625 0.18125
0 0.1390625 0.415625 0.08125 0.1671875
0 0.20546875 0.47109375 0.0671875 0.20625
0 0.2421875 0.37578125 0.06875 0.1859375
0 0.26328125 0.5109375 0.1140625 0.3078125
0 0.3171875 0.42734375 0.04375 0.125
0 0.35078125 0.5109375 0.10625 0.2921875
0 0.4390625 0.45078125 0.078125 0.2375
0 0.440625 0.378125 0.0515625 0.146875
0 0.45234375 0.403125 0.0296875 0.090625
0 0.5015625 0.41953125 0.06875 0.2296875
0 0.58125 0.46015625 0.0203125 0.11875
0 0.60625 0.39375 0.0734375 0.18125
0 0.6359375 0.37578125 0.04375 0.159375
0 0.678125 0.52890625 0.084375 0.23125
0 0.6796875 0.3515625 0.0515625 0.1359375
0 0.70625 0.38046875 0.0828125 0.140625
0 0.73046875 0.5015625 0.0703125 0.1765625
0 0.76953125 0.4140625 0.05625 0.128125
0 0.82421875 0.46640625 0.075 0.1125
0 0.85546875 0.42578125 0.0625 0.14375
0 0.93046875 0.540625 0.1375 0.3953125
0 0.93671875 0.62421875 0.125 0.2359375
0 0.94609375 0.80234375 0.10625 0.38125
0 0.5 0.84140625 1 0.3140625
0 0.978125 0.48828125 0.0421875 0.403125