0 0.12734375 0.61171875 0.2546875 0.7734375
0 0.153125 0.3484375 0.0640625 0.1828125
0 0.203125 0.653125 0.09375 0.6796875
0 0.246875 0.66171875 0.1078125 0.6765625
0 0.28515625 0.384375 0.0953125 0.15
0 0.41953125 0.690625 0.190625 0.6171875
0 0.35 0.65625 0.1109375 0.6859375
0 0.46484375 0.65390625 0.084375 0.565625
0 0.55859375 0.6015625 0.1171875 0.49375
0 0.56796875 0.69140625 0.13125 0.615625
0 0.68203125 0.6859375 0.1328125 0.609375
0 0.63828125 0.62578125 0.0875 0.5296875
0 0.703125 0.59921875 0.103125 0.503125
0 0.79140625 0.675 0.15 0.6328125
0 0.91171875 0.675 0.153125 0.6484375
0 0.55234375 0.4421875 0.10625 0.1125
0 0.76484375 0.434375 0.021875 0.0625
0 0.4375 0.40078125 0.05625 0.1
0 0.85703125 0.4703125 0.01875 0.0359375
0 0.6546875 0.3609375 0.0359375 0.0359375
0 0.3375 0.4109375 0.0375 0.0859375
0 0.55859375 0.79609375 0.1234375 0.215625
0 0.3421875 0.8625 0.03125 0.078125