0 0.8203125 0.73203125 0.3203125 0.534375
0 0.5078125 0.89296875 0.2140625 0.2109375
0 0.13046875 0.9015625 0.134375 0.1953125
0 0.78359375 0.6671875 0.3328125 0.4953125
0 0.42265625 0.78203125 0.3140625 0.4328125
0 0.54140625 0.6625 0.2765625 0.66875
0 0.20546875 0.60078125 0.2578125 0.7953125
0 0.10234375 0.36875 0.1703125 0.6375
0 0.40703125 0.4265625 0.2484375 0.5953125
0 0.57265625 0.25078125 0.2109375 0.453125
0 0.7171875 0.38671875 0.2515625 0.4734375
0 0.8921875 0.51015625 0.2140625 0.6640625
0 0.11796875 0.17578125 0.2359375 0.3515625
0 0.58828125 0.10234375 0.4390625 0.2046875
0 0.90703125 0.178125 0.184375 0.35625
0 0.96484375 0.83203125 0.0640625 0.3328125