0 0.38359375 0.64375 0.3125 0.3671875
0 0.24765625 0.46328125 0.1796875 0.2453125
0 0.384375 0.36953125 0.084375 0.1109375
0 0.4765625 0.4296875 0.2640625 0.2078125
0 0.59765625 0.4640625 0.109375 0.1453125
0 0.4625 0.3140625 0.04375 0.0609375
0 0.49375 0.33046875 0.0515625 0.10625
0 0.4578125 0.2734375 0.0375 0.04375
0 0.4625 0.25078125 0.0515625 0.05
0 0.48671875 0.25546875 0.0234375 0.05
0 0.55234375 0.2671875 0.075 0.0578125
0 0.62734375 0.265625 0.046875 0.0953125
0 0.634375 0.21953125 0.034375 0.028125
0 0.64921875 0.25546875 0.015625 0.0890625
0 0.78828125 0.39765625 0.2 0.159375
0 0.778125 0.48125 0.3859375 0.30625
0 0.821875 0.5703125 0.353125 0.415625
0 0.79609375 0.6203125 0.4046875 0.5015625
0 0.5203125 0.2390625 0.0203125 0.0265625
0 0.77265625 0.22109375 0.0625 0.0953125