0 0.49765625 0.62265625 0.3484375 0.753125
0 0.72890625 0.4953125 0.2546875 0.7296875
0 0.48359375 0.62734375 0.2640625 0.3453125
0 0.13828125 0.65625 0.2765625 0.684375
0 0.4203125 0.8328125 0.24375 0.3328125
0 0.459375 0.24375 0.246875 0.4875
0 0.596875 0.19296875 0.16875 0.3859375
0 0.68828125 0.871875 0.2625 0.2546875
0 0.878125 0.5515625 0.2390625 0.5828125
0 0.83125 0.790625 0.215625 0.353125
0 0.29609375 0.41328125 0.2328125 0.5421875
0 0.140625 0.434375 0.2546875 0.35
0 0.8546875 0.88828125 0.1375 0.2203125
0 0.9015625 0.27734375 0.1953125 0.4484375
0 0.3171875 0.79765625 0.1875 0.4015625
0 0.184375 0.25390625 0.36875 0.5078125
0 0.84765625 0.1734375 0.303125 0.346875
0 0.94609375 0.8609375 0.1046875 0.275