0 0.34375 0.55390625 0.0234375 0.090625
0 0.32890625 0.55078125 0.0203125 0.053125
0 0.37265625 0.55625 0.028125 0.1390625
0 0.428125 0.58671875 0.0703125 0.2953125
0 0.29296875 0.56640625 0.1234375 0.571875
0 0.25234375 0.5734375 0.034375 0.375
0 0.15703125 0.56328125 0.10625 0.5140625
0 0.08203125 0.56875 0.1390625 0.615625
0 0.58125 0.55390625 0.1671875 0.7609375
0 0.64296875 0.5953125 0.040625 0.20625
0 0.7015625 0.58984375 0.0578125 0.2546875
0 0.7375 0.59296875 0.028125 0.1578125
0 0.75703125 0.58984375 0.04375 0.228125
0 0.671875 0.60234375 0.01875 0.13125
0 0.89296875 0.57421875 0.115625 0.50625
0 0.959375 0.58828125 0.08125 0.31875
0 0.46328125 0.5953125 0.0265625 0.153125
0 0.39140625 0.51015625 0.01875 0.071875
0 0.8546875 0.58828125 0.0453125 0.2515625
0 0.840625 0.590625 0.034375 0.1859375
0 0.78984375 0.58203125 0.028125 0.146875
0 0.73828125 0.5265625 0.0296875 0.0703125
0 0.628125 0.59609375 0.015625 0.1609375
0 0.19375 0.55625 0.01875 0.034375
0 0.23046875 0.5703125 0.01875 0.04375
0 0.39609375 0.52578125 0.034375 0.1546875
0 0.3203125 0.6484375 0.021875 0.140625