0 0.12265625 0.20625 0.08125 0.378125
0 0.225 0.22578125 0.090625 0.390625
0 0.36015625 0.22734375 0.06875 0.390625
0 0.4125 0.240625 0.071875 0.3734375
0 0.56015625 0.27109375 0.0796875 0.3578125
0 0.60859375 0.2921875 0.059375 0.315625
0 0.65546875 0.27890625 0.0703125 0.353125
0 0.73046875 0.30703125 0.059375 0.3140625
0 0.78671875 0.31484375 0.08125 0.3140625
0 0.040625 0.53984375 0.08125 0.2328125
0 0.12265625 0.5390625 0.10625 0.409375
0 0.28046875 0.5203125 0.1265625 0.240625
0 0.44140625 0.503125 0.09375 0.2765625
0 0.80546875 0.57421875 0.13125 0.3453125
0 0.946875 0.52734375 0.1046875 0.178125
0 0.1921875 0.70078125 0.184375 0.5953125
0 0.26953125 0.7234375 0.1234375 0.5515625
0 0.5421875 0.8546875 0.178125 0.2890625
0 0.7234375 0.7609375 0.2140625 0.475
0 0.88515625 0.796875 0.134375 0.403125
0 0.60859375 0.7703125 0.15625 0.45625
0 0.48046875 0.79453125 0.134375 0.4078125
0 0.4578125 0.76484375 0.134375 0.4671875
0 0.32109375 0.78203125 0.1234375 0.4328125
0 0.38515625 0.840625 0.0875 0.315625
0 0.48046875 0.79453125 0.1328125 0.4078125
0 0.54609375 0.64453125 0.05 0.1125
0 0.83828125 0.52421875 0.0703125 0.1625
0 0.95 0.7140625 0.0984375 0.334375
0 0.98046875 0.65625 0.0375 0.1859375
0 0.75859375 0.359375 0.0359375 0.196875
0 0.0375 0.63515625 0.075 0.0796875
0 0.009375 0.5546875 0.01875 0.0875
0 0.66328125 0.64453125 0.065625 0.1