0 0.88359375 0.4765625 0.1 0.45625
0 0.72578125 0.496875 0.0171875 0.0453125
0 0.70234375 0.49453125 0.015625 0.05
0 0.0859375 0.525 0.0671875 0.278125
0 0.2140625 0.51328125 0.253125 0.9703125
0 0.2671875 0.5265625 0.0453125 0.20625
0 0.2875 0.521875 0.0515625 0.221875
0 0.30703125 0.52109375 0.0234375 0.2140625
0 0.34296875 0.515625 0.090625 0.346875
0 0.38984375 0.50703125 0.0484375 0.296875
0 0.484375 0.50234375 0.153125 0.6203125
0 0.571875 0.51953125 0.0453125 0.2453125
0 0.61796875 0.5015625 0.1453125 0.728125