0 0.5578125 0.66640625 0.240625 0.665625
0 0.384375 0.65703125 0.0265625 0.09375
0 0.3546875 0.6546875 0.025 0.096875
0 0.371875 0.64765625 0.0109375 0.0515625
0 0.33515625 0.653125 0.0203125 0.06875
0 0.31875 0.6515625 0.01875 0.0734375
0 0.3078125 0.65078125 0.015625 0.0515625
0 0.28984375 0.64765625 0.01875 0.0578125
0 0.43828125 0.640625 0.0125 0.0421875
0 0.428125 0.64140625 0.0109375 0.0390625
0 0.4234375 0.63828125 0.0109375 0.040625
0 0.4078125 0.63984375 0.009375 0.0265625
0 0.45 0.6390625 0.009375 0.0296875
0 0.44453125 0.63828125 0.00625 0.0296875
0 0.434375 0.62421875 0.0046875 0.00625
0 0.41171875 0.64609375 0.01875 0.0140625
0 0.4078125 0.68828125 0.1 0.0390625
0 0.5 0.14609375 1 0.2015625
0 0.17265625 0.46484375 0.1421875 0.38125
0 0.6546875 0.46953125 0.13125 0.3015625