0 0.01328125 0.44921875 0.0265625 0.3578125
0 0.02265625 0.4078125 0.0328125 0.3296875
0 0.021875 0.2484375 0.01875 0.0671875
0 0.03828125 0.3625 0.034375 0.284375
0 0.03828125 0.66640625 0.0765625 0.4390625
0 0.04453125 0.74453125 0.071875 0.50625
0 0.09375 0.61875 0.0453125 0.325
0 0.10625 0.50625 0.0265625 0.0859375
0 0.134375 0.54296875 0.040625 0.29375
0 0.1125 0.66953125 0.046875 0.2515625
0 0.1203125 0.83828125 0.075 0.3203125
0 0.15078125 0.7796875 0.053125 0.4375
0 0.16015625 0.64765625 0.0375 0.409375
0 0.18046875 0.5921875 0.0296875 0.16875
0 0.178125 0.528125 0.05625 0.1484375
0 0.2078125 0.76484375 0.0609375 0.4671875
0 0.22890625 0.74375 0.046875 0.509375
0 0.27890625 0.71484375 0.0484375 0.4515625
0 0.29296875 0.528125 0.0453125 0.253125
0 0.29921875 0.796875 0.0640625 0.2609375
0 0.2890625 0.890625 0.0859375 0.215625
0 0.32109375 0.54609375 0.0390625 0.209375
0 0.3171875 0.6609375 0.0421875 0.234375
0 0.35546875 0.6796875 0.0484375 0.296875
0 0.36015625 0.553125 0.0296875 0.1125
0 0.38515625 0.625 0.0390625 0.2375
0 0.3875 0.765625 0.0515625 0.25625
0 0.3546875 0.8625 0.075 0.2
0 0.4125 0.890625 0.053125 0.2109375
0 0.409375 0.96640625 0.0359375 0.0640625
0 0.4171875 0.65546875 0.0328125 0.2890625
0 0.43125 0.70859375 0.028125 0.3671875
0 0.4515625 0.71875 0.05625 0.346875
0 0.46328125 0.85703125 0.0578125 0.2828125
0 0.48203125 0.6828125 0.046875 0.390625
0 0.51171875 0.75859375 0.0625 0.478125
0 0.5328125 0.57578125 0.03125 0.15
0 0.5390625 0.8390625 0.0765625 0.3171875
0 0.55703125 0.64609375 0.0421875 0.1765625
0 0.56484375 0.5671875 0.025 0.1625
0 0.58671875 0.528125 0.03125 0.1375
0 0.5890625 0.74296875 0.0484375 0.33125
0 0.5953125 0.89375 0.065625 0.209375
0 0.61015625 0.60078125 0.046875 0.1890625
0 0.625 0.54765625 0.0171875 0.1234375
0 0.64296875 0.64140625 0.03125 0.340625
0 0.6296875 0.778125 0.05 0.3234375
0 0.6578125 0.90078125 0.0984375 0.1953125
0 0.66953125 0.56796875 0.03125 0.134375
0 0.68046875 0.74140625 0.0625 0.3984375
0 0.72109375 0.628125 0.059375 0.35625
0 0.72890625 0.83671875 0.05 0.2234375
0 0.73359375 0.90546875 0.0578125 0.1859375
0 0.76875 0.715625 0.0546875 0.565625
0 0.784375 0.63515625 0.028125 0.35625
0 0.8046875 0.71953125 0.040625 0.5203125
0 0.83671875 0.62734375 0.0828125 0.3296875
0 0.8390625 0.809375 0.0734375 0.378125
0 0.86640625 0.65234375 0.0484375 0.609375
0 0.44296875 0.38515625 0.7703125 0.434375