0 0.14140625 0.565625 0.1984375 0.5703125
0 0.24375 0.5125 0.1140625 0.5578125
0 0.3109375 0.55625 0.203125 0.603125
0 0.48203125 0.5734375 0.16875 0.471875
0 0.53046875 0.51796875 0.1375 0.5046875
0 0.625 0.5328125 0.165625 0.4703125
0 0.65 0.52265625 0.1296875 0.4453125
0 0.78515625 0.51953125 0.1625 0.4609375
0 0.39921875 0.3625 0.0359375 0.1
0 0.41953125 0.36484375 0.025 0.0921875
0 0.46015625 0.3625 0.0265625 0.09375
0 0.4765625 0.3375 0.015625 0.03125
0 0.1984375 0.31484375 0.0140625 0.0203125
0 0.959375 0.33515625 0.0796875 0.0265625
0 0.98984375 0.4125 0.0203125 0.11875
0 0.4578125 0.32734375 0.021875 0.0265625
0 0.70546875 0.33203125 0.0234375 0.0140625