0 0.64609375 0.8265625 0.271875 0.3421875
0 0.3203125 0.7609375 0.2578125 0.4734375
0 0.1640625 0.73125 0.128125 0.2984375
0 0.3671875 0.81875 0.0546875 0.0953125
0 0.528125 0.78125 0.146875 0.434375
0 0.70234375 0.753125 0.228125 0.2796875
0 0.67890625 0.571875 0.0671875 0.11875
0 0.47890625 0.62890625 0.090625 0.253125
0 0.42265625 0.56796875 0.1015625 0.153125
0 0.5578125 0.61640625 0.0828125 0.2109375
0 0.02421875 0.8203125 0.0484375 0.1296875
0 0.478125 0.48984375 0.0296875 0.05625
0 0.434375 0.5203125 0.025 0.0703125
0 0.4609375 0.5265625 0.0359375 0.0578125
0 0.3671875 0.57421875 0.0359375 0.0640625
0 0.5203125 0.49921875 0.046875 0.0609375
0 0.55234375 0.50234375 0.021875 0.03125
0 0.484375 0.5 0.025 0.03125
0 0.45234375 0.49765625 0.0328125 0.040625
0 0.6140625 0.55234375 0.028125 0.0375
0 0.74921875 0.684375 0.0484375 0.053125
0 0.7234375 0.6296875 0.04375 0.0546875
0 0.375 0.728125 0.0640625 0.05625