0 0.0375 0.709375 0.075 0.3375
0 0.09296875 0.725 0.10625 0.3546875
0 0.18359375 0.70703125 0.1171875 0.378125
0 0.25078125 0.73515625 0.0921875 0.3578125
0 0.33125 0.74296875 0.0984375 0.3640625
0 0.4234375 0.74453125 0.09375 0.365625
0 0.475 0.771875 0.10625 0.34375
0 0.55 0.7375 0.0703125 0.4109375
0 0.62109375 0.77578125 0.153125 0.3984375
0 0.77421875 0.78671875 0.11875 0.4140625
0 0.8734375 0.8 0.159375 0.390625
0 0.053125 0.52265625 0.0734375 0.16875
0 0.0234375 0.4828125 0.046875 0.1890625
0 0.02734375 0.43046875 0.046875 0.115625
0 0.090625 0.4453125 0.04375 0.1375
0 0.115625 0.5375 0.0796875 0.2578125
0 0.16796875 0.5171875 0.103125 0.2390625
0 0.19609375 0.43515625 0.0734375 0.1390625
0 0.22890625 0.509375 0.053125 0.1875
0 0.23671875 0.43984375 0.0640625 0.1375
0 0.26953125 0.5203125 0.0828125 0.259375
0 0.32890625 0.53828125 0.103125 0.2453125
0 0.3359375 0.4296875 0.059375 0.1234375
0 0.37421875 0.45703125 0.0671875 0.1375
0 0.41015625 0.5453125 0.0953125 0.2375
0 0.44453125 0.45078125 0.0546875 0.125
0 0.478125 0.5375 0.0734375 0.2625
0 0.5375 0.5546875 0.0875 0.2828125
0 0.5515625 0.428125 0.0609375 0.1390625
0 0.60390625 0.55 0.096875 0.2546875
0 0.64296875 0.44765625 0.075 0.2140625
0 0.684375 0.409375 0.040625 0.1
0 0.7109375 0.6078125 0.115625 0.4984375
0 0.8 0.575 0.1046875 0.3046875
0 0.846875 0.48203125 0.09375 0.278125
0 0.92265625 0.659375 0.090625 0.609375
0 0.9640625 0.6796875 0.06875 0.6375