0 0.08515625 0.62578125 0.0203125 0.0703125
0 0.12109375 0.63359375 0.0171875 0.053125
0 0.25625 0.61484375 0.021875 0.0640625
0 0.73125 0.57890625 0.0046875 0.0265625
0 0.73828125 0.58203125 0.0078125 0.0265625
0 0.47109375 0.73671875 0.0984375 0.3328125
0 0.615625 0.671875 0.0546875 0.2
0 0.70625 0.665625 0.0390625 0.159375
0 0.75078125 0.6421875 0.015625 0.0390625
0 0.7625 0.6328125 0.0125 0.0203125
0 0.77578125 0.73125 0.06875 0.271875
0 0.82109375 0.703125 0.05 0.1328125
0 0.825 0.6546875 0.0234375 0.0546875
0 0.83828125 0.63671875 0.028125 0.0859375
0 0.85703125 0.6765625 0.025 0.08125
0 0.87421875 0.7921875 0.0625 0.28125
0 0.8984375 0.67578125 0.0234375 0.0703125
0 0.92109375 0.6828125 0.03125 0.16875
0 0.92109375 0.69375 0.0484375 0.0921875
0 0.97421875 0.77578125 0.05 0.25
0 0.37734375 0.58125 0.0203125 0.0515625
0 0.75546875 0.63671875 0.0046875 0.015625
0 0.79375 0.62890625 0.0125 0.05625
0 0.7875 0.83671875 0.0734375 0.0609375