0 0.01953125 0.47421875 0.0171875 0.090625
0 0.01640625 0.46640625 0.0203125 0.1046875
0 0.04609375 0.45625 0.03125 0.109375
0 0.0703125 0.45625 0.0265625 0.109375
0 0.0859375 0.45546875 0.0265625 0.09375
0 0.1125 0.428125 0.0234375 0.05625
0 0.13359375 0.42265625 0.0203125 0.0640625
0 0.14765625 0.453125 0.0203125 0.103125
0 0.14609375 0.40546875 0.0171875 0.0359375
0 0.1625 0.41015625 0.0203125 0.0546875
0 0.16953125 0.44921875 0.025 0.1078125
0 0.184375 0.44296875 0.025 0.09375
0 0.2140625 0.44921875 0.028125 0.1015625
0 0.22578125 0.43828125 0.0203125 0.0953125
0 0.2953125 0.4359375 0.0234375 0.09375
0 0.32265625 0.384375 0.0203125 0.0390625
0 0.325 0.4328125 0.0265625 0.090625
0 0.3109375 0.4328125 0.0296875 0.046875
0 0.32109375 0.4453125 0.0171875 0.0734375
0 0.3671875 0.4203125 0.0203125 0.075
0 0.44375 0.440625 0.0171875 0.084375
0 0.43359375 0.4515625 0.0125 0.0609375
0 0.46171875 0.446875 0.0125 0.0734375
0 0.47734375 0.42890625 0.0234375 0.0890625
0 0.48515625 0.41640625 0.015625 0.0859375
0 0.49296875 0.41171875 0.0203125 0.0921875
0 0.50234375 0.41015625 0.0140625 0.0796875
0 0.62109375 0.440625 0.028125 0.08125
0 0.64296875 0.440625 0.0234375 0.09375
0 0.65234375 0.43203125 0.0171875 0.0890625
0 0.67734375 0.43828125 0.0171875 0.0640625
0 0.03515625 0.6984375 0.046875 0.1921875
0 0.05546875 0.68515625 0.04375 0.196875
0 0.17734375 0.54921875 0.0359375 0.1359375
0 0.2 0.5203125 0.025 0.128125
0 0.21015625 0.53359375 0.025 0.1140625
0 0.2359375 0.52578125 0.0328125 0.1171875
0 0.23515625 0.5546875 0.0234375 0.128125
0 0.25859375 0.55546875 0.0328125 0.1296875
0 0.27109375 0.521875 0.0265625 0.1140625
0 0.3078125 0.50546875 0.0265625 0.121875
0 0.334375 0.496875 0.025 0.071875
0 0.3578125 0.4921875 0.0171875 0.090625
0 0.37578125 0.48203125 0.0234375 0.0640625
0 0.36953125 0.5078125 0.0171875 0.0375
0 0.39140625 0.53671875 0.034375 0.1015625
0 0.41484375 0.48359375 0.021875 0.0703125
0 0.4328125 0.53046875 0.0328125 0.1234375
0 0.20234375 0.7171875 0.053125 0.215625
0 0.184375 0.71015625 0.0359375 0.20625
0 0.21796875 0.62265625 0.0296875 0.05625
0 0.2390625 0.65234375 0.0359375 0.125
0 0.24921875 0.60390625 0.034375 0.04375
0 0.27578125 0.68515625 0.0359375 0.18125
0 0.24609375 0.721875 0.046875 0.1953125
0 0.31171875 0.7125 0.053125 0.20625
0 0.32890625 0.621875 0.0203125 0.0515625
0 0.35234375 0.71640625 0.040625 0.2
0 0.3515625 0.63046875 0.03125 0.059375
0 0.3828125 0.7140625 0.053125 0.2625
0 0.42109375 0.6875 0.05 0.2484375
0 0.45234375 0.721875 0.0546875 0.2546875
0 0.47265625 0.61953125 0.0359375 0.071875
0 0.4890625 0.7109375 0.059375 0.265625
0 0.5265625 0.71484375 0.0515625 0.2625
0 0.6578125 0.70234375 0.0984375 0.28125
0 0.10546875 0.44765625 0.0078125 0.021875
0 0.196875 0.4125 0.015625 0.028125
0 0.28671875 0.41796875 0.009375 0.0578125
0 0.4109375 0.384375 0.05 0.0390625
0 0.46640625 0.38203125 0.015625 0.028125
0 0.44921875 0.3921875 0.01875 0.0234375
0 0.4640625 0.40234375 0.0109375 0.0140625
0 0.57734375 0.4203125 0.0515625 0.05625
0 0.6609375 0.409375 0.0140625 0.025
0 0.684375 0.434375 0.0046875 0.025
0 0.765625 0.41953125 0.0921875 0.0515625
0 0.34453125 0.48359375 0.009375 0.0234375
0 0.3609375 0.475 0.0140625 0.0234375
0 0.5359375 0.52265625 0.103125 0.05
0 0.2109375 0.6265625 0.0140625 0.0234375
0 0.21953125 0.73671875 0.0109375 0.109375