0 0.13515625 0.30546875 0.0625 0.234375
0 0.05546875 0.34140625 0.0484375 0.1578125
0 0.10859375 0.50625 0.1140625 0.3046875
0 0.296875 0.52734375 0.11875 0.353125
0 0.27890625 0.396875 0.0875 0.1546875
0 0.40703125 0.46171875 0.0859375 0.3546875
0 0.38828125 0.30859375 0.0390625 0.196875
0 0.421875 0.3015625 0.034375 0.09375
0 0.459375 0.4515625 0.0875 0.2875
0 0.52421875 0.42890625 0.078125 0.2265625
0 0.56640625 0.5796875 0.128125 0.3984375
0 0.59921875 0.33515625 0.0296875 0.1875
0 0.63984375 0.3296875 0.04375 0.215625
0 0.675 0.334375 0.0390625 0.20625
0 0.62421875 0.434375 0.059375 0.171875
0 0.6828125 0.52578125 0.1140625 0.3109375
0 0.6984375 0.3640625 0.05 0.1453125
0 0.753125 0.46015625 0.0625 0.271875
0 0.7828125 0.35390625 0.05 0.1421875
0 0.903125 0.35390625 0.1921875 0.165625
0 0.57890625 0.31796875 0.090625 0.196875