0 0.86328125 0.7046875 0.1734375 0.5296875
0 0.70078125 0.721875 0.1578125 0.553125
0 0.56328125 0.7703125 0.1125 0.4578125
0 0.4546875 0.69765625 0.1140625 0.6015625
0 0.640625 0.72421875 0.078125 0.4921875
0 0.37890625 0.70390625 0.1046875 0.5203125
0 0.15546875 0.70625 0.2703125 0.5328125
0 0.25546875 0.71484375 0.1 0.48125
0 0.28515625 0.72578125 0.084375 0.453125
0 0.146875 0.703125 0.1484375 0.5171875
0 0.0328125 0.64921875 0.065625 0.4515625
0 0.559375 0.52421875 0.0953125 0.2265625
0 0.78046875 0.71484375 0.0859375 0.4671875
0 0.35390625 0.72890625 0.0890625 0.4640625
0 0.6484375 0.5390625 0.084375 0.090625
0 0.62734375 0.77734375 0.0578125 0.3796875
0 0.70546875 0.9375 0.0375 0.0578125
0 0.884375 0.87578125 0.0484375 0.175