0 0.053125 0.825 0.10625 0.35
0 0.16484375 0.86015625 0.0640625 0.278125
0 0.15078125 0.853125 0.0328125 0.29375
0 0.2171875 0.8671875 0.125 0.265625
0 0.309375 0.834375 0.128125 0.328125
0 0.36328125 0.875 0.0578125 0.25
0 0.42734375 0.83359375 0.084375 0.33125
0 0.4578125 0.76640625 0.03125 0.0390625
0 0.51640625 0.86875 0.075 0.234375
0 0.5171875 0.96171875 0.1296875 0.075
0 0.60078125 0.8703125 0.078125 0.2578125
0 0.56875 0.83984375 0.04375 0.190625
0 0.64140625 0.8640625 0.0234375 0.1546875
0 0.68671875 0.8484375 0.0734375 0.15625
0 0.54375 0.81328125 0.0234375 0.0984375
0 0.01015625 0.71953125 0.01875 0.075
0 0.7890625 0.81328125 0.1578125 0.103125
0 0.6234375 0.7859375 0.0203125 0.0375
0 0.55859375 0.7890625 0.009375 0.03125
0 0.49296875 0.7875 0.025 0.065625
0 0.52890625 0.7765625 0.00625 0.034375
0 0.3953125 0.7375 0.04375 0.0234375
0 0.27890625 0.759375 0.0328125 0.04375
0 0.38828125 0.57265625 0.1 0.190625
0 0.053125 0.52578125 0.0484375 0.0703125
0 0.84140625 0.534375 0.034375 0.065625
0 0.3859375 0.78359375 0.0109375 0.071875
0 0.39921875 0.7578125 0.0171875 0.0203125
0 0.34140625 0.77578125 0.0125 0.0171875
0 0.24296875 0.7484375 0.015625 0.05625
0 0.2265625 0.73046875 0.0171875 0.021875