0 0.19296875 0.68671875 0.053125 0.1640625
0 0.28359375 0.67421875 0.05 0.15625
0 0.328125 0.675 0.0484375 0.15
0 0.3671875 0.69765625 0.034375 0.096875
0 0.415625 0.66953125 0.04375 0.1578125
0 0.4328125 0.6328125 0.0234375 0.0828125
0 0.45546875 0.61015625 0.0109375 0.0359375
0 0.471875 0.6359375 0.025 0.075
0 0.48125 0.6265625 0.015625 0.0640625
0 0.490625 0.62421875 0.0203125 0.059375
0 0.5296875 0.74765625 0.065625 0.321875
0 0.603125 0.76953125 0.1265625 0.36875
0 0.7390625 0.6265625 0.034375 0.053125
0 0.7625 0.63125 0.03125 0.059375
0 0.7734375 0.61171875 0.01875 0.040625
0 0.79375 0.6703125 0.0375 0.14375
0 0.8 0.60859375 0.015625 0.04375
0 0.9765625 0.72734375 0.04375 0.2515625
0 0.51796875 0.603125 0.0109375 0.0375
0 0.50625 0.61953125 0.015625 0.046875
0 0.39140625 0.6421875 0.0140625 0.0515625
0 0.725 0.61953125 0.015625 0.04375
0 0.0625 0.85546875 0.125 0.2875
0 0.7453125 0.60703125 0.034375 0.040625
0 0.7171875 0.6265625 0.0109375 0.0328125
0 0.6875 0.62421875 0.0484375 0.0828125
0 0.64921875 0.6046875 0.0296875 0.03125
0 0.6140625 0.60234375 0.028125 0.028125
0 0.5703125 0.62109375 0.0328125 0.071875
0 0.5453125 0.6203125 0.01875 0.071875
0 0.5046875 0.6 0.0203125 0.0234375
0 0.4703125 0.603125 0.021875 0.028125
0 0.4515625 0.61484375 0.0125 0.021875
0 0.415625 0.6 0.0625 0.025
0 0.4203125 0.61640625 0.0109375 0.0109375
0 0.3875 0.61484375 0.009375 0.0078125
0 0.271875 0.60703125 0.0328125 0.115625
0 0.084375 0.63671875 0.16875 0.1203125