0 0.02734375 0.8375 0.0546875 0.321875
0 0.04453125 0.78125 0.0765625 0.3609375
0 0.01015625 0.56953125 0.0203125 0.1203125
0 0.046875 0.56328125 0.0328125 0.1125
0 0.0859375 0.5625 0.034375 0.0734375
0 0.0796875 0.52734375 0.0328125 0.0859375
0 0.0953125 0.5140625 0.021875 0.053125
0 0.1296875 0.5078125 0.0421875 0.121875
0 0.15859375 0.51640625 0.0453125 0.1203125
0 0.17109375 0.52109375 0.021875 0.071875
0 0.19765625 0.53359375 0.021875 0.071875
0 0.1 0.6734375 0.0453125 0.2421875
0 0.1296875 0.73359375 0.084375 0.3328125
0 0.16640625 0.75 0.04375 0.3578125
0 0.1859375 0.8015625 0.0734375 0.39375
0 0.2296875 0.6828125 0.025 0.2015625
0 0.2234375 0.52421875 0.0265625 0.05625
0 0.2453125 0.55 0.0234375 0.0734375
0 0.27265625 0.490625 0.0296875 0.0484375
0 0.25390625 0.62578125 0.0453125 0.153125
0 0.30078125 0.78359375 0.08125 0.2703125
0 0.31328125 0.546875 0.021875 0.0921875
0 0.31953125 0.5109375 0.021875 0.078125
0 0.3484375 0.49921875 0.0234375 0.0828125
0 0.39765625 0.7125 0.0515625 0.1578125
0 0.47109375 0.8390625 0.1078125 0.31875
0 0.53828125 0.82734375 0.0828125 0.3421875
0 0.39375 0.4921875 0.0234375 0.059375
0 0.415625 0.49609375 0.0265625 0.075
0 0.4859375 0.48359375 0.021875 0.0703125
0 0.5265625 0.5 0.028125 0.0765625
0 0.54296875 0.69375 0.0921875 0.184375
0 0.63671875 0.7984375 0.078125 0.4
0 0.60859375 0.79921875 0.0453125 0.3421875
0 0.58671875 0.61640625 0.0390625 0.21875
0 0.615625 0.44765625 0.028125 0.075
0 0.64453125 0.4640625 0.0203125 0.11875
0 0.66640625 0.46171875 0.025 0.1140625
0 0.68828125 0.43515625 0.0171875 0.0671875
0 0.6921875 0.478125 0.0265625 0.0734375
0 0.7140625 0.49921875 0.0265625 0.1015625
0 0.70546875 0.4578125 0.028125 0.109375
0 0.725 0.4515625 0.0234375 0.1015625
0 0.74765625 0.4421875 0.0203125 0.0875
0 0.76953125 0.4546875 0.025 0.11875
0 0.7796875 0.4765625 0.034375 0.0875
0 0.79296875 0.41875 0.025 0.0734375
0 0.85859375 0.4890625 0.028125 0.075
0 0.91640625 0.4078125 0.0390625 0.09375
0 0.875 0.56953125 0.0421875 0.10625
0 0.68359375 0.75234375 0.05 0.3296875
0 0.715625 0.81796875 0.075 0.3609375
0 0.7890625 0.80859375 0.084375 0.3796875
0 0.75234375 0.77265625 0.059375 0.3796875
0 0.82578125 0.7625 0.0453125 0.3578125
0 0.87265625 0.80546875 0.0953125 0.3875
0 0.89765625 0.68359375 0.05625 0.20625
0 0.953125 0.77890625 0.0921875 0.4390625
0 0.56796875 0.73828125 0.04375 0.209375
0 0.58046875 0.72109375 0.0421875 0.2828125
0 0.43203125 0.78515625 0.0625 0.2140625
0 0.3671875 0.853125 0.209375 0.290625
0 0.28203125 0.70390625 0.053125 0.16875
0 0.2609375 0.68515625 0.0546875 0.19375
0 0.36328125 0.6484375 0.05 0.1265625
0 0.3390625 0.6640625 0.0296875 0.109375
0 0.31171875 0.6171875 0.03125 0.0640625
0 0.20625 0.6109375 0.0203125 0.0984375
0 0.21796875 0.62265625 0.025 0.1375
0 0.9671875 0.5375 0.0640625 0.2515625
0 0.86953125 0.5140625 0.134375 0.2109375
0 0.646875 0.565625 0.3109375 0.1390625
0 0.73984375 0.4703125 0.0359375 0.0515625
0 0.5640625 0.46640625 0.1421875 0.0625
0 0.44296875 0.56953125 0.0984375 0.2453125
0 0.37265625 0.50703125 0.0453125 0.075
0 0.34921875 0.44140625 0.0328125 0.05625
0 0.3109375 0.50625 0.0796875 0.075
0 0.2296875 0.50859375 0.0703125 0.0703125
0 0.17421875 0.52109375 0.0421875 0.096875
0 0.05703125 0.5171875 0.1140625 0.078125
0 0.02265625 0.65078125 0.0453125 0.1171875
0 0.04453125 0.57421875 0.0890625 0.040625
0 0.0640625 0.6328125 0.0296875 0.0796875
0 0.51171875 0.70078125 0.040625 0.1359375
0 0.66484375 0.65703125 0.0296875 0.046875
0 0.73515625 0.66875 0.0328125 0.0703125
0 0.984375 0.8203125 0.0296875 0.3125
0 0.91796875 0.6765625 0.034375 0.1171875
0 0.75703125 0.89296875 0.0203125 0.05625
0 0.32578125 0.60859375 0.1390625 0.1328125
0 0.23046875 0.56953125 0.0203125 0.034375
0 0.14140625 0.59375 0.021875 0.078125