0 0.5453125 0.88125 0.0515625 0.146875
0 0.6046875 0.88984375 0.0578125 0.1453125
0 0.64375 0.89609375 0.0546875 0.1125
0 0.7 0.9359375 0.0484375 0.059375
0 0.7125 0.8109375 0.0609375 0.159375
0 0.7078125 0.81171875 0.04375 0.146875
0 0.66875 0.76171875 0.046875 0.159375
0 0.6453125 0.77578125 0.03125 0.1328125
0 0.621875 0.7640625 0.046875 0.128125
0 0.6125 0.7328125 0.0375 0.1375
0 0.571875 0.7296875 0.040625 0.153125
0 0.5125 0.77734375 0.0390625 0.19375
0 0.48671875 0.7546875 0.034375 0.146875
0 0.5234375 0.74765625 0.0390625 0.16875
0 0.5328125 0.7328125 0.028125 0.1140625
0 0.5171875 0.665625 0.040625 0.090625
0 0.478125 0.68671875 0.046875 0.1296875
0 0.45234375 0.671875 0.0359375 0.1328125
0 0.4296875 0.6578125 0.0296875 0.1140625
0 0.3875 0.66796875 0.0390625 0.0625
0 0.36171875 0.6578125 0.028125 0.0484375
0 0.41484375 0.646875 0.03125 0.125
0 0.37265625 0.6125 0.0421875 0.0765625
0 0.35078125 0.58828125 0.0234375 0.0546875
0 0.4390625 0.45546875 0.0234375 0.0546875
0 0.44140625 0.4703125 0.0234375 0.0390625
0 0.67890625 0.3203125 0.015625 0.0625
0 0.69140625 0.3171875 0.028125 0.0453125
0 0.7734375 0.31875 0.025 0.0375
0 0.7984375 0.328125 0.0234375 0.0734375
0 0.825 0.33671875 0.025 0.04375
0 0.72578125 0.3140625 0.015625 0.0359375
0 0.7421875 0.31796875 0.0140625 0.0296875
0 0.75390625 0.98125 0.0375 0.0359375
0 0.653125 0.75859375 0.0265625 0.1078125
0 0.36328125 0.63203125 0.0515625 0.0609375
0 0.25 0.41953125 0.0640625 0.0296875
0 0.49921875 0.32890625 0.0359375 0.053125
0 0.82890625 0.31171875 0.025 0.0296875
0 0.73828125 0.315625 0.0609375 0.0359375