0 0.80625 0.5359375 0.1140625 0.925
0 0.6109375 0.503125 0.1359375 0.990625
0 0.6484375 0.50234375 0.065625 0.9921875
0 0.54453125 0.52734375 0.0875 0.8984375
0 0.32109375 0.540625 0.096875 0.6109375
0 0.36796875 0.5421875 0.0609375 0.56875
0 0.39140625 0.575 0.0625 0.8421875
0 0.43828125 0.51875 0.1140625 0.9578125
0 0.4859375 0.5421875 0.090625 0.8203125
0 0.49765625 0.50625 0.034375 0.6328125
0 0.22265625 0.65078125 0.021875 0.178125
0 0.53515625 0.54296875 0.053125 0.575
0 0.65859375 0.615625 0.0421875 0.540625
0 0.58515625 0.85078125 0.0234375 0.165625
0 0.4421875 0.82109375 0.015625 0.1140625