0 0.23125 0.709375 0.0640625 0.284375
0 0.2828125 0.7125 0.053125 0.2578125
0 0.30546875 0.6984375 0.03125 0.209375
0 0.3265625 0.7140625 0.05 0.25
0 0.3546875 0.7125 0.04375 0.2296875
0 0.3734375 0.63359375 0.0203125 0.046875
0 0.39375 0.70859375 0.0375 0.2140625
0 0.41328125 0.6265625 0.01875 0.021875
0 0.428125 0.709375 0.0484375 0.2171875
0 0.4453125 0.70625 0.021875 0.175
0 0.459375 0.6296875 0.015625 0.025
0 0.46796875 0.70703125 0.046875 0.209375
0 0.490625 0.71015625 0.0171875 0.1953125
0 0.5125 0.7 0.04375 0.2359375
0 0.53984375 0.70703125 0.0234375 0.196875
0 0.5578125 0.7078125 0.05 0.221875
0 0.5828125 0.6953125 0.03125 0.196875
0 0.60625 0.709375 0.0390625 0.20625
0 0.6140625 0.69296875 0.04375 0.2046875
0 0.65 0.69609375 0.046875 0.20625
0 0.665625 0.70703125 0.05 0.209375
0 0.68671875 0.6953125 0.040625 0.209375
0 0.7203125 0.7046875 0.0484375 0.1953125
0 0.7515625 0.70703125 0.05625 0.209375
0 0.7890625 0.70546875 0.0515625 0.209375
0 0.80703125 0.70390625 0.05625 0.2109375
0 0.0484375 0.6953125 0.096875 0.046875
0 0.14921875 0.69140625 0.0125 0.025