0 0.01953125 0.94375 0.0390625 0.1109375
0 0.05234375 0.95625 0.021875 0.0859375
0 0.0625 0.95625 0.01875 0.08125
0 0.0703125 0.96328125 0.0234375 0.071875
0 0.09140625 0.94921875 0.034375 0.1
0 0.11875 0.95 0.03125 0.0984375
0 0.1390625 0.94609375 0.0359375 0.10625
0 0.16171875 0.93984375 0.040625 0.11875
0 0.18671875 0.94765625 0.0296875 0.103125
0 0.215625 0.92734375 0.034375 0.0734375
0 0.2203125 0.9640625 0.0484375 0.0703125
0 0.2515625 0.93671875 0.021875 0.0796875
0 0.240625 0.92734375 0.0140625 0.0609375
0 0.27265625 0.9421875 0.046875 0.1140625
0 0.34140625 0.92109375 0.025 0.084375
0 0.353125 0.91328125 0.0171875 0.0671875
0 0.334375 0.96640625 0.0390625 0.065625
0 0.39375 0.95625 0.0375 0.0859375
0 0.41796875 0.959375 0.034375 0.0796875
0 0.4390625 0.9609375 0.034375 0.0765625
0 0.440625 0.94453125 0.0328125 0.0671875
0 0.453125 0.92109375 0.025 0.1
0 0.440625 0.89375 0.0140625 0.04375
0 0.4921875 0.959375 0.0390625 0.0796875
0 0.51171875 0.93515625 0.0265625 0.1140625
0 0.54609375 0.93984375 0.0359375 0.11875
0 0.56640625 0.92265625 0.025 0.109375
0 0.58671875 0.93125 0.0328125 0.1359375
0 0.6 0.9078125 0.015625 0.0671875
0 0.61484375 0.9375 0.053125 0.1234375
0 0.63203125 0.9390625 0.0265625 0.1140625
0 0.65234375 0.93203125 0.0359375 0.134375
0 0.68203125 0.93671875 0.0609375 0.125
0 0.73515625 0.934375 0.075 0.1296875
0 0.74375 0.8953125 0.015625 0.0296875
0 0.79296875 0.92734375 0.0703125 0.14375
0 0.83203125 0.934375 0.0484375 0.1296875
0 0.859375 0.92578125 0.0578125 0.146875
0 0.93984375 0.91328125 0.11875 0.171875
0 0.01484375 0.6625 0.0296875 0.0875
0 0.03359375 0.7140625 0.05 0.1609375
0 0.3203125 0.9203125 0.01875 0.06875
0 0.4859375 0.909375 0.0203125 0.0640625
0 0.4703125 0.9125 0.01875 0.0609375
0 0.53203125 0.903125 0.015625 0.0546875
0 0.70625 0.903125 0.0171875 0.0453125
0 0.33359375 0.88671875 0.0078125 0.0109375
0 0.33828125 0.9125 0.015625 0.065625
0 0.5 0.91015625 0.0140625 0.0609375
0 0.07734375 0.47421875 0.053125 0.1109375
0 0.48984375 0.82734375 0.2 0.078125
0 0.30390625 0.9640625 0.0328125 0.0609375
0 0.2046875 0.94765625 0.0125 0.0296875
0 0.85234375 0.565625 0.1578125 0.19375
0 0.7578125 0.77265625 0.046875 0.0984375
0 0.37265625 0.69375 0.0359375 0.0578125
0 0.0078125 0.94453125 0.015625 0.0515625
0 0.140625 0.9171875 0.1640625 0.025
0 0.234375 0.9140625 0.015625 0.0203125
0 0.303125 0.9078125 0.0390625 0.05
0 0.375 0.91640625 0.025 0.0359375
0 0.478125 0.8875 0.1796875 0.0453125
0 0.609375 0.88515625 0.0515625 0.034375
0 0.75078125 0.88828125 0.0421875 0.040625
0 0.6765625 0.89296875 0.04375 0.034375
0 0.56171875 0.9328125 0.0125 0.046875
0 0.04609375 0.92578125 0.009375 0.015625
0 0.0828125 0.940625 0.009375 0.0234375