0 0.38671875 0.7046875 0.0703125 0.240625
0 0.45 0.696875 0.065625 0.259375
0 0.5046875 0.7125 0.06875 0.24375
0 0.53046875 0.68203125 0.0359375 0.2140625
0 0.503125 0.60078125 0.028125 0.059375
0 0.58828125 0.690625 0.0625 0.228125
0 0.571875 0.68125 0.034375 0.2046875
0 0.62578125 0.69140625 0.04375 0.203125
0 0.70703125 0.690625 0.0546875 0.1890625
0 0.7609375 0.68671875 0.0515625 0.0984375
0 0.78515625 0.6625 0.028125 0.053125
0 0.80625 0.675 0.0328125 0.08125
0 0.821875 0.6671875 0.053125 0.0734375
0 0.83203125 0.6921875 0.053125 0.075
0 0.8953125 0.678125 0.040625 0.0625
0 0.94375 0.74765625 0.078125 0.1734375
0 0.95625 0.8203125 0.0859375 0.1375
0 0.62734375 0.63359375 0.0234375 0.096875
0 0.64765625 0.63515625 0.0234375 0.0875
0 0.63515625 0.596875 0.0125 0.0328125
0 0.659375 0.62890625 0.0203125 0.0875
0 0.68359375 0.60859375 0.021875 0.04375
0 0.69375 0.60859375 0.0109375 0.04375
0 0.7203125 0.61796875 0.0203125 0.0671875
0 0.87421875 0.6703125 0.0140625 0.0265625
0 0.79921875 0.65 0.0109375 0.0265625
0 0.553125 0.63125 0.0359375 0.0890625
0 0.6703125 0.62421875 0.0171875 0.065625
0 0.27734375 0.628125 0.115625 0.1125
0 0.4515625 0.8125 0.1703125 0.0359375
0 0.60234375 0.78203125 0.084375 0.028125