0 0.10234375 0.8203125 0.2046875 0.3578125
0 0.0671875 0.33359375 0.0609375 0.1734375
0 0.14140625 0.37109375 0.065625 0.1953125
0 0.21640625 0.3375 0.0359375 0.0875
0 0.2484375 0.3609375 0.053125 0.184375
0 0.478125 0.375 0.0515625 0.1609375
0 0.59140625 0.74765625 0.321875 0.503125
0 0.3875 0.70390625 0.134375 0.4375
0 0.246875 0.59375 0.1625 0.3
0 0.153125 0.5359375 0.0796875 0.2671875
0 0.11015625 0.46875 0.0578125 0.1625
0 0.203125 0.4234375 0.046875 0.125
0 0.2359375 0.440625 0.06875 0.146875
0 0.31640625 0.50625 0.103125 0.2359375
0 0.471875 0.540625 0.096875 0.2234375
0 0.596875 0.58203125 0.0875 0.334375
0 0.7421875 0.6859375 0.2390625 0.4765625
0 0.9203125 0.6796875 0.1578125 0.415625
0 0.92265625 0.50234375 0.084375 0.1875
0 0.8203125 0.478125 0.0796875 0.1671875
0 0.76015625 0.49375 0.0578125 0.1921875
0 0.66171875 0.44921875 0.0640625 0.14375
0 0.5359375 0.4546875 0.075 0.1609375
0 0.49453125 0.4234375 0.065625 0.0953125
0 0.4328125 0.4515625 0.0796875 0.14375
0 0.371875 0.4421875 0.0625 0.146875
0 0.40859375 0.3921875 0.0421875 0.084375
0 0.303125 0.41484375 0.059375 0.1171875
0 0.62734375 0.5078125 0.059375 0.1453125
0 0.71484375 0.52265625 0.1328125 0.240625
0 0.8484375 0.5609375 0.140625 0.2046875
0 0.5796875 0.38984375 0.0546875 0.0875
0 0.78046875 0.4171875 0.059375 0.109375
0 0.85234375 0.4265625 0.065625 0.115625
0 0.0109375 0.384375 0.021875 0.190625
0 0.21015625 0.8859375 0.1 0.1171875
0 0.0328125 0.6109375 0.065625 0.19375
0 0.06171875 0.4421875 0.0921875 0.1421875
0 0.1921875 0.38671875 0.0296875 0.0640625
0 0.34609375 0.44765625 0.0375 0.0828125
0 0.42734375 0.37109375 0.0125 0.025
0 0.4921875 0.32109375 0.028125 0.0828125