0 0.03671875 0.66328125 0.0734375 0.34375
0 0.078125 0.69765625 0.065625 0.3625
0 0.13203125 0.71953125 0.0921875 0.4375
0 0.196875 0.7234375 0.0984375 0.4734375
0 0.2375 0.7515625 0.1109375 0.43125
0 0.29375 0.75390625 0.090625 0.4484375
0 0.36796875 0.74765625 0.096875 0.49375
0 0.4390625 0.75546875 0.103125 0.4890625
0 0.509375 0.74921875 0.0765625 0.5
0 0.55859375 0.75546875 0.075 0.4890625
0 0.63515625 0.7140625 0.1 0.5703125
0 0.7140625 0.7453125 0.1140625 0.5078125
0 0.85 0.7375 0.153125 0.5234375
0 0.92890625 0.66484375 0.11875 0.603125
0 0.825 0.52265625 0.11875 0.34375
0 0.7265625 0.509375 0.1046875 0.234375
0 0.66875 0.46015625 0.0796875 0.1890625
0 0.58125 0.49921875 0.0625 0.2015625
0 0.52578125 0.50390625 0.075 0.2265625
0 0.4578125 0.51328125 0.08125 0.23125
0 0.409375 0.51640625 0.059375 0.21875
0 0.3609375 0.51171875 0.0796875 0.1640625
0 0.30234375 0.50859375 0.0953125 0.2
0 0.2328125 0.490625 0.075 0.11875
0 0.18359375 0.48984375 0.08125 0.1609375
0 0.12890625 0.50078125 0.0703125 0.1484375
0 0.18125 0.534375 0.028125 0.04375