0 0.15 0.6796875 0.0703125 0.1875
0 0.2125 0.66796875 0.0640625 0.190625
0 0.2640625 0.66484375 0.0640625 0.2109375
0 0.31640625 0.66875 0.0640625 0.1953125
0 0.3671875 0.646875 0.06875 0.1640625
0 0.40546875 0.640625 0.05625 0.209375
0 0.4515625 0.65546875 0.0578125 0.1953125
0 0.490625 0.65234375 0.0484375 0.1890625
0 0.53046875 0.65234375 0.0515625 0.1953125
0 0.5734375 0.659375 0.059375 0.175
0 0.62578125 0.6546875 0.071875 0.190625
0 0.67890625 0.659375 0.0546875 0.1796875
0 0.71796875 0.66875 0.0515625 0.18125
0 0.76328125 0.66875 0.078125 0.21875
0 0.8328125 0.67265625 0.1078125 0.2390625
0 0.90859375 0.625 0.0703125 0.3171875
0 0.9 0.60859375 0.075 0.2765625
0 0.86640625 0.60234375 0.059375 0.309375
0 0.81875 0.5890625 0.071875 0.2953125
0 0.778125 0.52734375 0.0484375 0.1609375
0 0.7515625 0.5375 0.0359375 0.1796875
0 0.72578125 0.5390625 0.0328125 0.1609375
0 0.6890625 0.52265625 0.05625 0.1484375
0 0.671875 0.4828125 0.0328125 0.0640625
0 0.64453125 0.5609375 0.0515625 0.190625
0 0.62578125 0.503125 0.040625 0.115625
0 0.596875 0.5828125 0.05 0.23125
0 0.57734375 0.490625 0.0203125 0.05625
0 0.559375 0.53046875 0.04375 0.1546875
0 0.53046875 0.53828125 0.05625 0.1421875
0 0.50703125 0.49296875 0.021875 0.0640625
0 0.48125 0.53359375 0.053125 0.1515625
0 0.45625 0.49296875 0.025 0.06875
0 0.43359375 0.525 0.053125 0.13125
0 0.39609375 0.525 0.034375 0.1125
0 0.3953125 0.48984375 0.04375 0.075
0 0.3625 0.5234375 0.0390625 0.0984375
0 0.35625 0.4875 0.0453125 0.0703125
0 0.32734375 0.528125 0.0484375 0.13125
0 0.33984375 0.58203125 0.0328125 0.0875
0 0.28984375 0.58359375 0.0390625 0.115625
0 0.3015625 0.496875 0.03125 0.071875
0 0.28046875 0.5265625 0.0390625 0.1015625
0 0.2640625 0.484375 0.0234375 0.046875
0 0.24609375 0.54453125 0.0640625 0.1703125
0 0.22265625 0.4875 0.03125 0.0625
0 0.21328125 0.4890625 0.0234375 0.0703125
0 0.19140625 0.57734375 0.05625 0.2484375
0 0.1765625 0.48125 0.0234375 0.0546875
0 0.15859375 0.49296875 0.0328125 0.0921875
0 0.1359375 0.61953125 0.0640625 0.3078125
0 0.11640625 0.48515625 0.0203125 0.0546875
0 0.09296875 0.60625 0.0546875 0.2984375
0 0.059375 0.60234375 0.053125 0.2921875
0 0.46953125 0.4828125 0.015625 0.0296875
0 0.4171875 0.48046875 0.021875 0.0390625
0 0.371875 0.4703125 0.021875 0.0265625
0 0.315625 0.48046875 0.0171875 0.040625