0 0.0640625 0.95 0.0953125 0.0953125
0 0.1703125 0.9734375 0.04375 0.0484375
0 0.21328125 0.975 0.0390625 0.046875
0 0.2375 0.971875 0.0328125 0.053125
0 0.31015625 0.93984375 0.06875 0.1171875
0 0.36015625 0.92890625 0.0375 0.1390625
0 0.3875 0.88984375 0.0203125 0.05625
0 0.40546875 0.896875 0.0234375 0.0625
0 0.425 0.90859375 0.025 0.1015625
0 0.43671875 0.90859375 0.021875 0.09375
0 0.46953125 0.915625 0.0359375 0.13125
0 0.5046875 0.896875 0.0234375 0.0828125
0 0.53359375 0.91953125 0.0296875 0.1109375
0 0.52421875 0.88359375 0.0234375 0.0625
0 0.56953125 0.91796875 0.04375 0.140625
0 0.60546875 0.90625 0.0296875 0.1171875
0 0.63125 0.89921875 0.028125 0.1046875
0 0.68046875 0.9078125 0.0296875 0.1109375
0 0.73046875 0.90625 0.05 0.1328125
0 0.72890625 0.90859375 0.05 0.125
0 0.82734375 0.91328125 0.04375 0.1390625
0 0.83984375 0.89921875 0.03125 0.1359375
0 0.8875 0.89921875 0.0375 0.140625
0 0.8671875 0.89921875 0.0234375 0.125
0 0.9171875 0.91171875 0.0375 0.1234375
0 0.928125 0.88359375 0.0296875 0.0828125
0 0.95546875 0.89375 0.034375 0.1234375
0 0.9875 0.92109375 0.021875 0.1546875
0 0.9859375 0.88515625 0.0265625 0.0984375
0 0.07109375 0.896875 0.0265625 0.0859375
0 0.090625 0.90234375 0.028125 0.078125
0 0.10703125 0.89921875 0.040625 0.0859375
0 0.1484375 0.9234375 0.046875 0.15
0 0.24140625 0.925 0.0609375 0.1078125
0 0.19765625 0.959375 0.0296875 0.078125
0 0.1703125 0.94921875 0.040625 0.078125
0 0.19140625 0.9359375 0.0375 0.125
0 0.140625 0.86953125 0.01875 0.0234375
0 0.37890625 0.54765625 0.06875 0.0359375
0 0.47734375 0.55703125 0.0515625 0.028125
0 0.4828125 0.66953125 0.040625 0.028125
0 0.79765625 0.88984375 0.05 0.13125
0 0.871875 0.84765625 0.09375 0.0296875
0 0.97109375 0.8859375 0.01875 0.0921875
0 0.24296875 0.88125 0.1921875 0.0625
0 0.4484375 0.86484375 0.1890625 0.0453125
0 0.5796875 0.8625 0.075 0.0328125
0 0.65234375 0.89296875 0.025 0.1125
0 0.68359375 0.87421875 0.015625 0.0328125
0 0.7375 0.90390625 0.0328125 0.1265625