0 0.7578125 0.62109375 0.28125 0.575
0 0.484375 0.61796875 0.2125 0.590625
0 0.375 0.53125 0.221875 0.51875
0 0.39609375 0.33515625 0.1453125 0.259375
0 0.47890625 0.29375 0.1125 0.2578125
0 0.53125 0.26015625 0.06875 0.18125
0 0.58515625 0.3375 0.0859375 0.2953125
0 0.3671875 0.20234375 0.0453125 0.1578125
0 0.41484375 0.16875 0.0390625 0.0796875
0 0.7015625 0.1890625 0.0265625 0.1265625
0 0.84921875 0.24140625 0.06875 0.2625
0 0.89140625 0.21953125 0.05 0.2078125
0 0.91953125 0.03046875 0.0265625 0.0453125
0 0.88671875 0.0921875 0.03125 0.05625
0 0.89140625 0.0671875 0.0484375 0.109375
0 0.9578125 0.2171875 0.078125 0.221875
0 0.89453125 0.2828125 0.05 0.090625
0 0.8 0.22421875 0.0703125 0.1578125