0 0.034375 0.7265625 0.0390625 0.1046875
0 0.05546875 0.72890625 0.053125 0.1171875
0 0.0953125 0.6421875 0.103125 0.309375
0 0.18203125 0.6265625 0.1375 0.353125
0 0.221875 0.6640625 0.115625 0.2640625
0 0.26484375 0.73671875 0.0296875 0.0890625
0 0.290625 0.7390625 0.040625 0.0828125
0 0.33671875 0.63984375 0.109375 0.3296875
0 0.45078125 0.590625 0.2015625 0.4421875
0 0.3921875 0.7359375 0.0296875 0.1
0 0.484375 0.73515625 0.040625 0.0921875
0 0.55390625 0.740625 0.03125 0.0796875
0 0.6 0.69453125 0.0125 0.0109375
0 0.63515625 0.72265625 0.0671875 0.140625
0 0.68671875 0.67578125 0.1140625 0.24375
0 0.8203125 0.71171875 0.08125 0.159375
0 0.87578125 0.584375 0.2453125 0.4671875
0 0.98046875 0.6984375 0.0359375 0.0578125
0 0.97421875 0.7078125 0.0484375 0.0421875
0 0.84375 0.68671875 0.0203125 0.05625
0 0.78515625 0.709375 0.0125 0.009375
0 0.4890625 0.33125 0.578125 0.175
0 0.81328125 0.05546875 0.1734375 0.096875
0 0.9125 0.271875 0.08125 0.0640625
0 0.98828125 0.4953125 0.0203125 0.025