0 0.03515625 0.503125 0.040625 0.178125
0 0.18515625 0.41953125 0.0828125 0.1
0 0.1671875 0.5796875 0.0875 0.375
0 0.22734375 0.59375 0.08125 0.3796875
0 0.275 0.42578125 0.0609375 0.11875
0 0.32265625 0.4421875 0.0671875 0.1484375
0 0.3640625 0.39921875 0.0390625 0.1125
0 0.521875 0.3796875 0.125 0.11875
0 0.65234375 0.546875 0.06875 0.425
0 0.81875 0.5921875 0.1203125 0.4796875
0 0.7078125 0.5734375 0.109375 0.4640625
0 0.6203125 0.58203125 0.121875 0.4515625
0 0.52578125 0.58203125 0.0984375 0.4515625
0 0.44296875 0.64765625 0.1046875 0.4
0 0.35078125 0.63828125 0.1171875 0.40625
0 0.2734375 0.61875 0.1109375 0.3859375
0 0.45078125 0.3359375 0.2828125 0.378125