0 0.87890625 0.653125 0.240625 0.6921875
0 0.6515625 0.67265625 0.153125 0.6140625
0 0.56875 0.61875 0.08125 0.5
0 0.55625 0.6234375 0.1015625 0.3734375
0 0.40703125 0.65078125 0.1421875 0.5
0 0.0390625 0.684375 0.078125 0.628125
0 0.0453125 0.6734375 0.090625 0.65
0 0.14453125 0.6265625 0.1328125 0.7359375
0 0.77734375 0.55703125 0.09375 0.3375
0 0.18515625 0.6484375 0.125 0.6046875
0 0.50703125 0.5296875 0.028125 0.2734375
0 0.81953125 0.53125 0.140625 0.3703125
0 0.12890625 0.403125 0.2578125 0.2
0 0.371875 0.40859375 0.178125 0.1640625
0 0.51171875 0.40234375 0.0515625 0.06875
0 0.7140625 0.4203125 0.1296875 0.0359375
0 0.56484375 0.40546875 0.01875 0.0453125
0 0.8171875 0.4046875 0.05625 0.0765625
0 0.978125 0.396875 0.040625 0.121875