0 0.07265625 0.2765625 0.1453125 0.378125
0 0.19140625 0.521875 0.2640625 0.95625
0 0.26953125 0.27578125 0.1015625 0.165625
0 0.43203125 0.553125 0.353125 0.89375
0 0.6796875 0.59140625 0.328125 0.815625
0 0.78828125 0.50078125 0.253125 0.78125
0 0.81171875 0.446875 0.28125 0.884375
0 0.9171875 0.4859375 0.1640625 0.73125
0 0.5703125 0.32265625 0.15 0.390625
0 0.41484375 0.2625 0.2921875 0.48125
0 0.68359375 0.29375 0.0921875 0.234375
0 0.91015625 0.2796875 0.175 0.2234375
0 0.07109375 0.209375 0.1421875 0.41875