0 0.08984375 0.51484375 0.1703125 0.965625
0 0.184375 0.43046875 0.115625 0.6625
0 0.528125 0.521875 0.1890625 0.9265625
0 0.6359375 0.51328125 0.0953125 0.9703125
0 0.71328125 0.49921875 0.19375 0.9984375
0 0.81171875 0.225 0.1046875 0.265625
0 0.8890625 0.49921875 0.2203125 0.9984375
0 0.346875 0.509375 0.396875 0.9765625
0 0.02421875 0.6046875 0.0484375 0.675
0 0.12578125 0.2109375 0.0390625 0.1
0 0.959375 0.159375 0.075 0.240625
0 0.3359375 0.0796875 0.0828125 0.159375
0 0.45703125 0.259375 0.05 0.165625