0 0.1 0.64140625 0.0625 0.2171875
0 0.140625 0.64765625 0.090625 0.1921875
0 0.17734375 0.64453125 0.05625 0.1859375
0 0.2078125 0.64140625 0.065625 0.1796875
0 0.23671875 0.625 0.05 0.15
0 0.25234375 0.62109375 0.0375 0.1375
0 0.315625 0.63125 0.04375 0.2859375
0 0.409375 0.66640625 0.0828125 0.196875
0 0.4546875 0.65390625 0.0515625 0.184375
0 0.48203125 0.62890625 0.034375 0.215625
0 0.5234375 0.66328125 0.0359375 0.2015625
0 0.53125 0.6046875 0.046875 0.159375
0 0.55625 0.6640625 0.0421875 0.146875
0 0.575 0.65859375 0.015625 0.1125
0 0.58046875 0.63125 0.021875 0.175
0 0.59375 0.6171875 0.025 0.1890625
0 0.61484375 0.61640625 0.0359375 0.171875
0 0.6546875 0.62734375 0.040625 0.153125
0 0.67890625 0.60859375 0.0203125 0.13125
0 0.7015625 0.621875 0.021875 0.11875
0 0.19765625 0.57109375 0.009375 0.034375
0 0.6875 0.615625 0.015625 0.1
0 0.37890625 0.590625 0.0328125 0.0734375
0 0.50703125 0.5921875 0.015625 0.0296875
0 0.6015625 0.5609375 0.0125 0.028125
0 0.6453125 0.56484375 0.0625 0.059375
0 0.65234375 0.6390625 0.053125 0.090625
0 0.7 0.64609375 0.015625 0.046875