0 0.0984375 0.6328125 0.1625 0.7328125
0 0.1796875 0.61328125 0.08125 0.6328125
0 0.25078125 0.640625 0.153125 0.6921875
0 0.28828125 0.61484375 0.0625 0.6328125
0 0.365625 0.653125 0.134375 0.6640625
0 0.3515625 0.40625 0.1015625 0.271875
0 0.43515625 0.6109375 0.109375 0.621875
0 0.5109375 0.61015625 0.153125 0.6453125
0 0.5953125 0.6375 0.1375 0.6890625
0 0.5640625 0.571875 0.0625 0.63125
0 0.6796875 0.6296875 0.1 0.65625
0 0.7046875 0.33359375 0.065625 0.1421875
0 0.75625 0.61796875 0.115625 0.6765625
0 0.7796875 0.33984375 0.0359375 0.1109375
0 0.82890625 0.625 0.1265625 0.6296875
0 0.90234375 0.58984375 0.1453125 0.65625