0 0.60625 0.603125 0.1015625 0.475
0 0.52109375 0.62109375 0.090625 0.4421875
0 0.57265625 0.4421875 0.0234375 0.0671875
0 0.5453125 0.5171875 0.0359375 0.1859375
0 0.4625 0.571875 0.0578125 0.3046875
0 0.4734375 0.4265625 0.053125 0.0859375
0 0.39765625 0.575 0.0765625 0.3484375
0 0.28203125 0.571875 0.0875 0.3671875
0 0.2703125 0.4265625 0.0234375 0.059375
0 0.33359375 0.5078125 0.0484375 0.2265625
0 0.3734375 0.49140625 0.0375 0.15625
0 0.62734375 0.42421875 0.0140625 0.0484375
0 0.41953125 0.528125 0.021875 0.221875