0 0.57734375 0.80546875 0.0203125 0.05
0 0.56015625 0.821875 0.01875 0.075
0 0.92265625 0.79375 0.0171875 0.053125
0 0.91953125 0.7875 0.021875 0.0703125
0 0.86875 0.79296875 0.01875 0.0484375
0 0.859375 0.79140625 0.01875 0.053125
0 0.84765625 0.784375 0.015625 0.028125
0 0.80078125 0.7859375 0.015625 0.03125
0 0.775 0.79609375 0.0125 0.0484375
0 0.765625 0.809375 0.0171875 0.065625
0 0.75546875 0.80703125 0.015625 0.0625
0 0.74296875 0.80625 0.015625 0.059375
0 0.734375 0.80390625 0.01875 0.0453125
0 0.76171875 0.80078125 0.0109375 0.0640625
0 0.72578125 0.796875 0.0125 0.046875
0 0.71640625 0.790625 0.0125 0.0375
0 0.65 0.78125 0.0203125 0.0234375
0 0.60234375 0.7875 0.0125 0.025
0 0.61328125 0.7875 0.0125 0.0203125
0 0.5453125 0.81875 0.01875 0.0984375
0 0.5390625 0.825 0.0203125 0.0953125
0 0.52734375 0.8265625 0.021875 0.1
0 0.4984375 0.8296875 0.0359375 0.1015625
0 0.48515625 0.82421875 0.01875 0.103125
0 0.46015625 0.8203125 0.0234375 0.0875
0 0.4421875 0.82734375 0.0265625 0.09375
0 0.4125 0.825 0.040625 0.1078125
0 0.4 0.82265625 0.0375 0.0984375
0 0.390625 0.8265625 0.0234375 0.0890625
0 0.36953125 0.83125 0.0234375 0.0984375
0 0.346875 0.790625 0.015625 0.040625
0 0.33984375 0.81015625 0.025 0.053125
0 0.30625 0.7859375 0.015625 0.0234375
0 0.26171875 0.815625 0.0203125 0.0796875
0 0.29296875 0.790625 0.0140625 0.0203125
0 0.24375 0.79375 0.0203125 0.0421875
0 0.2328125 0.8 0.015625 0.0453125
0 0.21875 0.83125 0.0203125 0.0984375
0 0.20390625 0.82578125 0.0171875 0.09375
0 0.19140625 0.803125 0.015625 0.040625
0 0.1734375 0.80234375 0.025 0.0515625
0 0.15234375 0.8078125 0.0203125 0.046875
0 0.07421875 0.80546875 0.025 0.040625
0 0.684375 0.809375 0.0171875 0.075
0 0.6734375 0.784375 0.015625 0.0265625
0 0.63359375 0.7890625 0.0125 0.015625
0 0.62421875 0.8046875 0.0140625 0.0484375
0 0.56796875 0.790625 0.0109375 0.01875
0 0.4734375 0.81875 0.015625 0.0796875
0 0.45703125 0.821875 0.021875 0.075
0 0.40234375 0.82265625 0.0296875 0.0953125
0 0.428125 0.82734375 0.0171875 0.090625
0 0.78125 0.8015625 0.015625 0.0640625
0 0.80234375 0.1921875 0.096875 0.2
0 0.725 0.48046875 0.0890625 0.228125
0 0.61796875 0.52421875 0.059375 0.1234375
0 0.40546875 0.6296875 0.0671875 0.0703125
0 0.32890625 0.63515625 0.046875 0.1203125
0 0.2765625 0.659375 0.0328125 0.20625
0 0.5625 0.63515625 0.2328125 0.09375
0 0.40859375 0.71328125 0.2265625 0.0609375
0 0.15234375 0.51484375 0.0390625 0.090625
0 0.73515625 0.69921875 0.0546875 0.01875
0 0.81328125 0.54296875 0.0796875 0.040625
0 0.7875 0.44375 0.03125 0.0421875
0 0.6078125 0.78671875 0.0046875 0.0171875
0 0.63203125 0.77578125 0.0078125 0.009375
0 0.9078125 0.7703125 0.00625 0.0125
0 0.840625 0.7828125 0.0109375 0.021875