0 0.1828125 0.4171875 0.1546875 0.4046875
0 0.28359375 0.371875 0.146875 0.4140625
0 0.38359375 0.3078125 0.065625 0.1171875
0 0.38359375 0.59453125 0.1375 0.6625
0 0.48984375 0.5875 0.103125 0.603125
0 0.490625 0.30234375 0.1125 0.2015625
0 0.56171875 0.5796875 0.1140625 0.6359375
0 0.6578125 0.5875 0.15 0.7125
0 0.78046875 0.6109375 0.1484375 0.7484375
0 0.82734375 0.5171875 0.0828125 0.571875
0 0.89453125 0.609375 0.2046875 0.778125
0 0.971875 0.4484375 0.0546875 0.4484375
0 0.35390625 0.09296875 0.0671875 0.121875
0 0.7921875 0.20546875 0.0359375 0.065625