0 0.76015625 0.75625 0.11875 0.484375
0 0.671875 0.6359375 0.05625 0.3140625
0 0.64609375 0.74453125 0.09375 0.4703125
0 0.53671875 0.74765625 0.109375 0.496875
0 0.4296875 0.76328125 0.096875 0.4078125
0 0.3984375 0.55234375 0.053125 0.134375
0 0.37265625 0.71796875 0.078125 0.425
0 0.34609375 0.7703125 0.10625 0.4578125
0 0.278125 0.675 0.115625 0.378125
0 0.28984375 0.54765625 0.040625 0.1171875
0 0.25546875 0.6 0.0640625 0.3109375
0 0.19921875 0.7203125 0.134375 0.4765625
0 0.20234375 0.52421875 0.034375 0.078125
0 0.1140625 0.709375 0.128125 0.4328125