0 0.04375 0.8390625 0.0875 0.3203125
0 0.1578125 0.82265625 0.153125 0.3515625
0 0.0890625 0.71484375 0.0453125 0.1328125
0 0.1734375 0.82421875 0.06875 0.3484375
0 0.234375 0.8 0.0328125 0.1984375
0 0.20390625 0.6921875 0.0296875 0.0546875
0 0.2703125 0.82109375 0.0796875 0.3546875
0 0.3234375 0.8390625 0.040625 0.3203125
0 0.36953125 0.81875 0.09375 0.3609375
0 0.44453125 0.8390625 0.0765625 0.3203125
0 0.50390625 0.78515625 0.0703125 0.240625
0 0.40546875 0.82265625 0.046875 0.29375
0 0.53046875 0.78828125 0.0203125 0.171875
0 0.5890625 0.7609375 0.071875 0.215625
0 0.55546875 0.75 0.040625 0.146875
0 0.6328125 0.78828125 0.04375 0.1828125
0 0.6609375 0.7828125 0.03125 0.159375
0 0.696875 0.7671875 0.034375 0.15625
0 0.74765625 0.7296875 0.03125 0.0921875
0 0.72890625 0.73984375 0.01875 0.0875
0 0.7234375 0.70625 0.0109375 0.021875
0 0.6703125 0.76328125 0.0359375 0.153125
0 0.61796875 0.76484375 0.015625 0.1390625
0 0.4296875 0.6953125 0.0171875 0.04375