0 0.22890625 0.7765625 0.275 0.4453125
0 0.28515625 0.5953125 0.1140625 0.2421875
0 0.03515625 0.7578125 0.0703125 0.3484375
0 0.04375 0.5921875 0.0875 0.2875
0 0.07109375 0.4984375 0.1 0.165625
0 0.0421875 0.44453125 0.0796875 0.1359375
0 0.075 0.44140625 0.046875 0.140625
0 0.084375 0.41640625 0.0546875 0.1421875
0 0.23671875 0.4890625 0.0546875 0.14375
0 0.24765625 0.4453125 0.0953125 0.1265625
0 0.21484375 0.43515625 0.0421875 0.1578125
0 0.21484375 0.33984375 0.0765625 0.0984375
0 0.24453125 0.3140625 0.0390625 0.0828125
0 0.2875 0.32734375 0.046875 0.0859375
0 0.35 0.325 0.0484375 0.0984375
0 0.33125 0.30234375 0.03125 0.05
0 0.39296875 0.29765625 0.0265625 0.053125
0 0.41484375 0.3140625 0.046875 0.08125
0 0.44296875 0.3109375 0.0390625 0.078125
0 0.49296875 0.3015625 0.0375 0.06875
0 0.4625 0.5078125 0.103125 0.334375
0 0.4078125 0.4171875 0.059375 0.153125
0 0.38125 0.39453125 0.053125 0.14375
0 0.3703125 0.43359375 0.0546875 0.2609375
0 0.5859375 0.4328125 0.078125 0.1609375
0 0.53828125 0.4 0.065625 0.1203125
0 0.51015625 0.37890625 0.0484375 0.1109375
0 0.48046875 0.36015625 0.046875 0.1125
0 0.73984375 0.6671875 0.1765625 0.3984375
0 0.7484375 0.4734375 0.0796875 0.146875
0 0.8609375 0.5203125 0.1078125 0.178125
0 0.91640625 0.440625 0.0765625 0.1609375
0 0.8078125 0.4625 0.075 0.1484375
0 0.74375 0.38125 0.0515625 0.1078125
0 0.64296875 0.3703125 0.0703125 0.0859375
0 0.65546875 0.4109375 0.0796875 0.2234375
0 0.59140625 0.3765625 0.05 0.1265625
0 0.565625 0.34921875 0.046875 0.0921875
0 0.5375 0.3296875 0.040625 0.0640625
0 0.62734375 0.3296875 0.034375 0.078125
0 0.59765625 0.31484375 0.034375 0.0609375
0 0.56484375 0.3046875 0.0234375 0.0546875
0 0.54453125 0.2859375 0.021875 0.0359375
0 0.53828125 0.3328125 0.0375 0.0671875
0 0.2875 0.325 0.0484375 0.0859375