0 0.28046875 0.61328125 0.2234375 0.6515625
0 0.47109375 0.65234375 0.215625 0.5953125
0 0.49921875 0.5484375 0.1296875 0.70625
0 0.95625 0.6328125 0.0859375 0.721875
0 0.90390625 0.33203125 0.0578125 0.228125
0 0.8671875 0.59296875 0.1546875 0.675
0 0.7765625 0.6078125 0.14375 0.6984375
0 0.7015625 0.59375 0.1953125 0.690625
0 0.61875 0.56484375 0.0890625 0.6765625
0 0.12578125 0.4453125 0.115625 0.5765625
0 0.34375 0.28828125 0.053125 0.1625
0 0.99375 0.303125 0.0109375 0.15
0 0.934375 0.2765625 0.071875 0.175
0 0.7890625 0.3140625 0.19375 0.14375
0 0.5875 0.909375 0.8234375 0.165625
0 0.8890625 0.6078125 0.1109375 0.446875