0 0.15 0.6609375 0.1359375 0.671875
0 0.2734375 0.5515625 0.1203125 0.3703125
0 0.325 0.39609375 0.0765625 0.1875
0 0.37734375 0.5234375 0.1234375 0.365625
0 0.453125 0.5109375 0.10625 0.425
0 0.55 0.5203125 0.1234375 0.3046875
0 0.6234375 0.50859375 0.1171875 0.353125
0 0.70625 0.53046875 0.10625 0.3578125
0 0.78515625 0.66640625 0.103125 0.6
0 0.8875 0.54765625 0.1265625 0.34375
0 0.92890625 0.64375 0.075 0.6015625
0 0.8796875 0.7953125 0.1328125 0.4078125
0 0.75 0.79140625 0.1046875 0.39375
0 0.6640625 0.77578125 0.0953125 0.446875
0 0.58515625 0.78203125 0.0953125 0.4328125
0 0.50703125 0.778125 0.109375 0.4421875
0 0.42578125 0.81015625 0.1203125 0.3765625
0 0.35390625 0.79609375 0.096875 0.40625
0 0.2671875 0.8203125 0.134375 0.35625
0 0.1328125 0.815625 0.146875 0.365625