0 0.0234375 0.74765625 0.0296875 0.10625
0 0.0578125 0.73984375 0.03125 0.10625
0 0.07734375 0.7515625 0.028125 0.0546875
0 0.075 0.78359375 0.0296875 0.1046875
0 0.090625 0.7984375 0.0328125 0.0984375
0 0.103125 0.7625 0.0203125 0.096875
0 0.1171875 0.7359375 0.021875 0.090625
0 0.16171875 0.7359375 0.0265625 0.090625
0 0.27578125 0.65546875 0.021875 0.071875
0 0.29921875 0.6515625 0.0171875 0.075
0 0.32265625 0.64921875 0.021875 0.075
0 0.35 0.6328125 0.015625 0.0375
0 0.37265625 0.64921875 0.0171875 0.075
0 0.39765625 0.64453125 0.01875 0.075
0 0.41328125 0.646875 0.0171875 0.0703125
0 0.43046875 0.6453125 0.015625 0.0671875
0 0.471875 0.72890625 0.0296875 0.05
0 0.6 0.70625 0.0203125 0.084375
0 0.55078125 0.66328125 0.01875 0.0671875
0 0.57578125 0.66953125 0.01875 0.0703125
0 0.65703125 0.684375 0.015625 0.059375
0 0.6734375 0.69296875 0.0203125 0.071875
0 0.68984375 0.68046875 0.0171875 0.0671875
0 0.70390625 0.68671875 0.01875 0.0703125
0 0.7234375 0.7 0.0234375 0.071875
0 0.72890625 0.69375 0.01875 0.075
0 0.74921875 0.71171875 0.025 0.075
0 0.140625 0.71015625 0.021875 0.0859375
0 0.115625 0.69296875 0.0515625 0.1171875
0 0.60546875 0.665625 0.0359375 0.0875
0 0.8484375 0.896875 0.3 0.2015625
0 0.2953125 0.35546875 0.1640625 0.3734375
0 0.55703125 0.9328125 0.290625 0.1296875
0 0.2609375 0.95859375 0.309375 0.078125