0 0.1890625 0.70390625 0.059375 0.121875
0 0.3484375 0.54765625 0.0390625 0.109375
0 0.4609375 0.64296875 0.0421875 0.128125
0 0.42578125 0.79453125 0.065625 0.153125
0 0.4125 0.878125 0.071875 0.140625
0 0.26875 0.94609375 0.0609375 0.1046875
0 0.3265625 0.946875 0.046875 0.103125
0 0.37421875 0.95859375 0.0546875 0.0796875
0 0.4421875 0.95625 0.0328125 0.084375
0 0.4640625 0.96015625 0.04375 0.075
0 0.509375 0.859375 0.0546875 0.14375
0 0.61171875 0.95 0.0484375 0.096875
0 0.69296875 0.96875 0.0625 0.059375
0 0.6515625 0.93046875 0.0515625 0.1359375
0 0.69609375 0.88359375 0.0515625 0.15
0 0.64296875 0.853125 0.0421875 0.121875
0 0.675 0.803125 0.0390625 0.0984375
0 0.74375 0.78359375 0.0546875 0.159375
0 0.7984375 0.77265625 0.046875 0.175
0 0.84296875 0.690625 0.0578125 0.153125
0 0.9 0.6625 0.0578125 0.175
0 0.81953125 0.59140625 0.05 0.1796875
0 0.85 0.55234375 0.053125 0.1375
0 0.79375 0.51015625 0.0453125 0.1453125
0 0.759375 0.69921875 0.05625 0.1609375
0 0.71484375 0.70859375 0.05625 0.171875
0 0.66171875 0.74453125 0.040625 0.115625
0 0.659375 0.696875 0.04375 0.1140625
0 0.6921875 0.65234375 0.0296875 0.15
0 0.609375 0.61171875 0.040625 0.153125
0 0.6578125 0.53828125 0.034375 0.128125
0 0.68984375 0.51640625 0.034375 0.1375
0 0.29375 0.46953125 0.046875 0.1109375
0 0.2109375 0.425 0.034375 0.084375
0 0.225 0.42734375 0.0359375 0.084375
0 0.240625 0.40546875 0.0265625 0.0859375
0 0.2546875 0.40625 0.0328125 0.084375
0 0.26640625 0.39375 0.0265625 0.0796875
0 0.2796875 0.38984375 0.03125 0.0796875
0 0.1765625 0.43046875 0.021875 0.04375
0 0.1859375 0.428125 0.0171875 0.04375
0 0.1734375 0.40390625 0.028125 0.040625
0 0.17734375 0.37265625 0.01875 0.0328125
0 0.17890625 0.30390625 0.0203125 0.05
0 0.1640625 0.30859375 0.01875 0.046875
0 0.15234375 0.33671875 0.021875 0.04375
0 0.14140625 0.34765625 0.028125 0.059375
0 0.14296875 0.29609375 0.0171875 0.0421875
0 0.16640625 0.27265625 0.0140625 0.0375
0 0.18046875 0.271875 0.015625 0.0390625
0 0.1984375 0.30234375 0.0171875 0.046875
0 0.19921875 0.33515625 0.0140625 0.0375
0 0.2109375 0.26015625 0.0171875 0.040625
0 0.21015625 0.253125 0.0171875 0.046875
0 0.7421875 0.128125 0.015625 0.053125
0 0.77265625 0.12421875 0.0125 0.05625
0 0.803125 0.10546875 0.0140625 0.065625
0 0.8546875 0.165625 0.01875 0.065625
0 0.578125 0.134375 0.0140625 0.04375
0 0.1828125 0.55859375 0.0515625 0.125
0 0.1640625 0.478125 0.046875 0.090625
0 0.89140625 0.109375 0.034375 0.0484375
0 0.9078125 0.18671875 0.025 0.08125
0 0.93203125 0.83828125 0.05 0.128125
0 0.22734375 0.353125 0.0265625 0.0640625
0 0.1328125 0.34765625 0.01875 0.046875
0 0.1546875 0.31796875 0.025 0.05625
0 0.49375 0.12890625 0.4703125 0.1125
0 0.184375 0.15625 0.15 0.1046875
0 0.1671875 0.259375 0.1078125 0.10625
0 0.225 0.37578125 0.1171875 0.13125
0 0.1265625 0.459375 0.0828125 0.153125
0 0.028125 0.63125 0.05625 0.1453125
0 0.94453125 0.13359375 0.0671875 0.146875
0 0.771875 0.096875 0.0328125 0.078125
0 0.70859375 0.30546875 0.0234375 0.0359375
0 0.54765625 0.234375 0.01875 0.0234375
0 0.49609375 0.27421875 0.01875 0.0234375
0 0.4328125 0.21171875 0.0140625 0.01875
0 0.38125 0.225 0.0140625 0.025
0 0.334375 0.190625 0.009375 0.0140625
0 0.3109375 0.21328125 0.009375 0.015625
0 0.8453125 0.24296875 0.0328125 0.0359375
0 0.13984375 0.9625 0.084375 0.071875