0 0.153125 0.70703125 0.153125 0.584375
0 0.30078125 0.5 0.190625 0.4453125
0 0.4359375 0.62890625 0.4765625 0.7421875
0 0.66875 0.83984375 0.1875 0.31875
0 0.65703125 0.83125 0.203125 0.3359375
0 0.8671875 0.88671875 0.2625 0.2234375
0 0.90546875 0.63125 0.053125 0.215625
0 0.51015625 0.6 0.096875 0.2703125
0 0.5546875 0.578125 0.0703125 0.23125
0 0.63046875 0.725 0.1046875 0.1765625
0 0.05546875 0.71171875 0.1109375 0.5734375
0 0.2375 0.49765625 0.1171875 0.121875
0 0.60078125 0.58515625 0.071875 0.203125