0 0.93203125 0.61171875 0.0984375 0.325
0 0.8921875 0.51484375 0.103125 0.4796875
0 0.9265625 0.36484375 0.046875 0.2046875
0 0.9515625 0.3859375 0.05 0.2890625
0 0.82734375 0.45390625 0.0828125 0.3453125
0 0.80625 0.43984375 0.09375 0.3203125
0 0.8046875 0.27890625 0.028125 0.0421875
0 0.7359375 0.49765625 0.10625 0.459375
0 0.728125 0.43046875 0.065625 0.29375
0 0.7078125 0.2921875 0.04375 0.1140625
0 0.65390625 0.378125 0.0453125 0.2328125
0 0.67421875 0.48515625 0.0609375 0.39375
0 0.584375 0.47734375 0.1125 0.4234375
0 0.4921875 0.36875 0.090625 0.228125
0 0.515625 0.28203125 0.028125 0.03125
0 0.38359375 0.47109375 0.1046875 0.409375
0 0.334375 0.40234375 0.046875 0.2640625
0 0.328125 0.37890625 0.05 0.29375
0 0.2703125 0.3265625 0.028125 0.1109375
0 0.24375 0.30625 0.028125 0.0765625
0 0.27109375 0.459375 0.1109375 0.4046875
0 0.2078125 0.45859375 0.06875 0.34375
0 0.203125 0.3265625 0.053125 0.121875
0 0.2140625 0.56796875 0.23125 0.671875
0 0.07265625 0.47578125 0.1359375 0.4953125
0 0.0375 0.43828125 0.075 0.371875
0 0.0640625 0.30625 0.028125 0.0625
0 0.23359375 0.24921875 0.0296875 0.046875
0 0.540625 0.33359375 0.01875 0.0234375
0 0.759375 0.31640625 0.01875 0.065625
0 0.51484375 0.27265625 0.0234375 0.0453125
0 0.46640625 0.27265625 0.0171875 0.0625
0 0.83359375 0.27734375 0.0109375 0.0359375