0 0.20546875 0.509375 0.1046875 0.28125
0 0.26640625 0.48515625 0.109375 0.2953125
0 0.3140625 0.52578125 0.11875 0.28125
0 0.32109375 0.56171875 0.0921875 0.2265625
0 0.4078125 0.48984375 0.1 0.246875
0 0.509375 0.51953125 0.1484375 0.3046875
0 0.659375 0.51875 0.1015625 0.2484375
0 0.684375 0.4890625 0.0890625 0.2453125
0 0.74375 0.51328125 0.0984375 0.2578125
0 0.8125 0.48984375 0.13125 0.29375
0 0.5921875 0.440625 0.09375 0.153125
0 0.3609375 0.39296875 0.0484375 0.0578125
0 0.2390625 0.41484375 0.0546875 0.059375
0 0.39765625 0.5078125 0.06875 0.178125
0 0.54375 0.4015625 0.0390625 0.0453125
0 0.59375 0.553125 0.0609375 0.1921875
0 0.91796875 0.58203125 0.1484375 0.084375