0 0.2703125 0.6625 0.0140625 0.0171875
0 0.284375 0.67421875 0.021875 0.040625
0 0.33046875 0.659375 0.015625 0.0234375
0 0.37109375 0.665625 0.01875 0.0359375
0 0.40234375 0.65859375 0.015625 0.028125
0 0.38359375 0.66171875 0.0125 0.025
0 0.44921875 0.68984375 0.025 0.0921875
0 0.46953125 0.6890625 0.0359375 0.0984375
0 0.4546875 0.68828125 0.0171875 0.0875
0 0.49140625 0.68984375 0.025 0.09375
0 0.5265625 0.68203125 0.0265625 0.103125
0 0.53984375 0.68203125 0.053125 0.10625
0 0.5421875 0.68984375 0.0234375 0.0859375
0 0.55703125 0.684375 0.0234375 0.08125
0 0.565625 0.67265625 0.0234375 0.084375
0 0.5640625 0.65859375 0.0203125 0.0515625
0 0.584375 0.68671875 0.034375 0.09375
0 0.59453125 0.6703125 0.0171875 0.059375
0 0.62734375 0.66015625 0.0125 0.04375
0 0.62890625 0.66015625 0.0171875 0.046875
0 0.6375 0.65625 0.0109375 0.034375
0 0.64609375 0.65546875 0.01875 0.028125
0 0.678125 0.65078125 0.0171875 0.028125
0 0.6875 0.6515625 0.0125 0.0265625
0 0.7046875 0.64921875 0.015625 0.03125
0 0.71640625 0.6515625 0.01875 0.0390625
0 0.7265625 0.6578125 0.0140625 0.03125
0 0.74609375 0.65859375 0.015625 0.046875
0 0.75625 0.66640625 0.01875 0.0515625
0 0.77109375 0.68359375 0.0203125 0.084375
0 0.7875 0.6859375 0.0203125 0.0953125
0 0.79609375 0.65 0.0125 0.046875
0 0.7796875 0.6515625 0.0171875 0.03125
0 0.0984375 0.434375 0.0140625 0.0359375
0 0.0109375 0.57109375 0.0171875 0.0578125
0 0.32578125 0.715625 0.0609375 0.0265625
0 0.3296875 0.48046875 0.4546875 0.4421875
0 0.8875 0.6203125 0.225 0.2125
0 0.86640625 0.30078125 0.265625 0.0640625