0 0.465625 0.38359375 0.1390625 0.284375
0 0.0671875 0.58828125 0.0734375 0.1984375
0 0.1234375 0.67421875 0.1421875 0.3140625
0 0.21484375 0.834375 0.2 0.3296875
0 0.203125 0.61640625 0.1109375 0.2109375
0 0.25546875 0.55546875 0.071875 0.2078125
0 0.3171875 0.675 0.1296875 0.253125
0 0.4203125 0.696875 0.1125 0.2515625
0 0.41640625 0.56328125 0.115625 0.2265625
0 0.35625 0.5375 0.0625 0.209375
0 0.5140625 0.653125 0.090625 0.2921875
0 0.50078125 0.71484375 0.1625 0.440625
0 0.63359375 0.7609375 0.1671875 0.4140625
0 0.5828125 0.6 0.0734375 0.3203125
0 0.690625 0.5765625 0.0828125 0.271875
0 0.6671875 0.53515625 0.059375 0.134375
0 0.746875 0.453125 0.0578125 0.171875
0 0.796875 0.56640625 0.153125 0.2640625
0 0.80625 0.5984375 0.15625 0.321875
0 0.92578125 0.82734375 0.1453125 0.3421875