0 0.1515625 0.68515625 0.1578125 0.40625
0 0.2140625 0.571875 0.09375 0.171875
0 0.33359375 0.62109375 0.06875 0.2515625
0 0.4046875 0.634375 0.0625 0.334375
0 0.5203125 0.66328125 0.1109375 0.3046875
0 0.71484375 0.65859375 0.2828125 0.6828125
0 0.92578125 0.63203125 0.146875 0.3078125
0 0.52109375 0.5328125 0.0453125 0.1015625
0 0.57890625 0.5515625 0.04375 0.121875
0 0.50234375 0.540625 0.034375 0.0984375
0 0.4796875 0.54609375 0.0390625 0.0921875
0 0.4265625 0.546875 0.040625 0.1078125
0 0.44921875 0.5453125 0.0171875 0.0671875
0 0.35859375 0.54921875 0.0359375 0.0984375
0 0.37265625 0.54296875 0.0171875 0.0515625
0 0.30625 0.63046875 0.0546875 0.309375
0 0.24921875 0.51171875 0.0203125 0.04375
0 0.271875 0.553125 0.034375 0.103125
0 0.17890625 0.51953125 0.0296875 0.053125
0 0.4609375 0.5328125 0.0171875 0.0203125
0 0.78046875 0.59609375 0.0609375 0.09375
0 0.86640625 0.4953125 0.03125 0.03125
0 0.93046875 0.50546875 0.0109375 0.01875