0 0.9109375 0.540625 0.1765625 0.9140625
0 0.8359375 0.5640625 0.2953125 0.8671875
0 0.603125 0.65 0.15625 0.6953125
0 0.471875 0.434375 0.05625 0.3390625
0 0.50390625 0.584375 0.1078125 0.796875
0 0.6625 0.51796875 0.1203125 0.821875
0 0.60546875 0.24609375 0.2015625 0.3671875
0 0.38046875 0.62734375 0.1421875 0.740625
0 0.471875 0.52421875 0.0734375 0.771875
0 0.3828125 0.52421875 0.1171875 0.846875
0 0.30703125 0.37734375 0.0984375 0.5640625
0 0.1796875 0.37734375 0.178125 0.60625
0 0.23125 0.51328125 0.1546875 0.96875
0 0.0953125 0.5609375 0.190625 0.875
0 0.74453125 0.6 0.1390625 0.4796875
0 0.01796875 0.39140625 0.0359375 0.2109375