0 0.56171875 0.79609375 0.1703125 0.40625
0 0.6859375 0.67265625 0.1140625 0.459375
0 0.7484375 0.49765625 0.0828125 0.1953125
0 0.796875 0.384375 0.084375 0.3109375
0 0.840625 0.27109375 0.0921875 0.23125
0 0.78046875 0.240625 0.0671875 0.09375
0 0.778125 0.31015625 0.0640625 0.23125
0 0.70390625 0.29609375 0.071875 0.18125
0 0.68984375 0.2828125 0.0546875 0.125
0 0.68828125 0.421875 0.071875 0.18125
0 0.63984375 0.38515625 0.0546875 0.2046875
0 0.64609375 0.38515625 0.03125 0.203125
0 0.6 0.36171875 0.0796875 0.221875
0 0.55546875 0.40078125 0.065625 0.2
0 0.49296875 0.40859375 0.0734375 0.20625
0 0.53359375 0.315625 0.0359375 0.0578125
0 0.440625 0.3953125 0.04375 0.1890625
0 0.41015625 0.35546875 0.040625 0.0625
0 0.36171875 0.3546875 0.0203125 0.0640625
0 0.3703125 0.41640625 0.0765625 0.159375
0 0.384375 0.49140625 0.04375 0.103125
0 0.4328125 0.578125 0.1375 0.215625
0 0.51328125 0.4921875 0.1078125 0.1390625
0 0.434375 0.5015625 0.0671875 0.1125
0 0.60859375 0.4828125 0.090625 0.1484375
0 0.5734375 0.53828125 0.13125 0.215625
0 0.3984375 0.80390625 0.1765625 0.390625
0 0.2296875 0.82890625 0.1765625 0.340625
0 0.12109375 0.82734375 0.16875 0.34375
0 0.06328125 0.7921875 0.1140625 0.2515625
0 0.37578125 0.58984375 0.078125 0.2109375
0 0.3296875 0.7453125 0.10625 0.3359375
0 0.271875 0.590625 0.109375 0.1875
0 0.3171875 0.49609375 0.0515625 0.0890625
0 0.28828125 0.49453125 0.03125 0.0859375
0 0.29296875 0.41875 0.0546875 0.1640625
0 0.2328125 0.65 0.071875 0.09375
0 0.18125 0.63125 0.0546875 0.1140625
0 0.2171875 0.56171875 0.0671875 0.1671875
0 0.15703125 0.56328125 0.0578125 0.1203125
0 0.11953125 0.6625 0.0578125 0.196875
0 0.02734375 0.63828125 0.0546875 0.1484375
0 0.046875 0.65078125 0.0625 0.1203125
0 0.0125 0.44921875 0.025 0.0859375
0 0.03984375 0.490625 0.05 0.1515625
0 0.06328125 0.52890625 0.0375 0.06875
0 0.09921875 0.5390625 0.05 0.096875
0 0.065625 0.43515625 0.028125 0.0625
0 0.253125 0.4515625 0.028125 0.0703125
0 0.2296875 0.48828125 0.034375 0.0890625
0 0.178125 0.50078125 0.028125 0.075
0 0.146875 0.45859375 0.1296875 0.0671875