0 0.03125 0.4765625 0.0625 0.3765625
0 0.08359375 0.409375 0.1109375 0.2890625
0 0.1265625 0.37578125 0.0484375 0.2515625
0 0.178125 0.409375 0.0671875 0.3328125
0 0.22109375 0.40234375 0.05625 0.2265625
0 0.27890625 0.43359375 0.1015625 0.26875
0 0.3875 0.48671875 0.1171875 0.51875
0 0.45390625 0.58046875 0.3328125 0.8375
0 0.50625 0.609375 0.2484375 0.778125
0 0.68671875 0.45703125 0.1640625 0.4125
0 0.14375 0.2921875 0.0234375 0.0375
0 0.09609375 0.38359375 0.0453125 0.190625
0 0.025 0.29765625 0.05 0.0578125
0 0.159375 0.290625 0.0140625 0.0234375