0 0.21953125 0.4015625 0.053125 0.178125
0 0.315625 0.35390625 0.0671875 0.0640625
0 0.38359375 0.43203125 0.0171875 0.08125
0 0.40234375 0.43359375 0.0109375 0.0734375
0 0.43828125 0.440625 0.01875 0.0671875
0 0.41875 0.49375 0.0375 0.209375
0 0.44921875 0.46796875 0.0234375 0.1234375
0 0.46328125 0.4921875 0.0390625 0.184375
0 0.490625 0.43515625 0.025 0.0640625
0 0.51875 0.50625 0.0703125 0.215625
0 0.5359375 0.4796875 0.0296875 0.14375
0 0.540625 0.446875 0.0203125 0.0421875
0 0.559375 0.471875 0.021875 0.0625
0 0.58203125 0.45625 0.0359375 0.10625
0 0.64609375 0.46953125 0.04375 0.1453125
0 0.73984375 0.49140625 0.0390625 0.1359375
0 0.8125 0.49453125 0.028125 0.15
0 0.8390625 0.4953125 0.0390625 0.15625
0 0.9171875 0.50625 0.0265625 0.1453125
0 0.9484375 0.50546875 0.0515625 0.1671875
0 0.98203125 0.5203125 0.034375 0.1921875
0 0.9953125 0.50625 0.0078125 0.1703125
0 0.4703125 0.42109375 0.009375 0.0203125
0 0.71171875 0.41875 0.015625 0.0234375