0 0.20234375 0.76953125 0.15625 0.459375
0 0.3390625 0.778125 0.1421875 0.4421875
0 0.42734375 0.7140625 0.125 0.5703125
0 0.50390625 0.7515625 0.1921875 0.49375
0 0.6140625 0.75625 0.125 0.4859375
0 0.67109375 0.7578125 0.065625 0.440625
0 0.56875 0.6125 0.04375 0.125
0 0.29375 0.45546875 0.0734375 0.121875
0 0.21328125 0.4546875 0.040625 0.0734375
0 0.025 0.48046875 0.046875 0.0578125
0 0.37265625 0.49296875 0.0328125 0.0703125
0 0.3609375 0.48515625 0.021875 0.059375
0 0.33359375 0.484375 0.0296875 0.0703125
0 0.4234375 0.4984375 0.025 0.0671875
0 0.57890625 0.76640625 0.0515625 0.425
0 0.49765625 0.50234375 0.0421875 0.05
0 0.01328125 0.7390625 0.0265625 0.115625
0 0.10703125 0.3890625 0.0828125 0.1671875
0 0.9890625 0.4640625 0.01875 0.071875
0 0.4109375 0.52109375 0.046875 0.0453125
0 0.33671875 0.47734375 0.015625 0.0265625
0 0.2453125 0.47421875 0.03125 0.059375
0 0.25703125 0.3390625 0.01875 0.0390625