0 0.0765625 0.6015625 0.0640625 0.203125
0 0.15234375 0.60390625 0.0578125 0.196875
0 0.1265625 0.58046875 0.03125 0.16875
0 0.24921875 0.578125 0.040625 0.1484375
0 0.159375 0.51328125 0.0265625 0.05625
0 0.17890625 0.5765625 0.046875 0.175
0 0.20078125 0.5703125 0.0359375 0.15625
0 0.21328125 0.56328125 0.0203125 0.121875
0 0.2234375 0.53984375 0.0140625 0.078125
0 0.24765625 0.5265625 0.046875 0.1
0 0.275 0.54765625 0.0171875 0.103125
0 0.290625 0.5671875 0.0234375 0.03125
0 0.30625 0.5390625 0.021875 0.0671875
0 0.33046875 0.73125 0.165625 0.50625
0 0.446875 0.61953125 0.06875 0.23125
0 0.40078125 0.56328125 0.0234375 0.1171875
0 0.378125 0.5484375 0.0609375 0.1390625
0 0.4234375 0.54609375 0.0234375 0.103125
0 0.434375 0.515625 0.0234375 0.053125
0 0.63828125 0.5859375 0.03125 0.1296875
0 0.3265625 0.16875 0.0390625 0.1625
0 0.259375 0.51953125 0.0203125 0.0734375
0 0.29609375 0.5234375 0.025 0.0578125
0 0.4578125 0.509375 0.0296875 0.0375
0 0.5171875 0.521875 0.0171875 0.065625
0 0.73359375 0.6484375 0.0765625 0.1
0 0.9015625 0.5125 0.08125 0.046875
0 0.39765625 0.49375 0.0265625 0.0234375
0 0.328125 0.4375 0.040625 0.0265625
0 0.63984375 0.50859375 0.03125 0.03125
0 0.7296875 0.4921875 0.04375 0.0328125