0 0.0890625 0.57890625 0.1375 0.5984375
0 0.1359375 0.48125 0.0515625 0.5828125
0 0.165625 0.4921875 0.071875 0.5546875
0 0.21953125 0.60859375 0.096875 0.6484375
0 0.2859375 0.48515625 0.0890625 0.6546875
0 0.3421875 0.5484375 0.09375 0.5875
0 0.40234375 0.3921875 0.0828125 0.390625
0 0.4203125 0.5625 0.08125 0.4203125
0 0.3140625 0.7671875 0.1453125 0.2953125
0 0.43359375 0.75859375 0.096875 0.3234375
0 0.5234375 0.75390625 0.0953125 0.2734375
0 0.496875 0.6296875 0.1125 0.375
0 0.49375 0.4203125 0.090625 0.3046875
0 0.55859375 0.56015625 0.0828125 0.45
0 0.6171875 0.69140625 0.121875 0.478125
0 0.5828125 0.36640625 0.1015625 0.4078125
0 0.65 0.5609375 0.0796875 0.6484375
0 0.684375 0.50859375 0.059375 0.7234375
0 0.7359375 0.58125 0.1046875 0.6921875
0 0.790625 0.4671875 0.075 0.5296875
0 0.859375 0.57890625 0.0984375 0.6328125
0 0.93984375 0.64140625 0.0890625 0.7125
0 0.36796875 0.45234375 0.05 0.4453125