0 0.7046875 0.725 0.103125 0.3875
0 0.70859375 0.56953125 0.109375 0.1296875
0 0.64453125 0.63203125 0.0703125 0.2015625
0 0.63125 0.65234375 0.04375 0.190625
0 0.57265625 0.6640625 0.075 0.2515625
0 0.546875 0.63671875 0.0546875 0.23125
0 0.55390625 0.5375 0.04375 0.0671875
0 0.628125 0.54765625 0.046875 0.10625
0 0.59375 0.5515625 0.01875 0.05
0 0.59140625 0.52265625 0.0359375 0.0671875
0 0.63984375 0.5234375 0.0234375 0.059375
0 0.603125 0.6328125 0.028125 0.15625
0 0.32421875 0.740625 0.1453125 0.259375