0 0.52890625 0.29765625 0.015625 0.0453125
0 0.49765625 0.31484375 0.021875 0.0984375
0 0.5484375 0.31875 0.028125 0.09375
0 0.60234375 0.36796875 0.0421875 0.1890625
0 0.6953125 0.32734375 0.0453125 0.1546875
0 0.83828125 0.5015625 0.203125 0.5859375
0 0.34609375 0.76015625 0.6875 0.4734375
0 0.3734375 0.4875 0.1828125 0.1984375
0 0.4140625 0.421875 0.175 0.1171875
0 0.43828125 0.38515625 0.1421875 0.1140625
0 0.44140625 0.3453125 0.053125 0.078125
0 0.459375 0.31953125 0.03125 0.0328125
0 0.45234375 0.28828125 0.0234375 0.0484375
0 0.459375 0.31640625 0.021875 0.0359375
0 0.44296875 0.375 0.1265625 0.10625
0 0.44296875 0.36484375 0.0984375 0.0828125
0 0.50390625 0.29375 0.0125 0.0625
0 0.39375 0.29453125 0.015625 0.0609375
0 0.3078125 0.3203125 0.0125 0.084375
0 0.35703125 0.2875 0.0234375 0.04375
0 0.546875 0.4140625 0.028125 0.1
0 0.52734375 0.33046875 0.0125 0.0265625
0 0.76171875 0.22734375 0.1015625 0.19375
0 0.6859375 0.49453125 0.04375 0.059375
0 0.73984375 0.70546875 0.1296875 0.1140625
0 0.59609375 0.54140625 0.05 0.165625
0 0.47734375 0.303125 0.0328125 0.065625