0 0.72734375 0.5015625 0.2140625 0.88125
0 0.70703125 0.52734375 0.2609375 0.9328125
0 0.53125 0.60546875 0.2390625 0.7859375
0 0.41171875 0.425 0.0609375 0.26875
0 0.359375 0.3984375 0.05 0.225
0 0.2453125 0.3984375 0.0625 0.2609375
0 0.15 0.371875 0.0421875 0.1703125
0 0.18359375 0.36015625 0.03125 0.1484375
0 0.3203125 0.38359375 0.0328125 0.1734375
0 0.7296875 0.3046875 0.2234375 0.1578125
0 0.2734375 0.30859375 0.390625 0.090625
0 0.2125 0.39921875 0.0390625 0.0875
0 0.284375 0.40859375 0.0421875 0.10625
0 0.33203125 0.4234375 0.0234375 0.1390625
0 0.38671875 0.4296875 0.034375 0.1515625