0 0.0140625 0.70078125 0.021875 0.08125
0 0.0515625 0.6875 0.015625 0.0703125
0 0.115625 0.70859375 0.0125 0.0953125
0 0.31171875 0.6828125 0.009375 0.053125
0 0.2625 0.76328125 0.04375 0.2125
0 0.45546875 0.675 0.015625 0.0359375
0 0.8953125 0.69375 0.0125 0.071875
0 0.88984375 0.69609375 0.0125 0.075
0 0.47109375 0.75625 0.053125 0.203125
0 0.48203125 0.76328125 0.0265625 0.1734375
0 0.51953125 0.71640625 0.0203125 0.1140625
0 0.53515625 0.765625 0.03125 0.171875
0 0.54609375 0.75703125 0.0296875 0.190625
0 0.15390625 0.62421875 0.00625 0.0046875
0 0.36171875 0.6921875 0.015625 0.025
0 0.390625 0.68984375 0.0140625 0.021875
0 0.071875 0.67109375 0.03125 0.0640625
0 0.1734375 0.67578125 0.03125 0.0921875
0 0.153125 0.62734375 0.009375 0.0859375
0 0.1046875 0.68671875 0.0125 0.090625
0 0.11328125 0.66484375 0.0046875 0.021875
0 0.03359375 0.6859375 0.0234375 0.0734375
0 0.00546875 0.678125 0.0109375 0.046875
0 0.30546875 0.6515625 0.0140625 0.015625
0 0.678125 0.66328125 0.0125 0.0421875
0 0.9734375 0.67890625 0.025 0.034375
0 0.8796875 0.67265625 0.0109375 0.04375
0 0.9078125 0.6703125 0.0140625 0.04375
0 0.74453125 0.64453125 0.0203125 0.0265625
0 0.93515625 0.67421875 0.0296875 0.034375
0 0.30703125 0.62109375 0.0125 0.0421875