0 0.02734375 0.60625 0.05 0.2953125
0 0.2609375 0.71015625 0.1359375 0.4859375
0 0.49609375 0.7171875 0.1703125 0.5609375
0 0.81015625 0.603125 0.0984375 0.3671875
0 0.9375 0.55859375 0.1015625 0.34375
0 0.63671875 0.48515625 0.0265625 0.0625
0 0.65703125 0.46875 0.0203125 0.0953125
0 0.65546875 0.52265625 0.03125 0.103125
0 0.6765625 0.4703125 0.028125 0.0703125
0 0.68828125 0.45390625 0.015625 0.0515625
0 0.675 0.5265625 0.0359375 0.1078125
0 0.71015625 0.47109375 0.0265625 0.103125
0 0.7375 0.55234375 0.046875 0.1546875
0 0.76640625 0.51953125 0.0296875 0.121875
0 0.7625 0.459375 0.0265625 0.075
0 0.82578125 0.4921875 0.0171875 0.090625
0 0.7875 0.48046875 0.0203125 0.05
0 0.71640625 0.48515625 0.10625 0.1046875