0 0.93046875 0.70390625 0.115625 0.5484375
0 0.8796875 0.5015625 0.053125 0.1375
0 0.8390625 0.72109375 0.0953125 0.4875
0 0.71328125 0.69609375 0.0828125 0.4171875
0 0.77578125 0.675 0.0921875 0.4546875
0 0.81328125 0.67734375 0.040625 0.4296875
0 0.74609375 0.4796875 0.0359375 0.090625
0 0.7109375 0.46015625 0.0421875 0.075
0 0.7078125 0.54765625 0.065625 0.1703125
0 0.675 0.5125 0.034375 0.115625
0 0.646875 0.68515625 0.0578125 0.4203125
0 0.59765625 0.5328125 0.059375 0.1203125
0 0.53828125 0.66640625 0.0625 0.3828125
0 0.4359375 0.51640625 0.0828125 0.1625
0 0.49609375 0.525 0.0484375 0.1296875
0 0.3953125 0.5171875 0.0625 0.15
0 0.33828125 0.51875 0.0671875 0.128125
0 0.2640625 0.5234375 0.0625 0.1234375
0 0.3046875 0.50625 0.046875 0.103125
0 0.21953125 0.5140625 0.071875 0.1734375
0 0.153125 0.65 0.0671875 0.375
0 0.10234375 0.6453125 0.078125 0.3796875
0 0.62421875 0.45859375 0.028125 0.0625
0 0.57734375 0.51640625 0.0453125 0.153125
0 0.63203125 0.51015625 0.0359375 0.090625
0 0.528125 0.48984375 0.0390625 0.1
0 0.3484375 0.47734375 0.0578125 0.1
0 0.25390625 0.46875 0.0328125 0.0671875
0 0.1921875 0.49765625 0.0375 0.165625
0 0.1375 0.6234375 0.0421875 0.378125
0 0.47265625 0.5046875 0.0359375 0.090625
0 0.440625 0.4515625 0.0359375 0.053125
0 0.79765625 0.45 0.11875 0.0859375