0 0.89453125 0.66171875 0.1140625 0.4203125
0 0.821875 0.6140625 0.0703125 0.28125
0 0.72109375 0.81953125 0.2140625 0.2625
0 0.7671875 0.77734375 0.2046875 0.265625
0 0.5421875 0.7953125 0.14375 0.3140625
0 0.7109375 0.88671875 0.225 0.0953125
0 0.7453125 0.5921875 0.1046875 0.1875
0 0.59609375 0.65859375 0.121875 0.425
0 0.65546875 0.63828125 0.0703125 0.3359375
0 0.6796875 0.5546875 0.0671875 0.146875
0 0.3421875 0.68046875 0.1140625 0.478125
0 0.06875 0.5015625 0.05 0.1
0 0.02421875 0.5140625 0.0453125 0.121875
0 0.0921875 0.49375 0.028125 0.0875
0 0.05234375 0.46875 0.0171875 0.0265625
0 0.00859375 0.48984375 0.0171875 0.05
0 0.0109375 0.509375 0.021875 0.1234375
0 0.1015625 0.47265625 0.015625 0.0421875
0 0.19296875 0.709375 0.053125 0.1265625
0 0.26796875 0.32265625 0.0875 0.1421875
0 0.17578125 0.47734375 0.0671875 0.084375
0 0.0375 0.4640625 0.0125 0.0359375
0 0.00859375 0.78125 0.0171875 0.16875
0 0.01484375 0.4765625 0.0109375 0.0171875