0 0.11796875 0.49921875 0.2359375 0.9984375
0 0.09375 0.30390625 0.1046875 0.2515625
0 0.21796875 0.565625 0.215625 0.865625
0 0.27890625 0.36640625 0.115625 0.4375
0 0.35703125 0.559375 0.10625 0.634375
0 0.41328125 0.63359375 0.234375 0.7296875
0 0.51484375 0.571875 0.1015625 0.7484375
0 0.46953125 0.2296875 0.05625 0.1703125
0 0.54296875 0.26328125 0.0515625 0.1953125
0 0.628125 0.63125 0.175 0.734375
0 0.709375 0.596875 0.140625 0.8015625
0 0.84140625 0.6140625 0.2390625 0.76875
0 0.78671875 0.20703125 0.05625 0.1296875
0 0.87421875 0.2359375 0.028125 0.0390625
0 0.23046875 0.28515625 0.0390625 0.0703125
0 0.30546875 0.2765625 0.03125 0.03125
0 0.4328125 0.25859375 0.0453125 0.084375
0 0.83984375 0.2359375 0.025 0.046875
0 0.7875 0.25078125 0.0171875 0.0359375
0 0.63046875 0.18828125 0.03125 0.0609375