0 0.74609375 0.5796875 0.1671875 0.4328125
0 0.56484375 0.5390625 0.1578125 0.2796875
0 0.57109375 0.55546875 0.1359375 0.3125
0 0.46796875 0.5234375 0.121875 0.28125
0 0.453125 0.38125 0.059375 0.0703125
0 0.38515625 0.38984375 0.0921875 0.1234375
0 0.328125 0.5203125 0.1484375 0.346875
0 0.240625 0.43984375 0.1375 0.290625
0 0.1484375 0.4484375 0.1265625 0.3046875
0 0.08359375 0.41953125 0.025 0.0265625
0 0.03203125 0.3703125 0.0640625 0.0875
0 0.4359375 0.25703125 0.0359375 0.059375
0 0.240625 0.2453125 0.0234375 0.0703125