0 0.9578125 0.5921875 0.0609375 0.2125
0 0.1515625 0.77578125 0.1078125 0.325
0 0.22265625 0.80234375 0.10625 0.2671875
0 0.315625 0.79375 0.096875 0.3125
0 0.3734375 0.7890625 0.0828125 0.2890625
0 0.43359375 0.78671875 0.078125 0.259375
0 0.5015625 0.784375 0.0765625 0.265625
0 0.5671875 0.79609375 0.09375 0.29375
0 0.6265625 0.7890625 0.1703125 0.3109375
0 0.6875 0.81328125 0.090625 0.2796875
0 0.759375 0.79921875 0.0984375 0.3125
0 0.88125 0.6890625 0.0984375 0.50625
0 0.81640625 0.69296875 0.184375 0.471875
0 0.77734375 0.5953125 0.1296875 0.3125
0 0.87421875 0.6546875 0.0765625 0.4296875
0 0.67578125 0.628125 0.0765625 0.23125
0 0.603125 0.60859375 0.0859375 0.1984375
0 0.71953125 0.61953125 0.1375 0.3296875
0 0.65234375 0.48203125 0.0375 0.0796875
0 0.63359375 0.521875 0.059375 0.121875
0 0.5890625 0.5109375 0.059375 0.115625
0 0.10390625 0.6796875 0.115625 0.440625
0 0.146875 0.56796875 0.1265625 0.2453125
0 0.246875 0.67421875 0.1265625 0.44375
0 0.28984375 0.65625 0.2 0.4234375
0 0.346875 0.52734375 0.0859375 0.1875
0 0.4078125 0.5265625 0.1796875 0.1640625
0 0.4625 0.5171875 0.090625 0.1765625
0 0.53125 0.50625 0.0734375 0.1328125
0 0.52109375 0.44921875 0.125 0.16875
0 0.22265625 0.4390625 0.171875 0.146875
0 0.32421875 0.434375 0.125 0.146875
0 0.35859375 0.396875 0.140625 0.20625
0 0.31875 0.315625 0.040625 0.1625
0 0.36484375 0.2953125 0.0609375 0.134375
0 0.3734375 0.23515625 0.0703125 0.1109375
0 0.425 0.30859375 0.0484375 0.2703125
0 0.46171875 0.30234375 0.065625 0.2828125
0 0.55 0.596875 0.0546875 0.15625
0 0.51328125 0.6390625 0.075 0.1765625
0 0.45078125 0.7171875 0.0734375 0.334375
0 0.390625 0.6375 0.078125 0.203125
0 0.3234375 0.62578125 0.0734375 0.15625
0 0.8203125 0.50078125 0.034375 0.0734375
0 0.659375 0.43046875 0.028125 0.0484375