0 0.85625 0.63203125 0.1703125 0.534375
0 0.6546875 0.775 0.334375 0.415625
0 0.78046875 0.6390625 0.078125 0.4609375
0 0.69921875 0.58359375 0.1140625 0.5
0 0.6078125 0.59296875 0.1109375 0.4609375
0 0.521875 0.57734375 0.1015625 0.4625
0 0.43203125 0.603125 0.10625 0.50625
0 0.328125 0.625 0.121875 0.3921875
0 0.228125 0.621875 0.1390625 0.4953125
0 0.12109375 0.64375 0.1453125 0.4234375
0 0.084375 0.44453125 0.134375 0.515625
0 0.1515625 0.42421875 0.140625 0.3015625
0 0.2734375 0.41875 0.075 0.2265625
0 0.215625 0.31015625 0.06875 0.16875
0 0.1703125 0.271875 0.0640625 0.165625
0 0.328125 0.3859375 0.10625 0.321875
0 0.2609375 0.240625 0.0640625 0.18125
0 0.321875 0.24375 0.0859375 0.19375
0 0.403125 0.2390625 0.0765625 0.1609375
0 0.39296875 0.43984375 0.059375 0.4078125
0 0.453125 0.32421875 0.0796875 0.284375
0 0.4796875 0.196875 0.040625 0.1546875
0 0.5234375 0.32890625 0.0796875 0.253125
0 0.515625 0.23671875 0.084375 0.140625
0 0.60078125 0.371875 0.09375 0.246875
0 0.8453125 0.3921875 0.0890625 0.371875
0 0.7796875 0.3203125 0.0984375 0.3515625
0 0.7046875 0.26953125 0.0796875 0.225
0 0.65703125 0.4453125 0.06875 0.440625
0 0.6046875 0.278125 0.0828125 0.15625
0 0.74375 0.203125 0.04375 0.1296875
0 0.63125 0.24453125 0.040625 0.1859375