0 0.36484375 0.6390625 0.078125 0.1734375
0 0.428125 0.59609375 0.0484375 0.2703125
0 0.484375 0.45703125 0.009375 0.015625
0 0.48125 0.5234375 0.028125 0.128125
0 0.528125 0.4921875 0.015625 0.0796875
0 0.51796875 0.45703125 0.009375 0.0171875
0 0.54375 0.46484375 0.0078125 0.0125
0 0.54375 0.51796875 0.01875 0.1265625
0 0.6078125 0.52734375 0.0546875 0.1921875
0 0.58984375 0.50546875 0.0234375 0.1046875
0 0.5671875 0.465625 0.0078125 0.025
0 0.5640625 0.565625 0.0234375 0.1140625
0 0.5609375 0.54375 0.040625 0.1953125
0 0.77265625 0.68671875 0.0859375 0.4640625
0 0.8609375 0.7140625 0.1953125 0.521875
0 0.515625 0.553125 0.05 0.1921875
0 0.5359375 0.459375 0.0078125 0.01875
0 0.5046875 0.48515625 0.009375 0.021875
0 0.6375 0.47890625 0.015625 0.0625
0 0.71875 0.68671875 0.0390625 0.228125
0 0.97578125 0.6578125 0.0453125 0.053125
0 0.940625 0.55 0.1140625 0.2078125