0 0.82734375 0.75859375 0.1609375 0.4796875
0 0.778125 0.6421875 0.221875 0.7125
0 0.66484375 0.70703125 0.1421875 0.584375
0 0.60390625 0.60703125 0.165625 0.784375
0 0.50703125 0.61328125 0.103125 0.7265625
0 0.37578125 0.6484375 0.3078125 0.7015625
0 0.31015625 0.53828125 0.1125 0.3109375
0 0.37578125 0.3578125 0.090625 0.153125
0 0.1703125 0.63515625 0.1921875 0.728125
0 0.27890625 0.50546875 0.0984375 0.4765625
0 0.40546875 0.3125 0.0953125 0.1953125
0 0.7828125 0.27578125 0.0265625 0.05625
0 0.67578125 0.3171875 0.0578125 0.153125
0 0.63046875 0.3203125 0.0265625 0.0515625
0 0.64609375 0.3046875 0.0328125 0.0921875
0 0.03984375 0.415625 0.065625 0.25625
0 0.88984375 0.3921875 0.190625 0.3375
0 0.1625 0.35390625 0.325 0.2140625