0 0.03125 0.8296875 0.0625 0.228125
0 0.0734375 0.81328125 0.05 0.225
0 0.12109375 0.8015625 0.0546875 0.2375
0 0.171875 0.81484375 0.0625 0.278125
0 0.22734375 0.8078125 0.0625 0.2921875
0 0.2859375 0.80625 0.0546875 0.278125
0 0.3359375 0.8078125 0.0640625 0.2609375
0 0.38984375 0.784375 0.040625 0.203125
0 0.421875 0.7890625 0.040625 0.2
0 0.43984375 0.77734375 0.0375 0.2140625
0 0.48125 0.78046875 0.040625 0.153125
0 0.51484375 0.7453125 0.034375 0.1484375
0 0.6734375 0.71015625 0.040625 0.2109375
0 0.71171875 0.70078125 0.053125 0.23125
0 0.74921875 0.75234375 0.0234375 0.1109375
0 0.78046875 0.7671875 0.0390625 0.1578125
0 0.834375 0.78125 0.0421875 0.1890625
0 0.86640625 0.78671875 0.0296875 0.178125
0 0.8984375 0.78515625 0.046875 0.1875
0 0.92734375 0.7953125 0.034375 0.171875
0 0.9828125 0.7890625 0.034375 0.1890625
0 0.02890625 0.71796875 0.0375 0.0578125
0 0.0578125 0.7203125 0.03125 0.0453125
0 0.153125 0.715625 0.0265625 0.0640625
0 0.2015625 0.79375 0.0359375 0.2078125
0 0.24921875 0.79140625 0.028125 0.2
0 0.2546875 0.80078125 0.034375 0.209375
0 0.3140625 0.7984375 0.025 0.1984375
0 0.35859375 0.7984375 0.0296875 0.1796875
0 0.9484375 0.78515625 0.0359375 0.1890625
0 0.509375 0.25 0.7453125 0.3140625