0 0.775 0.73984375 0.0421875 0.3578125
0 0.6828125 0.72421875 0.0375 0.3875
0 0.64453125 0.73984375 0.0484375 0.35
0 0.61171875 0.7328125 0.03125 0.33125
0 0.58828125 0.7078125 0.028125 0.35625
0 0.56171875 0.62109375 0.0109375 0.0875
0 0.50625 0.75078125 0.034375 0.3265625
0 0.55234375 0.78046875 0.0828125 0.434375
0 0.47734375 0.753125 0.0640625 0.4890625
0 0.4140625 0.7203125 0.11875 0.55625
0 0.33984375 0.73046875 0.0875 0.534375
0 0.25546875 0.72109375 0.125 0.553125
0 0.21328125 0.72578125 0.059375 0.5453125
0 0.3125 0.60625 0.0328125 0.1953125
0 0.1015625 0.71328125 0.0921875 0.5703125
0 0.17109375 0.62265625 0.01875 0.10625
0 0.18984375 0.62578125 0.0109375 0.1046875
0 0.19765625 0.62265625 0.0125 0.1109375
0 0.20546875 0.62890625 0.0109375 0.09375
0 0.2078125 0.60546875 0.009375 0.071875
0 0.2125 0.61328125 0.0109375 0.071875
0 0.0359375 0.75390625 0.071875 0.4875