0 0.02421875 0.52421875 0.0484375 0.0828125
0 0.0421875 0.5953125 0.0703125 0.15
0 0.0734375 0.69296875 0.1375 0.4265625
0 0.18125 0.7484375 0.140625 0.5
0 0.22890625 0.7765625 0.2203125 0.4421875
0 0.34375 0.6984375 0.1109375 0.4390625
0 0.4359375 0.73828125 0.1171875 0.5203125
0 0.5265625 0.76015625 0.0953125 0.4765625
0 0.6140625 0.76640625 0.10625 0.4640625
0 0.71484375 0.78203125 0.115625 0.434375
0 0.7890625 0.746875 0.125 0.503125
0 0.88671875 0.715625 0.1140625 0.565625
0 0.92578125 0.74921875 0.146875 0.4984375
0 0.92734375 0.453125 0.128125 0.184375
0 0.83671875 0.44921875 0.05625 0.1359375
0 0.84609375 0.40234375 0.0609375 0.0890625
0 0.78515625 0.44609375 0.078125 0.159375
0 0.77734375 0.4328125 0.0421875 0.1625
0 0.7015625 0.5640625 0.1109375 0.2515625
0 0.8015625 0.515625 0.09375 0.1953125
0 0.60390625 0.540625 0.1046875 0.2015625
0 0.5078125 0.53359375 0.090625 0.2140625
0 0.43828125 0.45234375 0.059375 0.109375
0 0.39140625 0.53359375 0.090625 0.25
0 0.31328125 0.496875 0.096875 0.1734375
0 0.2296875 0.58203125 0.0921875 0.4140625
0 0.434375 0.41484375 0.0640625 0.1390625
0 0.3859375 0.3828125 0.0671875 0.071875
0 0.4921875 0.40859375 0.06875 0.1640625
0 0.5296875 0.43359375 0.0421875 0.103125
0 0.55546875 0.4078125 0.0359375 0.078125
0 0.590625 0.446875 0.1015625 0.1671875
0 0.59609375 0.38671875 0.0453125 0.1078125
0 0.6359375 0.45 0.0515625 0.146875
0 0.6546875 0.40078125 0.046875 0.121875
0 0.665625 0.46484375 0.0609375 0.1375
0 0.7203125 0.39765625 0.0671875 0.1015625
0 0.378125 0.37421875 0.03125 0.0453125
0 0.34296875 0.4296875 0.046875 0.1109375
0 0.2921875 0.42734375 0.0390625 0.0640625
0 0.25546875 0.41796875 0.0484375 0.1078125
0 0.37109375 0.43984375 0.0578125 0.096875
0 0.953125 0.39921875 0.046875 0.071875
0 0.50546875 0.453125 0.0796875 0.1109375
0 0.73203125 0.39296875 0.059375 0.090625