0 0.0609375 0.653125 0.121875 0.5765625
0 0.2078125 0.63359375 0.115625 0.475
0 0.275 0.471875 0.03125 0.0671875
0 0.2828125 0.459375 0.015625 0.0359375
0 0.29609375 0.45390625 0.01875 0.040625
0 0.3046875 0.55234375 0.071875 0.221875
0 0.3171875 0.50234375 0.0546875 0.190625
0 0.36015625 0.4625 0.0375 0.06875
0 0.390625 0.45625 0.03125 0.084375
0 0.403125 0.45546875 0.0453125 0.10625
0 0.36328125 0.56875 0.0703125 0.2328125
0 0.4703125 0.66796875 0.1703125 0.5859375
0 0.48984375 0.459375 0.025 0.075
0 0.52421875 0.48359375 0.0546875 0.1578125
0 0.55390625 0.46171875 0.01875 0.0640625
0 0.5671875 0.4421875 0.0125 0.021875
0 0.58125 0.515625 0.046875 0.203125
0 0.6078125 0.5046875 0.0359375 0.1609375
0 0.6234375 0.5015625 0.021875 0.15
0 0.63359375 0.5171875 0.03125 0.1796875
0 0.67578125 0.43046875 0.0125 0.0296875
0 0.671875 0.53828125 0.0921875 0.271875
0 0.7046875 0.48671875 0.046875 0.1609375
0 0.73828125 0.45625 0.046875 0.084375
0 0.740625 0.5265625 0.0515625 0.246875
0 0.8125 0.459375 0.046875 0.0828125
0 0.790625 0.60546875 0.1421875 0.44375
0 0.853125 0.51875 0.040625 0.1859375
0 0.8921875 0.48515625 0.0515625 0.15
0 0.890625 0.48671875 0.0765625 0.16875
0 0.88203125 0.67421875 0.234375 0.6484375
0 0.34453125 0.45234375 0.0265625 0.04375
0 0.378125 0.43828125 0.028125 0.0375
0 0.48359375 0.4625 0.05625 0.065625
0 0.5453125 0.44375 0.009375 0.0203125
0 0.553125 0.50703125 0.0328125 0.0640625
0 0.98515625 0.4265625 0.028125 0.1703125