0 0.415625 0.79296875 0.1234375 0.409375
0 0.515625 0.7734375 0.2 0.45
0 0.57578125 0.790625 0.121875 0.415625
0 0.65 0.8046875 0.1046875 0.3875
0 0.74296875 0.790625 0.1203125 0.415625
0 0.19609375 0.68046875 0.1078125 0.565625
0 0.29140625 0.66953125 0.1640625 0.5578125
0 0.3046875 0.69296875 0.15 0.5109375
0 0.4046875 0.6421875 0.096875 0.4171875
0 0.47578125 0.52890625 0.078125 0.2015625
0 0.53203125 0.52734375 0.06875 0.246875
0 0.58828125 0.54453125 0.0671875 0.2734375
0 0.64140625 0.58046875 0.0671875 0.2796875
0 0.69375 0.5765625 0.071875 0.3046875
0 0.72109375 0.57109375 0.115625 0.3015625
0 0.7484375 0.3171875 0.1140625 0.24375
0 0.18828125 0.43359375 0.125 0.3796875
0 0.29375 0.321875 0.103125 0.3265625
0 0.34453125 0.3453125 0.11875 0.34375
0 0.41953125 0.353125 0.0765625 0.353125
0 0.48671875 0.3375 0.0875 0.30625
0 0.5484375 0.33828125 0.075 0.3015625
0 0.3921875 0.17890625 0.0390625 0.1546875
0 0.44921875 0.1890625 0.0515625 0.1609375
0 0.50234375 0.190625 0.0671875 0.16875