0 0.1375 0.434375 0.2328125 0.6296875
0 0.12265625 0.346875 0.2453125 0.6359375
0 0.24140625 0.13984375 0.0375 0.04375
0 0.259375 0.1296875 0.0171875 0.0234375
0 0.2765625 0.14296875 0.04375 0.0390625
0 0.31171875 0.08515625 0.0109375 0.025
0 0.3390625 0.2015625 0.1046875 0.3671875
0 0.38828125 0.34609375 0.1484375 0.603125
0 0.38671875 0.6 0.2453125 0.3625
0 0.44765625 0.58515625 0.5125 0.3171875
0 0.571875 0.478125 0.378125 0.9390625
0 0.79609375 0.52265625 0.3109375 0.9234375
0 0.6703125 0.12734375 0.1 0.153125
0 0.96171875 0.3171875 0.075 0.628125
0 0.8078125 0.14921875 0.225 0.2359375
0 0.47421875 0.0890625 0.03125 0.028125
0 0.47890625 0.1265625 0.10625 0.2078125
0 0.95078125 0.50078125 0.0796875 0.171875
0 0.7140625 0.12890625 0.0515625 0.071875
0 0.76875 0.0453125 0.1484375 0.0875
0 0.915625 0.0921875 0.0609375 0.0515625