0 0.09453125 0.5421875 0.1046875 0.23125
0 0.25546875 0.36484375 0.1015625 0.20625
0 0.1921875 0.19609375 0.0609375 0.1625
0 0.2796875 0.18671875 0.0828125 0.178125
0 0.484375 0.265625 0.0484375 0.0671875
0 0.45859375 0.22421875 0.025 0.03125
0 0.459375 0.2421875 0.028125 0.0390625
0 0.4859375 0.21875 0.0453125 0.0375
0 0.52109375 0.2375 0.028125 0.034375
0 0.509375 0.240625 0.034375 0.034375
0 0.5078125 0.2625 0.0328125 0.0375
0 0.390625 0.54765625 0.103125 0.2421875
0 0.25625 0.775 0.1265625 0.321875
0 0.33359375 0.7875 0.153125 0.2984375
0 0.484375 0.7265625 0.115625 0.334375
0 0.5375 0.72578125 0.05625 0.278125
0 0.553125 0.5609375 0.078125 0.23125
0 0.66875 0.49453125 0.05625 0.0953125
0 0.69921875 0.57578125 0.0578125 0.20625
0 0.68359375 0.6390625 0.1625 0.290625
0 0.74609375 0.5453125 0.1015625 0.25
0 0.8 0.6421875 0.121875 0.2515625
0 0.8 0.48359375 0.1015625 0.178125
0 0.95625 0.575 0.0859375 0.2578125
0 0.4265625 0.2140625 0.0359375 0.0375
0 0.48828125 0.240625 0.015625 0.0140625
0 0.1265625 0.87734375 0.2328125 0.0828125
0 0.48203125 0.48125 0.05 0.028125