0 0.47890625 0.58046875 0.20625 0.625
0 0.2375 0.58671875 0.190625 0.3703125
0 0.26953125 0.6046875 0.0109375 0.01875
0 0.2765625 0.64140625 0.025 0.09375
0 0.2984375 0.62734375 0.0296875 0.103125
0 0.328125 0.6328125 0.028125 0.1015625
0 0.34609375 0.63671875 0.021875 0.08125
0 0.3984375 0.596875 0.0875 0.2515625
0 0.54140625 0.62890625 0.021875 0.04375
0 0.5984375 0.62265625 0.0515625 0.2046875
0 0.69765625 0.60234375 0.096875 0.346875
0 0.75234375 0.63046875 0.0421875 0.15625
0 0.78359375 0.5890625 0.053125 0.309375
0 0.81640625 0.62734375 0.0390625 0.1375
0 0.83984375 0.60703125 0.0625 0.2421875
0 0.875 0.621875 0.0625 0.1859375
0 0.91015625 0.6328125 0.046875 0.1515625
0 0.92265625 0.63125 0.0390625 0.14375
0 0.159375 0.57265625 0.125 0.3234375
0 0.47421875 0.190625 0.01875 0.0375
0 0.475 0.27578125 0.025 0.0609375
0 0.078125 0.40625 0.0515625 0.0921875
0 0.31875 0.46875 0.03125 0.075
0 0.51015625 0.68984375 0.08125 0.0984375
0 0.68046875 0.69765625 0.0125 0.028125
0 0.97578125 0.65390625 0.0109375 0.025