0 0.0390625 0.88515625 0.078125 0.228125
0 0.125 0.8875 0.1 0.221875
0 0.0953125 0.90625 0.0296875 0.1859375
0 0.13203125 0.815625 0.0609375 0.096875
0 0.1375 0.81171875 0.0515625 0.09375
0 0.17421875 0.8078125 0.03125 0.075
0 0.18828125 0.89609375 0.0796875 0.20625
0 0.36640625 0.90390625 0.0828125 0.1890625
0 0.4328125 0.890625 0.075 0.2171875
0 0.4578125 0.8234375 0.0234375 0.0671875
0 0.4875 0.90703125 0.0609375 0.184375
0 0.65859375 0.865625 0.065625 0.1515625
0 0.696875 0.90078125 0.0484375 0.196875
0 0.7515625 0.8828125 0.09375 0.23125
0 0.7875 0.8921875 0.0359375 0.2140625
0 0.8375 0.8828125 0.0859375 0.23125
0 0.871875 0.85 0.0390625 0.1078125
0 0.89765625 0.8296875 0.025 0.0953125
0 0.91484375 0.82578125 0.021875 0.0765625
0 0.9234375 0.83203125 0.0328125 0.0671875
0 0.971875 0.88359375 0.0546875 0.2296875
0 0.33125 0.8265625 0.040625 0.05625
0 0.8171875 0.81484375 0.0390625 0.0578125