0 0.41484375 0.50703125 0.14375 0.178125
0 0.48203125 0.48984375 0.15 0.215625
0 0.57421875 0.41796875 0.1171875 0.15
0 0.61328125 0.3875 0.1078125 0.15
0 0.0234375 0.371875 0.04375 0.075
0 0.20078125 0.29609375 0.0328125 0.078125
0 0.24375 0.12109375 0.0203125 0.065625
0 0.190625 0.11796875 0.0171875 0.0625
0 0.10390625 0.09765625 0.0203125 0.0234375
0 0.0140625 0.10390625 0.028125 0.0421875
0 0.259375 0.015625 0.015625 0.03125
0 0.3328125 0.14609375 0.0359375 0.075
0 0.0125 0.05625 0.025 0.059375
0 0.04765625 0.0078125 0.075 0.015625
0 0.03203125 0.14140625 0.0640625 0.0546875