0 0.0375 0.7296875 0.0640625 0.20625
0 0.0171875 0.74140625 0.025 0.1296875
0 0.07890625 0.7234375 0.0640625 0.2109375
0 0.11640625 0.7421875 0.0390625 0.153125
0 0.15234375 0.7359375 0.0484375 0.18125
0 0.21171875 0.734375 0.0234375 0.0875
0 0.203125 0.7296875 0.0171875 0.08125
0 0.228125 0.71953125 0.015625 0.03125
0 0.25 0.7375 0.0296875 0.1578125
0 0.27421875 0.73359375 0.01875 0.0515625
0 0.309375 0.7484375 0.028125 0.18125
0 0.33046875 0.74609375 0.0640625 0.196875
0 0.3859375 0.72578125 0.0390625 0.253125
0 0.41484375 0.7625 0.078125 0.3390625
0 0.44921875 0.74453125 0.0390625 0.1984375
0 0.4984375 0.746875 0.040625 0.1875
0 0.54765625 0.74296875 0.0421875 0.1859375
0 0.5265625 0.76171875 0.025 0.1546875
0 0.540625 0.7546875 0.065625 0.25625
0 0.57734375 0.7484375 0.028125 0.178125
0 0.596875 0.7453125 0.0359375 0.203125
0 0.64140625 0.74609375 0.0578125 0.1984375
0 0.6890625 0.7375 0.034375 0.1984375
0 0.71328125 0.75078125 0.046875 0.21875
0 0.73671875 0.74375 0.0265625 0.2078125
0 0.75078125 0.74765625 0.0359375 0.21875
0 0.79375 0.74375 0.05 0.2265625
0 0.81328125 0.7421875 0.0390625 0.196875
0 0.83984375 0.7375 0.0546875 0.234375
0 0.87265625 0.74140625 0.0421875 0.1671875
0 0.92890625 0.76953125 0.0375 0.140625
0 0.984375 0.746875 0.0296875 0.171875
0 0.125 0.71796875 0.0078125 0.0390625
0 0.3609375 0.7265625 0.025 0.0390625
0 0.63984375 0.79296875 0.028125 0.08125
0 0.6625 0.70703125 0.0125 0.021875
0 0.7734375 0.68046875 0.01875 0.078125
0 0.20390625 0.69765625 0.0109375 0.0125