0 0.0140625 0.84375 0.01875 0.0609375
0 0.028125 0.84296875 0.0171875 0.0625
0 0.10078125 0.78359375 0.0109375 0.034375
0 0.109375 0.7828125 0.0078125 0.0359375
0 0.1265625 0.8203125 0.015625 0.025
0 0.18125 0.79453125 0.015625 0.065625
0 0.18515625 0.7953125 0.015625 0.0625
0 0.19453125 0.78125 0.0109375 0.0515625
0 0.20078125 0.7953125 0.015625 0.0625
0 0.21015625 0.79375 0.0140625 0.0625
0 0.2203125 0.79296875 0.0109375 0.0640625
0 0.22734375 0.79296875 0.009375 0.0578125
0 0.321875 0.8234375 0.028125 0.1015625
0 0.3421875 0.821875 0.0171875 0.090625
0 0.35390625 0.7984375 0.0234375 0.040625
0 0.375 0.83125 0.0359375 0.103125
0 0.35 0.80078125 0.0203125 0.0453125
0 0.38515625 0.8171875 0.0171875 0.071875
0 0.4078125 0.79921875 0.015625 0.0296875
0 0.4296875 0.8 0.021875 0.065625
0 0.4171875 0.8203125 0.034375 0.06875
0 0.459375 0.81640625 0.0296875 0.0703125
0 0.478125 0.83046875 0.0328125 0.078125
0 0.51015625 0.80234375 0.01875 0.028125
0 0.5265625 0.8328125 0.0390625 0.0921875
0 0.575 0.80390625 0.034375 0.0453125
0 0.58828125 0.79375 0.025 0.05625
0 0.58984375 0.82578125 0.0296875 0.065625
0 0.5890625 0.834375 0.0234375 0.05625
0 0.57890625 0.87890625 0.05625 0.1296875
0 0.5546875 0.84921875 0.021875 0.053125
0 0.53671875 0.85625 0.040625 0.0609375
0 0.540625 0.91875 0.046875 0.159375
0 0.5046875 0.86484375 0.028125 0.06875
0 0.50546875 0.8734375 0.028125 0.0625
0 0.453125 0.90234375 0.053125 0.1921875
0 0.43515625 0.90703125 0.028125 0.1828125
0 0.4140625 0.9078125 0.0328125 0.18125
0 0.39375 0.91953125 0.04375 0.1578125
0 0.35234375 0.909375 0.05 0.178125
0 0.33515625 0.921875 0.0421875 0.153125
0 0.228125 0.91875 0.0296875 0.159375
0 0.20625 0.91640625 0.04375 0.1640625
0 0.58359375 0.9296875 0.0546875 0.1390625
0 0.62578125 0.86171875 0.05625 0.096875
0 0.63046875 0.8578125 0.0578125 0.1046875
0 0.65234375 0.8921875 0.0296875 0.1921875
0 0.67265625 0.8984375 0.04375 0.1765625
0 0.70078125 0.89375 0.0390625 0.1796875
0 0.7171875 0.82265625 0.015625 0.028125
0 0.72265625 0.9109375 0.0328125 0.1765625
0 0.74375 0.84296875 0.0390625 0.0859375
0 0.746875 0.91875 0.03125 0.159375
0 0.7734375 0.91484375 0.0578125 0.16875
0 0.82734375 0.91484375 0.0671875 0.16875
0 0.865625 0.92109375 0.0375 0.1546875
0 0.89375 0.8015625 0.0125 0.059375
0 0.9078125 0.8 0.0109375 0.04375
0 0.928125 0.803125 0.0140625 0.05625
0 0.934375 0.8 0.0140625 0.0515625
0 0.03125 0.76796875 0.0625 0.059375
0 0.165625 0.77578125 0.0328125 0.0375
0 0.38984375 0.684375 0.0515625 0.0265625
0 0.77890625 0.7546875 0.0390625 0.0203125
0 0.8234375 0.7796875 0.0234375 0.0421875
0 0.4625 0.7515625 0.31875 0.0890625
0 0.15234375 0.821875 0.0296875 0.021875
0 0.665625 0.821875 0.0171875 0.0328125
0 0.69765625 0.81875 0.028125 0.0453125
0 0.76640625 0.82578125 0.015625 0.028125
0 0.671875 0.70703125 0.0234375 0.0203125
0 0.1765625 0.7296875 0.08125 0.028125
0 0.74375 0.665625 0.025 0.0203125