0 0.06484375 0.54921875 0.1296875 0.16875
0 0.12890625 0.49296875 0.053125 0.0703125
0 0.146875 0.51171875 0.0609375 0.0625
0 0.1734375 0.54375 0.1984375 0.2265625
0 0.29765625 0.55390625 0.1390625 0.1578125
0 0.3625 0.54921875 0.0703125 0.146875
0 0.4015625 0.5140625 0.0640625 0.0609375
0 0.44453125 0.55625 0.2046875 0.23125
0 0.4796875 0.546875 0.1265625 0.184375
0 0.55625 0.5484375 0.0453125 0.1234375
0 0.78359375 0.54921875 0.275 0.25625
0 0.7796875 0.53515625 0.209375 0.2140625
0 0.6203125 0.5328125 0.0234375 0.0703125
0 0.63203125 0.53671875 0.015625 0.059375
0 0.8484375 0.53828125 0.021875 0.0703125
0 0.86171875 0.53359375 0.028125 0.08125
0 0.875 0.53203125 0.0265625 0.090625
0 0.9234375 0.53203125 0.0203125 0.0921875
0 0.93515625 0.53046875 0.0234375 0.09375
0 0.9796875 0.5296875 0.0234375 0.0921875
0 0.43125 0.5171875 0.046875 0.04375
0 0.43125 0.51875 0.0453125 0.046875
0 0.55390625 0.54765625 0.0546875 0.121875
0 0.70625 0.5515625 0.090625 0.140625
0 0.6015625 0.553125 0.0734375 0.1140625
0 0.7234375 0.49921875 0.0265625 0.0390625
0 0.24609375 0.5078125 0.0546875 0.065625
0 0.32109375 0.5 0.046875 0.046875
0 0.3828125 0.503125 0.053125 0.03125
0 0.93046875 0.5015625 0.0078125 0.0171875