0 0.87109375 0.6125 0.0703125 0.096875
0 0.9796875 0.63203125 0.0390625 0.1671875
0 0.93515625 0.753125 0.125 0.3078125
0 0.94453125 0.6109375 0.05625 0.059375
0 0.75859375 0.80390625 0.1015625 0.34375
0 0.81171875 0.7609375 0.075 0.3015625
0 0.7828125 0.61640625 0.0390625 0.0796875
0 0.74375 0.6875 0.0546875 0.178125
0 0.66171875 0.753125 0.065625 0.271875
0 0.62265625 0.65703125 0.0421875 0.109375
0 0.6046875 0.68125 0.0609375 0.1375
0 0.58828125 0.81328125 0.1125 0.3703125
0 0.52421875 0.76328125 0.06875 0.2890625
0 0.475 0.66640625 0.025 0.1
0 0.46875 0.69921875 0.0375 0.128125
0 0.41953125 0.70078125 0.0359375 0.1765625
0 0.4484375 0.74140625 0.059375 0.2328125
0 0.3796875 0.65703125 0.0125 0.0421875
0 0.3890625 0.7890625 0.075 0.2359375
0 0.3625 0.79296875 0.05625 0.228125
0 0.30859375 0.7640625 0.1296875 0.2890625
0 0.23671875 0.715625 0.05 0.18125
0 0.19921875 0.7703125 0.075 0.225
0 0.15546875 0.7578125 0.0484375 0.2125
0 0.11171875 0.7375 0.06875 0.253125
0 0.07890625 0.7453125 0.0375 0.190625
0 0.0296875 0.76484375 0.059375 0.2515625
0 0.5484375 0.66640625 0.01875 0.03125
0 0.44453125 0.62109375 0.040625 0.0515625
0 0.4015625 0.646875 0.0328125 0.065625
0 0.34453125 0.66796875 0.0609375 0.109375
0 0.26796875 0.70234375 0.046875 0.1609375
0 0.21953125 0.66171875 0.028125 0.053125
0 0.0546875 0.71015625 0.05625 0.153125
0 0.003125 0.65390625 0.00625 0.0234375
0 0.98359375 0.80546875 0.03125 0.2078125
0 0.13828125 0.65625 0.0203125 0.0484375
0 0.17734375 0.646875 0.0578125 0.040625
0 0.1765625 0.68046875 0.021875 0.028125
0 0.38984375 0.70234375 0.0328125 0.05