0 0.11875 0.55078125 0.203125 0.8953125
0 0.31640625 0.565625 0.2 0.86875
0 0.4875 0.56796875 0.171875 0.8625
0 0.67890625 0.5859375 0.1984375 0.828125
0 0.89453125 0.53515625 0.2015625 0.9296875
0 0.02578125 0.72421875 0.0515625 0.18125
0 0.04453125 0.7203125 0.04375 0.1859375
0 0.02734375 0.721875 0.0546875 0.184375
0 0.07265625 0.62265625 0.0671875 0.3421875
0 0.10078125 0.31953125 0.0625 0.1296875
0 0.1109375 0.253125 0.0671875 0.203125
0 0.1546875 0.22421875 0.05625 0.1671875
0 0.26796875 0.31328125 0.078125 0.346875
0 0.33203125 0.25859375 0.0609375 0.228125
0 0.38359375 0.259375 0.065625 0.275
0 0.43359375 0.27265625 0.05625 0.29375
0 0.48671875 0.259375 0.0671875 0.2859375
0 0.54140625 0.3296875 0.0625 0.3234375
0 0.58671875 0.28828125 0.05 0.3109375
0 0.63828125 0.3 0.0640625 0.3265625
0 0.63984375 0.3109375 0.046875 0.3453125
0 0.93671875 0.3453125 0.0640625 0.30625
0 0.96171875 0.66640625 0.0578125 0.2796875
0 0.9625 0.88671875 0.0625 0.2265625
0 0.60703125 0.83203125 0.0515625 0.15625
0 0.575 0.74609375 0.046875 0.1421875
0 0.578125 0.65390625 0.05 0.1734375
0 0.7859375 0.94296875 0.046875 0.1109375
0 0.4078125 0.678125 0.0484375 0.2390625
0 0.4203125 0.846875 0.03125 0.303125
0 0.23671875 0.784375 0.05 0.203125
0 0.22421875 0.68203125 0.0765625 0.175
0 0.19609375 0.84296875 0.0390625 0.3078125
0 0.0125 0.60859375 0.025 0.1671875
0 0.0625 0.13359375 0.125 0.2671875
0 0.03984375 0.41875 0.0625 0.2203125
0 0.73359375 0.065625 0.53125 0.128125
0 0.5875 0.7 0.075 0.425
0 0.7765625 0.69453125 0.0796875 0.3875
0 0.22265625 0.6359375 0.090625 0.28125
0 0.39375 0.75234375 0.0234375 0.4953125
0 0.41015625 0.5375 0.0125 0.06875
0 0.971875 0.36015625 0.053125 0.4640625
0 0.98984375 0.73203125 0.0203125 0.2828125
0 0.79765625 0.31640625 0.284375 0.3734375
0 0.540625 0.18046875 0.23125 0.1015625
0 0.2 0.25078125 0.134375 0.4125