0 0.0765625 0.79609375 0.153125 0.4046875
0 0.1453125 0.8203125 0.078125 0.3578125
0 0.18203125 0.81640625 0.065625 0.29375
0 0.22734375 0.7796875 0.071875 0.290625
0 0.240625 0.6640625 0.0609375 0.1015625
0 0.31640625 0.81484375 0.209375 0.3671875
0 0.3421875 0.709375 0.0453125 0.0984375
0 0.3359375 0.665625 0.03125 0.0546875
0 0.41015625 0.825 0.1140625 0.346875
0 0.44453125 0.71015625 0.028125 0.0859375
0 0.45625 0.678125 0.01875 0.0265625
0 0.4734375 0.68515625 0.0265625 0.0640625
0 0.5 0.8140625 0.1 0.271875
0 0.56875 0.81015625 0.0796875 0.2765625
0 0.64140625 0.79921875 0.096875 0.3125
0 0.7375 0.74921875 0.046875 0.178125
0 0.771875 0.675 0.028125 0.0390625
0 0.78828125 0.79609375 0.0890625 0.325
0 0.86171875 0.68984375 0.034375 0.040625
0 0.9 0.6890625 0.025 0.0328125
0 0.92109375 0.68203125 0.0328125 0.04375
0 0.94453125 0.80859375 0.096875 0.3296875
0 0.990625 0.69765625 0.0171875 0.090625
0 0.428125 0.67578125 0.0203125 0.0390625
0 0.5109375 0.73046875 0.03125 0.121875
0 0.53046875 0.7453125 0.0328125 0.146875
0 0.54765625 0.7484375 0.0359375 0.1640625
0 0.56640625 0.68046875 0.046875 0.078125
0 0.6 0.74140625 0.0328125 0.14375
0 0.6171875 0.68359375 0.028125 0.04375
0 0.6875 0.71796875 0.03125 0.1234375
0 0.12578125 0.6765625 0.0890625 0.0828125
0 0.2015625 0.7390625 0.0375 0.1953125
0 0.36796875 0.696875 0.0390625 0.090625
0 0.44921875 0.66484375 0.028125 0.015625
0 0.5140625 0.6578125 0.071875 0.0515625
0 0.61484375 0.675 0.05 0.0359375
0 0.66328125 0.6828125 0.0234375 0.0390625