0 0.29140625 0.6921875 0.1859375 0.3421875
0 0.1328125 0.33359375 0.078125 0.2203125
0 0.21796875 0.39375 0.053125 0.090625
0 0.30234375 0.36171875 0.0296875 0.078125
0 0.22734375 0.371875 0.03125 0.0484375
0 0.34453125 0.428125 0.0921875 0.184375
0 0.346875 0.3578125 0.0265625 0.0484375
0 0.4890625 0.30234375 0.05 0.1421875
0 0.55 0.3203125 0.10625 0.215625
0 0.5828125 0.4703125 0.059375 0.20625
0 0.60703125 0.353125 0.0390625 0.1
0 0.634375 0.4109375 0.0515625 0.196875
0 0.6953125 0.3484375 0.0515625 0.125
0 0.7265625 0.47578125 0.140625 0.3109375
0 0.72109375 0.31875 0.046875 0.06875
0 0.77421875 0.34296875 0.071875 0.1640625
0 0.7703125 0.55625 0.2125 0.5
0 0.82734375 0.61484375 0.3125 0.5921875
0 0.9296875 0.38046875 0.0390625 0.078125
0 0.96328125 0.33046875 0.065625 0.1
0 0.3890625 0.41015625 0.0421875 0.1328125
0 0.6609375 0.4 0.04375 0.1125
0 0.41015625 0.36640625 0.0109375 0.0453125
0 0.9671875 0.38671875 0.0640625 0.046875
0 0.90703125 0.33984375 0.0375 0.0328125
0 0.95 0.353125 0.0140625 0.0171875