0 0.03125 0.63515625 0.0625 0.4421875
0 0.0421875 0.51171875 0.084375 0.4953125
0 0.04609375 0.53359375 0.0921875 0.375
0 0.21015625 0.37265625 0.184375 0.475
0 0.27734375 0.43671875 0.184375 0.3796875
0 0.4546875 0.55546875 0.23125 0.7078125
0 0.6796875 0.59375 0.18125 0.6328125
0 0.5375 0.390625 0.0828125 0.2484375
0 0.596875 0.42421875 0.0546875 0.1578125
0 0.740625 0.4359375 0.0640625 0.2703125
0 0.7796875 0.36484375 0.1171875 0.146875
0 0.88515625 0.59140625 0.2171875 0.6359375
0 0.353125 0.41171875 0.0546875 0.2875
0 0.971875 0.3171875 0.0296875 0.0796875
0 0.86875 0.284375 0.090625 0.10625
0 0.31953125 0.2984375 0.059375 0.09375
0 0.37890625 0.34453125 0.0296875 0.1234375