0 0.01640625 0.63828125 0.025 0.0421875
0 0.03515625 0.63828125 0.0296875 0.05625
0 0.07265625 0.67578125 0.0390625 0.121875
0 0.10078125 0.646875 0.03125 0.05625
0 0.15078125 0.67890625 0.0484375 0.140625
0 0.18359375 0.68359375 0.034375 0.128125
0 0.22421875 0.67109375 0.04375 0.128125
0 0.25859375 0.634375 0.0484375 0.0609375
0 0.290625 0.6390625 0.053125 0.0578125
0 0.31640625 0.634375 0.0359375 0.05625
0 0.2 0.62734375 0.021875 0.034375
0 0.16796875 0.6328125 0.0203125 0.0390625
0 0.11484375 0.6703125 0.0390625 0.1125
0 0.08359375 0.640625 0.0203125 0.04375
0 0.45390625 0.62734375 0.015625 0.0484375
0 0.47734375 0.628125 0.0296875 0.0421875
0 0.4859375 0.62421875 0.01875 0.046875
0 0.5109375 0.64609375 0.034375 0.0875
0 0.5265625 0.62265625 0.025 0.0421875
0 0.50859375 0.6140625 0.0078125 0.028125
0 0.55859375 0.646875 0.0265625 0.08125
0 0.578125 0.6421875 0.025 0.0765625
0 0.60625 0.6046875 0.0265625 0.0609375
0 0.47109375 0.628125 0.01875 0.04375
0 0.54921875 0.603125 0.0203125 0.028125
0 0.01015625 0.63359375 0.01875 0.0421875