0 0.346875 0.70078125 0.2859375 0.596875
0 0.9765625 0.7 0.0453125 0.128125
0 0.9359375 0.6375 0.0421875 0.046875
0 0.90078125 0.6375 0.021875 0.0359375
0 0.6921875 0.65703125 0.0125 0.0546875
0 0.71328125 0.65703125 0.0125 0.05
0 0.70546875 0.65703125 0.0125 0.046875
0 0.7375 0.64375 0.0078125 0.0140625
0 0.79375 0.64375 0.0078125 0.0125
0 0.8234375 0.64453125 0.009375 0.0109375
0 0.86015625 0.65234375 0.0125 0.0390625
0 0.86640625 0.63984375 0.0046875 0.0078125
0 0.8859375 0.6375 0.0234375 0.03125
0 0.9 0.63828125 0.0203125 0.0328125
0 0.96953125 0.63046875 0.0609375 0.0640625
0 0.915625 0.6328125 0.0171875 0.0390625
0 0.86875 0.6171875 0.0515625 0.046875
0 0.90078125 0.61015625 0.0125 0.021875
0 0.70390625 0.7140625 0.034375 0.05