0 0.2640625 0.7 0.1484375 0.425
0 0.29453125 0.525 0.078125 0.1203125
0 0.3546875 0.503125 0.0828125 0.128125
0 0.43359375 0.5046875 0.0765625 0.09375
0 0.55078125 0.4953125 0.06875 0.16875
0 0.60703125 0.45625 0.0578125 0.0921875
0 0.64453125 0.44921875 0.053125 0.08125
0 0.66328125 0.44921875 0.0515625 0.0625
0 0.73359375 0.46796875 0.046875 0.084375
0 0.22890625 0.48828125 0.065625 0.115625
0 0.30546875 0.478125 0.046875 0.109375
0 0.1828125 0.4796875 0.0453125 0.084375
0 0.1828125 0.440625 0.0484375 0.0765625
0 0.2671875 0.44453125 0.040625 0.08125
0 0.28046875 0.43515625 0.0265625 0.0578125
0 0.30078125 0.4140625 0.01875 0.028125
0 0.3203125 0.45078125 0.028125 0.059375
0 0.3609375 0.42890625 0.0265625 0.0484375
0 0.38359375 0.465625 0.034375 0.10625
0 0.403125 0.4328125 0.03125 0.059375
0 0.42109375 0.459375 0.0578125 0.09375
0 0.446875 0.43671875 0.0328125 0.0546875
0 0.48046875 0.4359375 0.0234375 0.0546875
0 0.475 0.45625 0.0453125 0.06875
0 0.50234375 0.45390625 0.04375 0.06875
0 0.5265625 0.44453125 0.028125 0.071875
0 0.1703125 0.575 0.0203125 0.075
0 0.24375 0.4203125 0.025 0.0328125
0 0.33828125 0.4359375 0.021875 0.040625
0 0.696875 0.37734375 0.065625 0.0609375
0 0.59375 0.384375 0.0546875 0.06875
0 0.5 0.38203125 0.05 0.0671875
0 0.41953125 0.38125 0.0375 0.06875