0 0.0921875 0.49375 0.128125 0.1265625
0 0.18984375 0.4734375 0.078125 0.1203125
0 0.4078125 0.43984375 0.0375 0.06875
0 0.4796875 0.446875 0.0515625 0.09375
0 0.51875 0.459375 0.0765625 0.1078125
0 0.54140625 0.40078125 0.0265625 0.05
0 0.56875 0.4609375 0.0703125 0.0984375
0 0.60625 0.42578125 0.046875 0.134375
0 0.6296875 0.465625 0.0890625 0.1265625
0 0.74765625 0.425 0.05625 0.109375
0 0.7953125 0.465625 0.059375 0.0890625
0 0.8265625 0.51484375 0.0546875 0.1671875
0 0.8625 0.56875 0.084375 0.259375
0 0.7890625 0.61484375 0.096875 0.35625
0 0.6890625 0.75625 0.125 0.4859375
0 0.6 0.75234375 0.16875 0.4921875
0 0.4484375 0.77578125 0.225 0.4453125
0 0.06171875 0.83359375 0.1234375 0.3296875
0 0.89375 0.45546875 0.0234375 0.1875
0 0.8984375 0.4546875 0.034375 0.1828125
0 0.753125 0.628125 0.08125 0.3125
0 0.2390625 0.4296875 0.0671875 0.1171875
0 0.50625 0.19765625 0.096875 0.1296875
0 0.66328125 0.4078125 0.021875 0.0515625
0 0.709375 0.4171875 0.0234375 0.0609375
0 0.84375 0.39765625 0.0546875 0.075
0 0.95234375 0.50078125 0.09375 0.29375