0 0.09921875 0.83046875 0.1046875 0.3359375
0 0.2171875 0.8 0.121875 0.396875
0 0.3140625 0.86953125 0.04375 0.209375
0 0.38359375 0.86640625 0.0671875 0.203125
0 0.45703125 0.86328125 0.0515625 0.146875
0 0.5046875 0.865625 0.0515625 0.1921875
0 0.50703125 0.87109375 0.046875 0.2015625
0 0.553125 0.86796875 0.059375 0.190625
0 0.5671875 0.85546875 0.0359375 0.2015625
0 0.703125 0.8734375 0.0671875 0.24375
0 0.29375 0.403125 0.0171875 0.0390625
0 0.3578125 0.48828125 0.025 0.05
0 0.275 0.49140625 0.0203125 0.034375
0 0.3375 0.76796875 0.025 0.053125
0 0.3328125 0.81640625 0.0171875 0.04375
0 0.575 0.77578125 0.0171875 0.0484375
0 0.6484375 0.775 0.0953125 0.053125
0 0.7421875 0.77421875 0.0609375 0.0515625
0 0.64609375 0.8546875 0.0375 0.046875
0 0.7390625 0.84296875 0.0234375 0.0375
0 0.02109375 0.73203125 0.0421875 0.1375
0 0.88828125 0.79140625 0.0390625 0.096875