0 0.19609375 0.759375 0.103125 0.3140625
0 0.28125 0.76171875 0.0953125 0.2953125
0 0.3765625 0.75390625 0.1171875 0.315625
0 0.85390625 0.78046875 0.1 0.278125
0 0.9375 0.73828125 0.0828125 0.190625
0 0.95859375 0.709375 0.04375 0.096875
0 0.9875 0.7234375 0.025 0.078125
0 0.64140625 0.76484375 0.0671875 0.303125
0 0.1703125 0.55 0.040625 0.1640625
0 0.2109375 0.55703125 0.0390625 0.159375
0 0.2296875 0.58046875 0.0265625 0.1140625
0 0.27265625 0.5703125 0.0234375 0.1140625
0 0.2984375 0.553125 0.0515625 0.1953125
0 0.34609375 0.5546875 0.053125 0.1875
0 0.3921875 0.559375 0.046875 0.184375
0 0.44453125 0.58203125 0.0484375 0.1796875
0 0.46640625 0.621875 0.025 0.0703125
0 0.49453125 0.61640625 0.03125 0.084375
0 0.53125 0.621875 0.03125 0.075
0 0.690625 0.5328125 0.090625 0.15625
0 0.80859375 0.565625 0.0375 0.1140625
0 0.83671875 0.5578125 0.034375 0.0984375
0 0.8953125 0.5296875 0.0328125 0.1046875
0 0.94296875 0.46328125 0.0453125 0.1734375
0 0.98359375 0.45625 0.0328125 0.15
0 0.8078125 0.7734375 0.0125 0.1703125
0 0.87890625 0.671875 0.025 0.028125
0 0.89296875 0.80859375 0.0265625 0.121875
0 0.42890625 0.63671875 0.009375 0.03125
0 0.49921875 0.590625 0.009375 0.01875
0 0.04921875 0.2953125 0.09375 0.115625