0 0.1265625 0.0421875 0.05625 0.084375
0 0.11640625 0.11640625 0.0625 0.1390625
0 0.1703125 0.12109375 0.0453125 0.125
0 0.1734375 0.05234375 0.040625 0.1046875
0 0.221875 0.0390625 0.059375 0.078125
0 0.28046875 0.03828125 0.05625 0.0765625
0 0.45703125 0.08203125 0.0375 0.1046875
0 0.409375 0.12890625 0.04375 0.128125
0 0.5078125 0.08359375 0.0515625 0.0984375
0 0.54453125 0.065625 0.0515625 0.13125
0 0.68359375 0.0859375 0.0375 0.0953125
0 0.72578125 0.1515625 0.0515625 0.084375
0 0.78515625 0.0703125 0.053125 0.140625
0 0.78984375 0.28046875 0.05625 0.24375
0 0.83515625 0.06640625 0.0484375 0.1328125
0 0.88125 0.07109375 0.046875 0.1421875
0 0.928125 0.06640625 0.0546875 0.1328125
0 0.97734375 0.0671875 0.0421875 0.134375
0 0.35 0.2203125 0.0546875 0.2203125
0 0.30078125 0.1578125 0.0515625 0.103125
0 0.246875 0.1640625 0.040625 0.08125
0 0.73359375 0.38984375 0.2046875 0.390625
0 0.29609375 0.28359375 0.090625 0.353125
0 0.34140625 0.3828125 0.096875 0.590625
0 0.36328125 0.590625 0.234375 0.303125
0 0.41171875 0.375 0.1078125 0.615625
0 0.478125 0.39296875 0.1140625 0.584375
0 0.54609375 0.41640625 0.1171875 0.5796875
0 0.625 0.41953125 0.159375 0.559375
0 0.24375 0.61484375 0.1171875 0.6
0 0.34140625 0.04296875 0.0640625 0.0859375
0 0.43046875 0.01171875 0.109375 0.0234375