0 0.5984375 0.76953125 0.0390625 0.1359375
0 0.6296875 0.76328125 0.0265625 0.1375
0 0.64765625 0.75546875 0.0234375 0.08125
0 0.8046875 0.7671875 0.0234375 0.028125
0 0.83984375 0.7546875 0.0234375 0.0703125
0 0.88125 0.75625 0.015625 0.065625
0 0.90390625 0.78203125 0.0203125 0.040625
0 0.92890625 0.74765625 0.015625 0.0296875
0 0.940625 0.74921875 0.01875 0.0421875
0 0.9625 0.759375 0.0171875 0.065625
0 0.97421875 0.77890625 0.028125 0.078125
0 0.990625 0.7421875 0.0171875 0.034375
0 0.290625 0.73984375 0.0234375 0.0671875
0 0.48828125 0.73125 0.2 0.046875
0 0.72421875 0.73515625 0.1265625 0.078125
0 0.803125 0.73828125 0.0265625 0.0421875
0 0.86484375 0.74140625 0.0171875 0.0390625
0 0.91875 0.7453125 0.025 0.0515625
0 0.34609375 0.728125 0.0734375 0.0625