0 0.1296875 0.471875 0.240625 0.6921875
0 0.16953125 0.4453125 0.1609375 0.46875
0 0.221875 0.4 0.0921875 0.3875
0 0.27734375 0.3484375 0.121875 0.540625
0 0.34921875 0.54765625 0.165625 0.509375
0 0.3765625 0.428125 0.0890625 0.4234375
0 0.4671875 0.534375 0.1375 0.5578125
0 0.478125 0.4546875 0.103125 0.3984375
0 0.53984375 0.41484375 0.06875 0.4078125
0 0.6 0.390625 0.071875 0.403125
0 0.6328125 0.45234375 0.178125 0.56875
0 0.6734375 0.2171875 0.0328125 0.0640625
0 0.6828125 0.43984375 0.13125 0.496875
0 0.74296875 0.4078125 0.115625 0.4234375
0 0.8 0.5828125 0.234375 0.615625
0 0.82578125 0.3125 0.096875 0.16875
0 0.909375 0.45625 0.1078125 0.45
0 0.959375 0.4125 0.065625 0.4234375
0 0.9625 0.43671875 0.059375 0.3765625
0 0.971875 0.18828125 0.0484375 0.146875
0 0.5890625 0.77734375 0.215625 0.1125
0 0.05390625 0.72265625 0.10625 0.14375
0 0.25546875 0.7015625 0.1234375 0.14375
0 0.39921875 0.7140625 0.1046875 0.1390625