0 0.95078125 0.54453125 0.0296875 0.1265625
0 0.9234375 0.54453125 0.0375 0.11875
0 0.99609375 0.55390625 0.0078125 0.1578125
0 0.821875 0.75625 0.1265625 0.446875
0 0.83515625 0.67421875 0.0828125 0.4921875
0 0.76875 0.68359375 0.0671875 0.4578125
0 0.690625 0.796875 0.140625 0.34375
0 0.790625 0.65546875 0.0484375 0.4375
0 0.71015625 0.6046875 0.0671875 0.2
0 0.659375 0.6890625 0.0859375 0.3453125
0 0.728125 0.51953125 0.04375 0.1265625
0 0.7515625 0.47734375 0.040625 0.1015625
0 0.665625 0.5078125 0.05625 0.146875
0 0.590625 0.7203125 0.090625 0.4234375
0 0.5890625 0.57734375 0.0625 0.2421875
0 0.62890625 0.5078125 0.040625 0.140625
0 0.52109375 0.70546875 0.0890625 0.41875
0 0.56328125 0.55078125 0.040625 0.215625
0 0.52109375 0.653125 0.0578125 0.4578125
0 0.39765625 0.77734375 0.159375 0.4109375
0 0.4546875 0.703125 0.0796875 0.4390625
0 0.47578125 0.66640625 0.0578125 0.4453125
0 0.5 0.4625 0.034375 0.125
0 0.3890625 0.68515625 0.08125 0.46875
0 0.40703125 0.51953125 0.0890625 0.259375
0 0.45078125 0.45859375 0.0609375 0.178125
0 0.31796875 0.6671875 0.0828125 0.5125
0 0.35234375 0.47421875 0.0453125 0.140625
0 0.240625 0.6921875 0.1203125 0.59375
0 0.30390625 0.48125 0.009375 0.01875
0 0.94921875 0.47578125 0.0109375 0.009375
0 0.940625 0.50546875 0.009375 0.0171875
0 0.0203125 0.5875 0.0390625 0.134375