0 0.06015625 0.309375 0.0609375 0.1546875
0 0.13515625 0.303125 0.025 0.103125
0 0.15546875 0.328125 0.025 0.1078125
0 0.17421875 0.28984375 0.0296875 0.1140625
0 0.1921875 0.22421875 0.0375 0.140625
0 0.22109375 0.2046875 0.0390625 0.1421875
0 0.25390625 0.28125 0.0265625 0.125
0 0.271875 0.28359375 0.0140625 0.1078125
0 0.28515625 0.3046875 0.0296875 0.165625
0 0.3109375 0.278125 0.03125 0.115625
0 0.3625 0.278125 0.0203125 0.125
0 0.38046875 0.23125 0.0234375 0.0703125
0 0.41640625 0.22734375 0.021875 0.06875
0 0.4359375 0.2640625 0.028125 0.11875
0 0.4703125 0.26875 0.0328125 0.1015625
0 0.50859375 0.2078125 0.0265625 0.071875
0 0.55546875 0.21953125 0.0234375 0.109375
0 0.5953125 0.21484375 0.0234375 0.09375
0 0.6109375 0.2078125 0.01875 0.0859375
0 0.609375 0.26875 0.0203125 0.0625
0 0.62734375 0.26953125 0.0203125 0.0578125
0 0.62734375 0.20546875 0.0234375 0.1109375
0 0.64375 0.209375 0.0234375 0.1328125
0 0.6625 0.2015625 0.0203125 0.128125
0 0.65078125 0.26015625 0.01875 0.04375
0 0.67265625 0.2546875 0.025 0.059375
0 0.6890625 0.2015625 0.0234375 0.125
0 0.69921875 0.225 0.028125 0.1375
0 0.64921875 0.12421875 0.0234375 0.0796875
0 0.71796875 0.11328125 0.0203125 0.0703125
0 0.73671875 0.11875 0.015625 0.0703125
0 0.7203125 0.221875 0.03125 0.1359375
0 0.7328125 0.23671875 0.0265625 0.10625
0 0.7515625 0.25390625 0.0203125 0.1046875
0 0.7546875 0.18671875 0.021875 0.0390625
0 0.76796875 0.22265625 0.01875 0.1171875
0 0.78046875 0.24140625 0.0296875 0.1328125
0 0.80703125 0.24296875 0.028125 0.13125
0 0.803125 0.159375 0.025 0.0640625
0 0.82265625 0.16484375 0.0203125 0.090625
0 0.8328125 0.165625 0.01875 0.0609375
0 0.83046875 0.25078125 0.0328125 0.125
0 0.85703125 0.16328125 0.028125 0.075
0 0.85859375 0.18125 0.0234375 0.0421875
0 0.85546875 0.209375 0.0265625 0.0578125
0 0.85625 0.23046875 0.0234375 0.0515625
0 0.884375 0.2546875 0.0359375 0.09375
0 0.9140625 0.28671875 0.034375 0.140625
0 0.93203125 0.27421875 0.0296875 0.1328125
0 0.95625 0.2890625 0.0390625 0.14375
0 0.97265625 0.215625 0.034375 0.0640625
0 0.94609375 0.19921875 0.025 0.0546875
0 0.9125 0.215625 0.034375 0.1015625
0 0.88125 0.1953125 0.0296875 0.1109375
0 0.8890625 0.1953125 0.0328125 0.078125
0 0.18828125 0.5515625 0.071875 0.1359375
0 0.2421875 0.62265625 0.0640625 0.175
0 0.3546875 0.63828125 0.06875 0.1796875
0 0.471875 0.65546875 0.06875 0.1828125
0 0.61796875 0.615625 0.0640625 0.2140625
0 0.74140625 0.5734375 0.0703125 0.1828125
0 0.83203125 0.5046875 0.065625 0.1609375
0 0.74765625 0.38984375 0.0515625 0.09375
0 0.671875 0.3171875 0.053125 0.0859375
0 0.56640625 0.3609375 0.05625 0.0859375
0 0.36796875 0.40078125 0.0546875 0.078125
0 0.265625 0.46015625 0.065625 0.0828125
0 0.41875 0.49921875 0.034375 0.184375
0 0.43984375 0.52421875 0.0328125 0.1890625
0 0.4828125 0.503125 0.0296875 0.1640625
0 0.86171875 0.3 0.0171875 0.071875
0 0.42734375 0.21328125 0.01875 0.0328125
0 0.8015625 0.19609375 0.025 0.053125
0 0.83203125 0.19453125 0.0234375 0.0390625
0 0.8484375 0.14375 0.021875 0.040625