0 0.0390625 0.6828125 0.021875 0.0515625
0 0.06015625 0.6875 0.025 0.078125
0 0.07578125 0.7125 0.01875 0.1203125
0 0.09921875 0.73046875 0.0421875 0.153125
0 0.04453125 0.77890625 0.0890625 0.271875
0 0.13671875 0.80390625 0.0890625 0.3046875
0 0.1375 0.7140625 0.034375 0.1171875
0 0.16953125 0.67421875 0.028125 0.0546875
0 0.20703125 0.69296875 0.03125 0.10625
0 0.22421875 0.703125 0.0234375 0.1296875
0 0.24375 0.65859375 0.034375 0.046875
0 0.23984375 0.72421875 0.03125 0.1140625
0 0.2421875 0.68359375 0.0265625 0.0703125
0 0.27578125 0.7484375 0.046875 0.1921875
0 0.2765625 0.67109375 0.0421875 0.04375
0 0.29921875 0.66796875 0.0265625 0.059375
0 0.30859375 0.72578125 0.025 0.0375
0 0.334375 0.69609375 0.03125 0.1140625
0 0.1859375 0.83125 0.0671875 0.303125
0 0.38828125 0.71796875 0.0390625 0.1609375
0 0.40703125 0.72578125 0.0234375 0.1375
0 0.40625 0.6578125 0.0265625 0.05
0 0.50859375 0.68515625 0.03125 0.090625
0 0.5390625 0.75625 0.0640625 0.2328125
0 0.57265625 0.684375 0.0359375 0.0890625
0 0.56640625 0.64921875 0.0203125 0.0421875
0 0.61796875 0.67109375 0.028125 0.090625
0 0.60546875 0.66640625 0.01875 0.0671875
0 0.63359375 0.67421875 0.015625 0.06875
0 0.59296875 0.78203125 0.0453125 0.221875
0 0.7046875 0.7546875 0.0875 0.3078125
0 0.74140625 0.6375 0.015625 0.034375
0 0.7546875 0.6953125 0.0421875 0.115625
0 0.77265625 0.696875 0.0546875 0.1265625
0 0.85 0.71953125 0.05625 0.18125
0 0.8625 0.66328125 0.0140625 0.09375
0 0.8953125 0.66171875 0.0296875 0.090625
0 0.9265625 0.65625 0.0203125 0.0671875
0 0.9453125 0.6625 0.0296875 0.0890625
0 0.9515625 0.6234375 0.028125 0.0359375
0 0.97109375 0.66953125 0.03125 0.0875
0 0.984375 0.6625 0.0296875 0.0953125
0 0.18671875 0.66953125 0.025 0.0390625
0 0.475 0.6796875 0.034375 0.103125
0 0.678125 0.64140625 0.0203125 0.028125
0 0.7171875 0.64140625 0.0296875 0.0375
0 0.975 0.61640625 0.0484375 0.0359375
0 0.9953125 0.65390625 0.0078125 0.04375
0 0.1859375 0.3921875 0.05 0.153125
0 0.4671875 0.4859375 0.353125 0.309375
0 0.8203125 0.5046875 0.071875 0.128125