0 0.1703125 0.5984375 0.0359375 0.228125
0 0.1875 0.61171875 0.0296875 0.1921875
0 0.23671875 0.6296875 0.0703125 0.2546875
0 0.25859375 0.6046875 0.0515625 0.209375
0 0.3734375 0.63203125 0.0671875 0.2296875
0 0.425 0.63203125 0.078125 0.271875
0 0.5390625 0.68359375 0.1359375 0.453125
0 0.68515625 0.690625 0.1203125 0.434375
0 0.665625 0.64375 0.0859375 0.3078125
0 0.77890625 0.62734375 0.0484375 0.2359375
0 0.82109375 0.6671875 0.109375 0.41875
0 0.8828125 0.6421875 0.046875 0.2234375
0 0.92890625 0.6890625 0.09375 0.375
0 0.50625 0.5046875 0.0078125 0.028125