0 0.98671875 0.8046875 0.025 0.190625
0 0.9671875 0.80390625 0.028125 0.178125
0 0.95078125 0.83828125 0.0328125 0.1640625
0 0.9078125 0.671875 0.00625 0.034375
0 0.8921875 0.81796875 0.0984375 0.3609375
0 0.82265625 0.81171875 0.1546875 0.3734375
0 0.74296875 0.8265625 0.04375 0.34375
0 0.67734375 0.69453125 0.0109375 0.0625
0 0.64453125 0.825 0.0453125 0.303125
0 0.64453125 0.67890625 0.0109375 0.021875
0 0.62578125 0.6953125 0.0140625 0.0296875
0 0.61640625 0.69140625 0.0109375 0.034375
0 0.61484375 0.8390625 0.034375 0.271875
0 0.58359375 0.83984375 0.046875 0.3171875
0 0.55859375 0.81953125 0.0890625 0.359375
0 0.45078125 0.7578125 0.046875 0.1984375
0 0.41796875 0.75546875 0.0328125 0.221875
0 0.38359375 0.69453125 0.009375 0.0390625
0 0.39140625 0.76015625 0.0390625 0.2
0 0.3625 0.74296875 0.0140625 0.0734375
0 0.3546875 0.74765625 0.015625 0.0953125
0 0.346875 0.73046875 0.015625 0.0625
0 0.34453125 0.72734375 0.009375 0.071875
0 0.3390625 0.72578125 0.0109375 0.0625
0 0.328125 0.74453125 0.021875 0.0859375
0 0.32734375 0.69765625 0.0140625 0.028125
0 0.2953125 0.67265625 0.009375 0.0546875
0 0.29296875 0.81328125 0.0640625 0.340625
0 0.25 0.8625 0.0484375 0.228125
0 0.27265625 0.6703125 0.0125 0.040625
0 0.271875 0.725 0.0234375 0.1265625
0 0.33671875 0.6640625 0.015625 0.075
0 0.3203125 0.66640625 0.0125 0.0359375
0 0.31484375 0.6421875 0.0125 0.0625
0 0.32265625 0.63515625 0.0078125 0.040625
0 0.3734375 0.60546875 0.009375 0.0546875
0 0.36640625 0.6046875 0.0109375 0.059375
0 0.21875 0.71171875 0.0125 0.090625
0 0.21015625 0.71640625 0.0140625 0.0875
0 0.2015625 0.72109375 0.009375 0.059375
0 0.1953125 0.6984375 0.0109375 0.0265625
0 0.1921875 0.72265625 0.015625 0.059375
0 0.05703125 0.87734375 0.1140625 0.2421875
0 0.10546875 0.7375 0.0390625 0.175
0 0.07734375 0.7359375 0.040625 0.1890625
0 0.04453125 0.69609375 0.0109375 0.0671875
0 0.03671875 0.69921875 0.0109375 0.075
0 0.02890625 0.7 0.0140625 0.0765625
0 0.02421875 0.70234375 0.0171875 0.0859375
0 0.01171875 0.7 0.0125 0.0625
0 0.1609375 0.5640625 0.00625 0.025
0 0.209375 0.55 0.009375 0.0390625
0 0.2484375 0.56015625 0.009375 0.0203125
0 0.25390625 0.55703125 0.00625 0.0234375
0 0.2578125 0.55546875 0.009375 0.025
0 0.29375 0.546875 0.0078125 0.04375
0 0.2984375 0.54609375 0.0078125 0.0453125
0 0.32109375 0.55390625 0.0078125 0.03125
0 0.3265625 0.55078125 0.0078125 0.0359375
0 0.32890625 0.54921875 0.00625 0.0359375
0 0.334375 0.54921875 0.0078125 0.0359375
0 0.3390625 0.55 0.00625 0.034375
0 0.48671875 0.3265625 0.0234375 0.1078125
0 0.56953125 0.27734375 0.034375 0.115625
0 0.59375 0.27421875 0.0265625 0.0984375
0 0.6609375 0.271875 0.0125 0.0328125
0 0.67109375 0.26484375 0.0203125 0.0375
0 0.68828125 0.25546875 0.0140625 0.028125
0 0.75859375 0.66484375 0.0078125 0.0265625
0 0.63359375 0.6921875 0.0109375 0.0390625
0 0.02265625 0.66953125 0.0078125 0.0125
0 0.26328125 0.5578125 0.0078125 0.021875
0 0.14375 0.55859375 0.009375 0.034375