0 0.4828125 0.92578125 0.1609375 0.146875
0 0.46171875 0.82109375 0.0921875 0.2234375
0 0.53203125 0.72578125 0.0984375 0.2578125
0 0.32734375 0.73828125 0.1125 0.2484375
0 0.63671875 0.58671875 0.0671875 0.209375
0 0.590625 0.5578125 0.0546875 0.1953125
0 0.6578125 0.49609375 0.0640625 0.1625
0 0.67109375 0.44765625 0.0265625 0.1109375
0 0.6515625 0.3921875 0.0265625 0.0671875
0 0.61484375 0.39609375 0.0265625 0.1
0 0.55703125 0.3984375 0.0421875 0.0875
0 0.52109375 0.4265625 0.034375 0.075
0 0.528125 0.45859375 0.04375 0.1234375