0 0.61953125 0.90234375 0.0546875 0.1359375
0 0.56875 0.890625 0.028125 0.121875
0 0.61015625 0.64921875 0.0203125 0.0765625
0 0.5796875 0.70625 0.0265625 0.0984375
0 0.55703125 0.6953125 0.03125 0.1140625
0 0.54609375 0.65078125 0.0203125 0.0578125
0 0.52734375 0.68203125 0.025 0.090625
0 0.5390625 0.646875 0.0171875 0.0734375
0 0.4328125 0.97265625 0.040625 0.0515625
0 0.25 0.94765625 0.0484375 0.1015625
0 0.24296875 0.88125 0.0296875 0.0953125
0 0.2 0.8859375 0.0296875 0.0640625
0 0.17109375 0.89609375 0.0328125 0.0546875
0 0.1140625 0.9140625 0.0375 0.0859375
0 0.17890625 0.95390625 0.0671875 0.0890625
0 0.4421875 0.91015625 0.034375 0.1546875
0 0.40703125 0.88828125 0.0421875 0.159375
0 0.43671875 0.7875 0.0265625 0.1265625
0 0.44765625 0.76875 0.028125 0.1171875
0 0.3796875 0.7953125 0.0296875 0.11875
0 0.340625 0.7859375 0.0359375 0.11875
0 0.31328125 0.75 0.0359375 0.121875
0 0.43671875 0.71796875 0.021875 0.0578125
0 0.38203125 0.7109375 0.03125 0.1
0 0.41015625 0.72578125 0.0328125 0.109375
0 0.4375 0.69453125 0.0296875 0.059375
0 0.40703125 0.6734375 0.03125 0.0359375
0 0.4171875 0.66484375 0.0171875 0.0484375
0 0.4265625 0.6546875 0.025 0.0734375
0 0.4515625 0.65390625 0.0296875 0.09375
0 0.4765625 0.6875 0.0265625 0.1046875
0 0.49609375 0.68515625 0.0203125 0.0984375
0 0.47578125 0.6359375 0.0265625 0.046875
0 0.49453125 0.5953125 0.0203125 0.0796875
0 0.4515625 0.55078125 0.0203125 0.071875
0 0.4609375 0.55 0.0171875 0.065625
0 0.665625 0.465625 0.0109375 0.0390625
0 0.64765625 0.4625 0.0125 0.0453125
0 0.64765625 0.43828125 0.0078125 0.034375
0 0.63359375 0.465625 0.0125 0.04375
0 0.61640625 0.45859375 0.0125 0.0421875
0 0.2046875 0.92265625 0.03125 0.065625
0 0.95625 0.38515625 0.053125 0.0359375
0 0.79296875 0.88046875 0.096875 0.23125
0 0.33359375 0.93984375 0.1203125 0.1171875
0 0.1 0.96640625 0.1109375 0.0640625
0 0.03203125 0.7375 0.0296875 0.09375
0 0.44609375 0.52890625 0.0171875 0.046875
0 0.559375 0.24609375 0.0421875 0.065625
0 0.56640625 0.4546875 0.0875 0.0640625
0 0.62265625 0.38984375 0.0484375 0.0609375
0 0.61953125 0.42578125 0.0140625 0.0171875
0 0.871875 0.18046875 0.05625 0.0796875
0 0.9265625 0.42421875 0.0359375 0.028125
0 0.6828125 0.35703125 0.0109375 0.0171875
0 0.38046875 0.61796875 0.040625 0.0453125
0 0.75234375 0.55703125 0.0328125 0.0125
0 0.89765625 0.4140625 0.015625 0.01875
0 0.15234375 0.64609375 0.0375 0.0421875
0 0.3296875 0.63125 0.025 0.034375