0 0.10859375 0.87578125 0.109375 0.246875
0 0.215625 0.88359375 0.0796875 0.23125
0 0.428125 0.890625 0.059375 0.16875
0 0.67890625 0.8375 0.05 0.1953125
0 0.7140625 0.86953125 0.090625 0.259375
0 0.428125 0.753125 0.025 0.1171875
0 0.3921875 0.7390625 0.0203125 0.0484375
0 0.378125 0.73984375 0.0140625 0.0265625
0 0.446875 0.7328125 0.0203125 0.065625
0 0.4171875 0.71015625 0.0140625 0.03125
0 0.409375 0.71328125 0.009375 0.0328125
0 0.44296875 0.70390625 0.0140625 0.0359375
0 0.43828125 0.7359375 0.0125 0.0828125