0 0.0734375 0.38203125 0.0703125 0.2453125
0 0.03203125 0.69453125 0.0640625 0.1921875
0 0.08125 0.690625 0.0390625 0.1703125
0 0.03046875 0.60546875 0.0609375 0.2953125
0 0.0265625 0.5921875 0.053125 0.284375
0 0.2625 0.590625 0.3703125 0.8171875
0 0.44921875 0.50703125 0.415625 0.984375
0 0.57578125 0.50703125 0.0953125 0.2921875
0 0.61875 0.5890625 0.1421875 0.36875
0 0.575 0.5125 0.09375 0.296875
0 0.684375 0.528125 0.1359375 0.4875
0 0.7453125 0.40703125 0.0671875 0.178125
0 0.80234375 0.61953125 0.1546875 0.759375
0 0.9203125 0.50234375 0.1546875 0.99375
0 0.8375 0.3796875 0.0578125 0.1078125
0 0.278125 0.4875 0.046875 0.125
0 0.18125 0.19453125 0.3625 0.3890625
0 0.69921875 0.1703125 0.3515625 0.3375
0 0.44375 0.05625 0.159375 0.1109375
0 0.61640625 0.38984375 0.0328125 0.1
0 0.8453125 0.38359375 0.05625 0.0875