0 0.9203125 0.2890625 0.0140625 0.0234375
0 0.91015625 0.29375 0.021875 0.034375
0 0.89921875 0.296875 0.034375 0.04375
0 0.89296875 0.296875 0.0484375 0.05
0 0.8578125 0.296875 0.0359375 0.0390625
0 0.83515625 0.28515625 0.015625 0.0234375
0 0.83046875 0.2984375 0.0375 0.0375
0 0.86484375 0.228125 0.0234375 0.034375
0 0.8515625 0.2296875 0.0234375 0.040625
0 0.81640625 0.23671875 0.015625 0.01875
0 0.78671875 0.21171875 0.034375 0.059375
0 0.76953125 0.21328125 0.025 0.05625
0 0.7296875 0.21015625 0.0125 0.0484375
0 0.6875 0.2140625 0.0171875 0.04375
0 0.67265625 0.21796875 0.0140625 0.034375
0 0.68125 0.23515625 0.0203125 0.034375
0 0.66484375 0.23984375 0.0296875 0.0953125
0 0.65078125 0.221875 0.0109375 0.034375
0 0.6421875 0.22265625 0.0203125 0.034375
0 0.63359375 0.23671875 0.015625 0.040625
0 0.61640625 0.21171875 0.0296875 0.10625
0 0.61015625 0.178125 0.0203125 0.0671875
0 0.59609375 0.20703125 0.0125 0.0546875
0 0.54375 0.1703125 0.0234375 0.0921875
0 0.51875 0.18359375 0.01875 0.0375
0 0.44453125 0.19140625 0.0203125 0.046875
0 0.46953125 0.19375 0.0125 0.0515625
0 0.4875 0.2 0.015625 0.046875
0 0.459375 0.2125 0.034375 0.0703125
0 0.47890625 0.21015625 0.0265625 0.059375
0 0.50859375 0.221875 0.0421875 0.06875
0 0.521875 0.21953125 0.025 0.05625
0 0.5265625 0.23046875 0.0359375 0.0546875
0 0.42265625 0.2984375 0.034375 0.053125
0 0.30703125 0.22578125 0.0515625 0.0703125
0 0.246875 0.221875 0.03125 0.071875
0 0.20390625 0.12890625 0.040625 0.071875
0 0.1453125 0.13359375 0.040625 0.0734375
0 0.0859375 0.109375 0.0421875 0.0421875
0 0.05390625 0.12734375 0.0390625 0.0984375
0 0.103125 0.45390625 0.1578125 0.6625
0 0.2484375 0.34375 0.1125 0.20625
0 0.284375 0.31171875 0.0765625 0.1953125
0 0.309375 0.375 0.1171875 0.228125
0 0.35546875 0.39140625 0.1625 0.325
0 0.42109375 0.41171875 0.1625 0.246875
0 0.48828125 0.41640625 0.1015625 0.3640625
0 0.50703125 0.4546875 0.159375 0.3015625
0 0.58046875 0.45546875 0.1578125 0.421875
0 0.66015625 0.528125 0.196875 0.3671875
0 0.7484375 0.5296875 0.171875 0.496875
0 0.85078125 0.63828125 0.221875 0.4859375
0 0.90234375 0.621875 0.1953125 0.703125
0 0.665625 0.259375 0.025 0.0484375
0 0.71796875 0.32109375 0.0578125 0.0625