0 0.0109375 0.72421875 0.009375 0.021875
0 0.02109375 0.728125 0.0109375 0.0375
0 0.01640625 0.740625 0.0140625 0.0453125
0 0.02578125 0.73671875 0.009375 0.034375
0 0.03359375 0.72578125 0.0078125 0.0328125
0 0.0390625 0.72578125 0.009375 0.0359375
0 0.0671875 0.7609375 0.025 0.0703125
0 0.0796875 0.7546875 0.015625 0.053125
0 0.096875 0.75078125 0.01875 0.0546875
0 0.0984375 0.7484375 0.0171875 0.0546875
0 0.0109375 0.79453125 0.021875 0.096875
0 0.021875 0.83671875 0.0375 0.125
0 0.05234375 0.8234375 0.0390625 0.1453125
0 0.196875 0.765625 0.0171875 0.0375
0 0.21171875 0.7546875 0.021875 0.0609375
0 0.22578125 0.765625 0.0234375 0.034375
0 0.253125 0.76171875 0.0140625 0.046875
0 0.1546875 0.85078125 0.0421875 0.1140625
0 0.1953125 0.8578125 0.0421875 0.1
0 0.22734375 0.91640625 0.0609375 0.165625
0 0.2921875 0.875 0.0671875 0.0671875
0 0.28359375 0.828125 0.0390625 0.11875
0 0.31953125 0.84453125 0.0453125 0.1484375
0 0.31796875 0.78046875 0.0296875 0.04375
0 0.3328125 0.78671875 0.025 0.0984375
0 0.34765625 0.790625 0.0234375 0.0859375
0 0.37890625 0.83203125 0.03125 0.153125
0 0.509375 0.79921875 0.0359375 0.1265625
0 0.571875 0.746875 0.01875 0.025
0 0.6140625 0.7765625 0.0203125 0.0671875
0 0.55078125 0.81875 0.0421875 0.0953125
0 0.57734375 0.80625 0.025 0.0984375
0 0.5953125 0.84453125 0.040625 0.14375
0 0.54296875 0.884375 0.05625 0.046875
0 0.63046875 0.846875 0.0484375 0.0796875
0 0.6609375 0.8375 0.025 0.0578125
0 0.675 0.859375 0.0390625 0.1
0 0.63203125 0.87421875 0.0640625 0.06875
0 0.659375 0.8 0.03125 0.0796875
0 0.68984375 0.80625 0.028125 0.109375
0 0.71875 0.853125 0.0390625 0.1078125
0 0.73359375 0.8140625 0.028125 0.1
0 0.7453125 0.7546875 0.0171875 0.0546875
0 0.75625 0.759375 0.0125 0.053125
0 0.753125 0.76171875 0.0140625 0.0578125
0 0.76875 0.72734375 0.01875 0.03125
0 0.7734375 0.7578125 0.0171875 0.046875
0 0.79765625 0.753125 0.0171875 0.0546875
0 0.76796875 0.7984375 0.0203125 0.05
0 0.77578125 0.84765625 0.05625 0.11875
0 0.790625 0.83125 0.025 0.075
0 0.82265625 0.85703125 0.0515625 0.10625
0 0.86015625 0.7796875 0.0296875 0.04375
0 0.859375 0.8546875 0.0375 0.1484375
0 0.8796875 0.803125 0.01875 0.10625
0 0.89453125 0.80390625 0.0328125 0.115625
0 0.9734375 0.83984375 0.053125 0.125
0 0.97109375 0.75 0.01875 0.0484375
0 0.990625 0.74296875 0.015625 0.0515625
0 0.92421875 0.73359375 0.0109375 0.0390625
0 0.084375 0.74453125 0.009375 0.028125
0 0.2234375 0.7453125 0.025 0.0359375
0 0.43125 0.78203125 0.0296875 0.0484375
0 0.52578125 0.7640625 0.0203125 0.0671875
0 0.66953125 0.8890625 0.0515625 0.0375
0 0.76640625 0.79375 0.015625 0.0390625
0 0.81796875 0.8921875 0.1171875 0.0296875
0 0.8890625 0.7953125 0.0265625 0.121875
0 0.9984375 0.8203125 0.003125 0.01875
0 0.940625 0.71328125 0.1171875 0.0828125
0 0.053125 0.7390625 0.0515625 0.0890625