0 0.49921875 0.42578125 0.9921875 0.4015625
0 0.4671875 0.7703125 0.721875 0.45625
0 0.32265625 0.321875 0.2671875 0.25625
0 0.6515625 0.325 0.2890625 0.25625
0 0.08203125 0.1796875 0.1640625 0.2609375
0 0.21484375 0.13125 0.1890625 0.14375
0 0.3875 0.14453125 0.1546875 0.125
0 0.6171875 0.16015625 0.178125 0.10625
0 0.4625 0.146875 0.1 0.128125
0 0.05625 0.94453125 0.1125 0.1078125
0 0.2 0.96015625 0.140625 0.0765625
0 0.93359375 0.37109375 0.1328125 0.153125
0 0.309375 0.0625 0.6046875 0.1140625
0 0.921875 0.096875 0.1546875 0.1890625