0 0.5703125 0.0703125 0.0296875 0.0390625
0 0.503125 0.13671875 0.0453125 0.1640625
0 0.5328125 0.11171875 0.025 0.0828125
0 0.565625 0.15 0.04375 0.0734375
0 0.53828125 0.1765625 0.0984375 0.1421875
0 0.4875 0.24765625 0.0859375 0.20625
0 0.44765625 0.32421875 0.0734375 0.2015625
0 0.56953125 0.315625 0.09375 0.1734375
0 0.490625 0.38125 0.0796875 0.15
0 0.63984375 0.31171875 0.0828125 0.15
0 0.7203125 0.215625 0.109375 0.234375
0 0.3640625 0.31796875 0.1078125 0.2828125
0 0.34296875 0.225 0.078125 0.18125
0 0.25390625 0.1875 0.0765625 0.146875
0 0.2171875 0.29453125 0.10625 0.24375
0 0.29375 0.3265625 0.0921875 0.1546875
0 0.36015625 0.3921875 0.0859375 0.19375
0 0.1546875 0.2046875 0.065625 0.1671875
0 0.1265625 0.2375 0.0640625 0.190625
0 0.1234375 0.48125 0.1203125 0.325
0 0.07265625 0.596875 0.14375 0.2171875
0 0.14375 0.68828125 0.2078125 0.253125
0 0.25 0.62890625 0.1109375 0.384375
0 0.34296875 0.66484375 0.11875 0.4046875
0 0.42890625 0.60625 0.0890625 0.2296875
0 0.43125 0.75234375 0.1796875 0.325
0 0.4015625 0.91015625 0.1578125 0.1765625
0 0.5390625 0.88515625 0.1390625 0.2265625
0 0.678125 0.81328125 0.1421875 0.3703125
0 0.6296875 0.7 0.1921875 0.275
0 0.92421875 0.87421875 0.15 0.25
0 0.95 0.31875 0.0984375 0.3703125
0 0.0296875 0.0921875 0.059375 0.134375
0 0.18046875 0.23203125 0.0296875 0.096875
0 0.9796875 0.09140625 0.0390625 0.10625
0 0.0140625 0.1984375 0.028125 0.096875