0 0.0828125 0.571875 0.103125 0.48125
0 0.1375 0.41484375 0.071875 0.18125
0 0.17734375 0.41015625 0.0765625 0.2078125
0 0.24765625 0.49453125 0.06875 0.384375
0 0.2875 0.425 0.0796875 0.2234375
0 0.3390625 0.41015625 0.08125 0.2140625
0 0.38359375 0.3828125 0.06875 0.1625
0 0.43359375 0.390625 0.0703125 0.2046875
0 0.48125 0.3765625 0.0796875 0.21875
0 0.546875 0.38359375 0.0609375 0.23125
0 0.6296875 0.39921875 0.0765625 0.2234375
0 0.675 0.39609375 0.05 0.2171875
0 0.74921875 0.40078125 0.078125 0.178125
0 0.79140625 0.4015625 0.065625 0.1765625
0 0.8359375 0.403125 0.0578125 0.146875
0 0.88046875 0.50625 0.05 0.3765625
0 0.1359375 0.65546875 0.103125 0.4796875
0 0.215625 0.5046875 0.084375 0.221875
0 0.2234375 0.646875 0.0640625 0.234375
0 0.26796875 0.63203125 0.0625 0.3390625
0 0.3203125 0.6171875 0.0796875 0.384375
0 0.30078125 0.675 0.0640625 0.2390625
0 0.37265625 0.50625 0.078125 0.1609375
0 0.45390625 0.48203125 0.0453125 0.146875
0 0.51875 0.46796875 0.0859375 0.209375
0 0.609375 0.50859375 0.075 0.1484375
0 0.66328125 0.5078125 0.075 0.1859375
0 0.715625 0.5296875 0.0625 0.2203125
0 0.7625 0.4859375 0.0515625 0.1203125
0 0.85625 0.60234375 0.096875 0.4234375
0 0.92421875 0.5875 0.1 0.4609375
0 0.365625 0.64296875 0.0578125 0.265625
0 0.42578125 0.628125 0.0765625 0.2875
0 0.48984375 0.61015625 0.071875 0.303125
0 0.55390625 0.63515625 0.071875 0.284375
0 0.615625 0.6359375 0.0640625 0.2625
0 0.6640625 0.6390625 0.0609375 0.2125
0 0.70703125 0.67265625 0.0640625 0.21875
0 0.7609375 0.69609375 0.0703125 0.4078125
0 0.8015625 0.6765625 0.0796875 0.4296875
0 0.2375 0.8171875 0.0875 0.26875
0 0.30625 0.8359375 0.0609375 0.21875
0 0.371875 0.809375 0.0671875 0.2109375
0 0.44296875 0.7984375 0.0546875 0.2296875
0 0.49921875 0.81015625 0.05625 0.2125
0 0.55078125 0.80859375 0.053125 0.21875
0 0.603125 0.8125 0.059375 0.2109375
0 0.659375 0.809375 0.071875 0.2109375
0 0.72578125 0.815625 0.0671875 0.2453125