0 0.040625 0.66953125 0.078125 0.6015625
0 0.06796875 0.5796875 0.1359375 0.684375
0 0.19765625 0.55234375 0.128125 0.59375
0 0.2875 0.51015625 0.0625 0.465625
0 0.34453125 0.53671875 0.14375 0.5640625
0 0.6640625 0.4453125 0.0875 0.5875
0 0.75 0.51953125 0.1671875 0.5625
0 0.91015625 0.5015625 0.1765625 0.71875
0 0.49765625 0.5734375 0.3875 0.853125
0 0.56484375 0.53203125 0.24375 0.934375
0 0.1375 0.5296875 0.06875 0.4171875
0 0.0828125 0.53671875 0.071875 0.45625
0 0.228125 0.465625 0.034375 0.2765625
0 0.43203125 0.49765625 0.096875 0.3203125