0 0.2734375 0.9625 0.0734375 0.0734375
0 0.32578125 0.95 0.0640625 0.084375
0 0.20703125 0.85234375 0.071875 0.134375
0 0.45234375 0.834375 0.0828125 0.1359375
0 0.571875 0.85078125 0.075 0.0828125
0 0.75546875 0.79140625 0.0734375 0.0734375
0 0.69765625 0.5625 0.053125 0.0859375
0 0.19375 0.66171875 0.065625 0.1109375
0 0.125 0.6703125 0.0515625 0.1046875
0 0.0578125 0.46796875 0.034375 0.071875
0 0.51171875 0.43046875 0.0359375 0.0625
0 0.53515625 0.428125 0.03125 0.0640625
0 0.58828125 0.4125 0.025 0.059375
0 0.60390625 0.4125 0.021875 0.0546875
0 0.9640625 0.47265625 0.0390625 0.05625
0 0.93828125 0.46953125 0.0359375 0.05
0 0.91484375 0.4390625 0.021875 0.053125
0 0.9296875 0.440625 0.01875 0.0484375
0 0.6265625 0.4265625 0.0328125 0.0578125
0 0.63359375 0.421875 0.0203125 0.0546875
0 0.496875 0.4359375 0.0140625 0.059375
0 0.86015625 0.42890625 0.0171875 0.040625