0 0.18359375 0.7953125 0.1859375 0.4046875
0 0.028125 0.52734375 0.01875 0.0375
0 0.1140625 0.78046875 0.0625 0.434375
0 0.2046875 0.63359375 0.13125 0.1265625
0 0.24140625 0.7171875 0.1015625 0.384375
0 0.29765625 0.70078125 0.0453125 0.271875
0 0.35546875 0.771875 0.0890625 0.440625
0 0.34609375 0.728125 0.0796875 0.390625
0 0.41640625 0.7796875 0.0734375 0.3890625
0 0.4015625 0.60546875 0.0609375 0.1265625
0 0.49921875 0.7421875 0.1171875 0.4375
0 0.4734375 0.73359375 0.0734375 0.35625
0 0.509375 0.58984375 0.1046875 0.165625
0 0.6046875 0.85234375 0.1515625 0.2921875
0 0.5515625 0.82265625 0.0859375 0.33125
0 0.665625 0.834375 0.0890625 0.328125
0 0.59375 0.653125 0.0671875 0.16875
0 0.6703125 0.70078125 0.0984375 0.2421875
0 0.70234375 0.73671875 0.075 0.3890625
0 0.77734375 0.79453125 0.090625 0.4078125
0 0.75 0.615625 0.040625 0.1515625
0 0.84296875 0.77421875 0.11875 0.4484375
0 0.9078125 0.75546875 0.0953125 0.34375
0 0.96875 0.646875 0.0609375 0.1484375
0 0.96171875 0.8453125 0.0734375 0.30625
0 0.0859375 0.559375 0.0984375 0.1171875
0 0.14140625 0.61328125 0.0453125 0.171875
0 0.0359375 0.38515625 0.0671875 0.0890625
0 0.1515625 0.39453125 0.08125 0.078125
0 0.246875 0.41640625 0.0546875 0.05
0 0.3109375 0.43515625 0.021875 0.0453125
0 0.16484375 0.52578125 0.3296875 0.14375
0 0.56953125 0.5546875 0.4265625 0.0890625
0 0.8296875 0.39453125 0.0359375 0.084375
0 0.85078125 0.53828125 0.1390625 0.1359375
0 0.73515625 0.496875 0.0671875 0.034375
0 0.67578125 0.5 0.021875 0.028125
0 0.48125 0.490625 0.028125 0.0515625
0 0.9671875 0.5234375 0.0421875 0.109375