0 0.71171875 0.7859375 0.0625 0.115625
0 0.81015625 0.77109375 0.065625 0.0703125
0 0.53125 0.7421875 0.0796875 0.125
0 0.57421875 0.71484375 0.0515625 0.075
0 0.5953125 0.7234375 0.03125 0.0421875
0 0.01328125 0.665625 0.0265625 0.1296875
0 0.028125 0.68828125 0.028125 0.03125
0 0.11015625 0.6578125 0.028125 0.1171875
0 0.27890625 0.65 0.03125 0.103125
0 0.22421875 0.66171875 0.046875 0.0796875
0 0.23203125 0.659375 0.034375 0.084375
0 0.24765625 0.66328125 0.0265625 0.071875
0 0.38125 0.64296875 0.0234375 0.096875
0 0.43984375 0.64453125 0.021875 0.0671875
0 0.4671875 0.62734375 0.015625 0.0328125
0 0.4671875 0.6328125 0.01875 0.046875
0 0.47421875 0.65703125 0.0171875 0.0546875
0 0.51015625 0.63984375 0.0203125 0.075
0 0.53046875 0.63359375 0.025 0.090625
0 0.54375 0.63984375 0.025 0.0859375
0 0.784375 0.62109375 0.015625 0.0671875
0 0.778125 0.6203125 0.009375 0.059375
0 0.92421875 0.653125 0.0171875 0.0390625
0 0.946875 0.625 0.015625 0.03125
0 0.95390625 0.6109375 0.0140625 0.0515625
0 0.71953125 0.7546875 0.0234375 0.0546875
0 0.15546875 0.63671875 0.0796875 0.0421875
0 0.63515625 0.63671875 0.0546875 0.0546875
0 0.746875 0.625 0.046875 0.0546875
0 0.84140625 0.62109375 0.0390625 0.046875
0 0.9046875 0.65078125 0.0203125 0.040625
0 0.9078125 0.60859375 0.0546875 0.0515625
0 0.98671875 0.615625 0.0203125 0.0421875