0 0.08671875 0.459375 0.1125 0.4765625
0 0.19140625 0.53671875 0.1625 0.3671875
0 0.325 0.58203125 0.271875 0.2921875
0 0.353125 0.709375 0.425 0.359375
0 0.5875 0.703125 0.4625 0.3671875
0 0.73984375 0.646875 0.196875 0.3875
0 0.87578125 0.64765625 0.246875 0.3875
0 0.89609375 0.56328125 0.1828125 0.3953125
0 0.76171875 0.4328125 0.140625 0.1765625
0 0.66640625 0.31640625 0.175 0.2265625
0 0.80390625 0.3421875 0.115625 0.1171875
0 0.1515625 0.4375 0.078125 0.440625
0 0.1734375 0.365625 0.1078125 0.1921875
0 0.2421875 0.30859375 0.08125 0.146875
0 0.26796875 0.35859375 0.134375 0.1234375
0 0.35625 0.29609375 0.0859375 0.1109375
0 0.41484375 0.35234375 0.09375 0.13125
0 0.3546875 0.40234375 0.0578125 0.1125
0 0.45859375 0.29140625 0.0796875 0.1078125
0 0.5203125 0.3203125 0.1171875 0.128125
0 0.6296875 0.32265625 0.05 0.09375
0 0.4734375 0.396875 0.13125 0.1296875
0 0.53828125 0.40234375 0.10625 0.1046875
0 0.60234375 0.37421875 0.05625 0.0796875
0 0.6390625 0.428125 0.04375 0.0640625
0 0.66953125 0.37578125 0.0953125 0.1421875
0 0.51484375 0.4375 0.090625 0.109375
0 0.47421875 0.51171875 0.075 0.115625
0 0.26640625 0.534375 0.1625 0.3375
0 0.61015625 0.4609375 0.0546875 0.0734375
0 0.8796875 0.28515625 0.2390625 0.26875
0 0.60234375 0.42421875 0.034375 0.046875
0 0.05078125 0.0453125 0.0953125 0.0453125
0 0.03828125 0.01171875 0.021875 0.0234375
0 0.15234375 0.034375 0.109375 0.06875
0 0.2296875 0.05234375 0.05 0.0328125
0 0.29921875 0.02734375 0.0921875 0.0546875
0 0.021875 0.19375 0.04375 0.053125
0 0.1265625 0.18671875 0.103125 0.0671875
0 0.0125 0.35546875 0.025 0.0421875
0 0.05546875 0.28671875 0.0734375 0.1
0 0.21640625 0.23671875 0.075 0.1125
0 0.31796875 0.22734375 0.084375 0.121875
0 0.96328125 0.13046875 0.071875 0.046875
0 0.97109375 0.35390625 0.0125 0.0546875