0 0.94609375 0.775 0.10625 0.3125
0 0.840625 0.72578125 0.059375 0.1171875
0 0.7859375 0.70859375 0.059375 0.2078125
0 0.759375 0.715625 0.0796875 0.2609375
0 0.7 0.7328125 0.0640625 0.24375
0 0.83125 0.60859375 0.0203125 0.078125
0 0.84375 0.61484375 0.0203125 0.0640625
0 0.678125 0.6015625 0.0203125 0.090625
0 0.703125 0.61796875 0.0296875 0.0625
0 0.7171875 0.62890625 0.015625 0.0390625
0 0.6734375 0.63515625 0.015625 0.0265625
0 0.5578125 0.6234375 0.0203125 0.059375
0 0.53984375 0.62734375 0.0125 0.05
0 0.4953125 0.61328125 0.0234375 0.0875
0 0.51171875 0.6203125 0.015625 0.065625
0 0.4828125 0.62109375 0.0140625 0.075
0 0.42890625 0.63671875 0.0203125 0.034375
0 0.4515625 0.64765625 0.0171875 0.065625
0 0.46328125 0.6375 0.0171875 0.03125
0 0.40703125 0.63359375 0.0203125 0.0421875
0 0.3890625 0.60234375 0.0265625 0.0734375
0 0.37109375 0.62421875 0.0140625 0.025
0 0.37890625 0.71640625 0.05625 0.2046875
0 0.34453125 0.6375 0.0328125 0.1203125
0 0.35859375 0.61015625 0.0171875 0.090625
0 0.31796875 0.60546875 0.01875 0.0390625
0 0.3078125 0.7171875 0.078125 0.209375
0 0.02421875 0.7203125 0.0484375 0.2375
0 0.140625 0.61484375 0.0296875 0.075
0 0.2265625 0.64140625 0.0171875 0.028125
0 0.25625 0.6375 0.0171875 0.0296875
0 0.28359375 0.634375 0.015625 0.0453125
0 0.2953125 0.63984375 0.015625 0.025
0 0.946875 0.62890625 0.0296875 0.0265625
0 0.9953125 0.58359375 0.0078125 0.0203125
0 0.20078125 0.6375 0.0203125 0.0265625