0 0.475 0.7890625 0.0671875 0.228125
0 0.58125 0.77109375 0.0390625 0.171875
0 0.61484375 0.709375 0.021875 0.08125
0 0.59375 0.709375 0.021875 0.0828125
0 0.6 0.690625 0.0109375 0.034375
0 0.5765625 0.6828125 0.015625 0.0234375
0 0.653125 0.70078125 0.0234375 0.0796875
0 0.6859375 0.70234375 0.021875 0.0703125
0 0.48984375 0.7 0.0125 0.05
0 0.47890625 0.69375 0.009375 0.03125
0 0.45546875 0.6921875 0.009375 0.04375
0 0.45 0.6953125 0.0109375 0.040625
0 0.43359375 0.68671875 0.0125 0.0296875
0 0.440625 0.69609375 0.0078125 0.0390625
0 0.7765625 0.7578125 0.04375 0.18125
0 0.76953125 0.7421875 0.0390625 0.1453125
0 0.89296875 0.7671875 0.0640625 0.1171875
0 0.91796875 0.74453125 0.0515625 0.1859375
0 0.821875 0.6953125 0.0171875 0.06875
0 0.80859375 0.69453125 0.01875 0.075
0 0.45 0.67578125 0.0078125 0.0125
0 0.37578125 0.88125 0.184375 0.0640625
0 0.57109375 0.8140625 0.0234375 0.015625