0 0.00625 0.69921875 0.0125 0.1265625
0 0.009375 0.6921875 0.01875 0.1171875
0 0.02265625 0.71484375 0.025 0.090625
0 0.0375 0.70546875 0.0375 0.1328125
0 0.04609375 0.69375 0.0234375 0.1203125
0 0.06484375 0.7234375 0.046875 0.128125
0 0.08359375 0.68203125 0.0234375 0.071875
0 0.1015625 0.71875 0.04375 0.146875
0 0.12578125 0.696875 0.03125 0.121875
0 0.12890625 0.7046875 0.034375 0.1171875
0 0.15 0.728125 0.025 0.134375
0 0.1703125 0.71171875 0.03125 0.1484375
0 0.19140625 0.7359375 0.0703125 0.2328125
0 0.2265625 0.71640625 0.03125 0.1609375
0 0.21484375 0.73984375 0.059375 0.18125
0 0.275 0.71328125 0.0546875 0.128125
0 0.27734375 0.69921875 0.0359375 0.1203125
0 0.28046875 0.70234375 0.03125 0.109375
0 0.33125 0.63984375 0.009375 0.01875
0 0.32734375 0.70625 0.03125 0.1328125
0 0.33984375 0.63671875 0.015625 0.021875
0 0.3546875 0.70234375 0.0296875 0.1328125
0 0.37265625 0.7015625 0.0265625 0.1296875
0 0.3359375 0.7421875 0.0640625 0.1921875
0 0.3453125 0.73046875 0.0625 0.171875
0 0.40390625 0.646875 0.0234375 0.0578125
0 0.39921875 0.70859375 0.0359375 0.1515625
0 0.42890625 0.72734375 0.0625 0.196875
0 0.46171875 0.71171875 0.0265625 0.15625
0 0.475 0.63828125 0.0203125 0.0484375
0 0.50234375 0.73515625 0.0703125 0.246875
0 0.50703125 0.72890625 0.078125 0.2234375
0 0.5390625 0.71015625 0.0515625 0.1625
0 0.5640625 0.7 0.0484375 0.15625
0 0.54921875 0.67578125 0.015625 0.1078125
0 0.57421875 0.696875 0.0453125 0.146875
0 0.5828125 0.69609375 0.021875 0.1328125
0 0.5703125 0.615625 0.0140625 0.0234375
0 0.61953125 0.709375 0.0421875 0.16875
0 0.6 0.7234375 0.025 0.178125
0 0.6171875 0.72109375 0.0453125 0.20625
0 0.6453125 0.65390625 0.0296875 0.0875
0 0.6546875 0.7375 0.071875 0.2421875
0 0.6796875 0.72734375 0.034375 0.1984375
0 0.696875 0.7015625 0.04375 0.184375
0 0.71171875 0.69921875 0.025 0.1484375
0 0.7109375 0.6359375 0.025 0.0578125
0 0.7265625 0.621875 0.0125 0.0203125
0 0.74765625 0.734375 0.121875 0.284375
0 0.765625 0.6875 0.03125 0.14375
0 0.78515625 0.6734375 0.0296875 0.153125
0 0.79921875 0.634375 0.015625 0.0453125
0 0.821875 0.72109375 0.08125 0.2328125
0 0.81015625 0.76953125 0.04375 0.04375
0 0.846875 0.6984375 0.025 0.1609375
0 0.84609375 0.625 0.028125 0.053125
0 0.8796875 0.72734375 0.090625 0.2515625
0 0.8890625 0.71640625 0.034375 0.1875
0 0.8953125 0.62109375 0.0125 0.0171875
0 0.909375 0.71171875 0.040625 0.1609375
0 0.93125 0.71171875 0.078125 0.2296875
0 0.9578125 0.7046875 0.0828125 0.2
0 0.9828125 0.6703125 0.0328125 0.15
0 0.13203125 0.396875 0.0125 0.025
0 0.15 0.3953125 0.009375 0.0328125
0 0.1828125 0.3890625 0.0203125 0.03125
0 0.2109375 0.371875 0.021875 0.021875
0 0.03046875 0.665625 0.009375 0.01875
0 0.14140625 0.64453125 0.0265625 0.03125
0 0.1828125 0.64296875 0.0109375 0.0265625
0 0.16875 0.76953125 0.040625 0.04375
0 0.21328125 0.64296875 0.0265625 0.03125
0 0.3515625 0.6609375 0.0125 0.025
0 0.5171875 0.65546875 0.0203125 0.0671875
0 0.59609375 0.6453125 0.0234375 0.0625
0 0.5265625 0.56328125 0.0578125 0.0625
0 0.4296875 0.6140625 0.01875 0.046875
0 0.69765625 0.6375 0.0203125 0.028125
0 0.75390625 0.77578125 0.0484375 0.0734375
0 0.74375 0.64140625 0.009375 0.025
0 0.721875 0.63046875 0.009375 0.0328125
0 0.8015625 0.67109375 0.03125 0.1359375
0 0.83359375 0.63828125 0.0234375 0.0703125
0 0.88203125 0.6234375 0.0140625 0.01875
0 0.9046875 0.6234375 0.0125 0.034375
0 0.99140625 0.70078125 0.015625 0.1046875
0 0.421875 0.82890625 0.25 0.0703125
0 0.0203125 0.41875 0.0390625 0.0296875