0 0.07421875 0.60859375 0.1484375 0.5828125
0 0.18515625 0.60859375 0.115625 0.5828125
0 0.28515625 0.603125 0.11875 0.5703125
0 0.38671875 0.6015625 0.10625 0.5640625
0 0.49921875 0.60078125 0.1375 0.546875
0 0.60390625 0.59921875 0.103125 0.5640625
0 0.69296875 0.60078125 0.10625 0.5703125
0 0.79375 0.59921875 0.1203125 0.5734375
0 0.909375 0.59375 0.153125 0.5984375
0 0.05234375 0.35546875 0.0875 0.309375
0 0.121875 0.50078125 0.06875 0.6203125
0 0.18359375 0.3203125 0.084375 0.2953125
0 0.24921875 0.30703125 0.075 0.2828125
0 0.3109375 0.31328125 0.078125 0.290625
0 0.37578125 0.3015625 0.08125 0.3234375
0 0.46796875 0.33203125 0.090625 0.415625
0 0.5390625 0.2953125 0.0703125 0.30625
0 0.6109375 0.3109375 0.0890625 0.2859375
0 0.68359375 0.296875 0.0734375 0.24375
0 0.74375 0.315625 0.06875 0.2859375
0 0.80234375 0.50546875 0.0703125 0.6703125
0 0.871875 0.31328125 0.075 0.28125
0 0.94375 0.4671875 0.090625 0.6875
0 0.2453125 0.19140625 0.0796875 0.2296875
0 0.32421875 0.1796875 0.08125 0.225
0 0.41796875 0.1890625 0.065625 0.271875
0 0.5046875 0.175 0.0625 0.2671875
0 0.59765625 0.1796875 0.0921875 0.2484375
0 0.68203125 0.190625 0.0890625 0.259375
0 0.76328125 0.17734375 0.078125 0.271875