0 0.6859375 0.6171875 0.0234375 0.159375
0 0.6703125 0.6046875 0.0234375 0.1015625
0 0.66328125 0.64921875 0.025 0.1796875
0 0.6421875 0.671875 0.05625 0.2765625
0 0.94765625 0.80703125 0.1046875 0.384375
0 0.8265625 0.803125 0.0984375 0.39375
0 0.8296875 0.61484375 0.0375 0.134375
0 0.37734375 0.70546875 0.0671875 0.309375
0 0.32890625 0.67421875 0.059375 0.2859375
0 0.26796875 0.66171875 0.05625 0.31875
0 0.4109375 0.6609375 0.059375 0.2921875
0 0.02265625 0.70859375 0.0453125 0.4359375
0 0.04140625 0.54453125 0.0328125 0.08125
0 0.10078125 0.75859375 0.090625 0.48125
0 0.1359375 0.746875 0.0625 0.4203125
0 0.17890625 0.6703125 0.0546875 0.265625
0 0.2125 0.56953125 0.0234375 0.0671875
0 0.228125 0.6640625 0.0375 0.2390625
0 0.175 0.321875 0.040625 0.10625
0 0.45546875 0.49375 0.3140625 0.2109375
0 0.528125 0.74609375 0.1765625 0.3
0 0.0765625 0.603125 0.028125 0.2296875
0 0.16015625 0.565625 0.0140625 0.0390625