0 0.0375 0.40078125 0.0546875 0.165625
0 0.76484375 0.3375 0.0140625 0.021875
0 0.753125 0.36171875 0.01875 0.0640625
0 0.86640625 0.4375 0.03125 0.0953125
0 0.92421875 0.52109375 0.0671875 0.1140625
0 0.9375 0.7328125 0.0296875 0.1109375
0 0.059375 0.75078125 0.059375 0.1484375
0 0.075 0.721875 0.0296875 0.1140625
0 0.190625 0.778125 0.065625 0.159375
0 0.2125 0.74140625 0.0546875 0.1296875
0 0.35703125 0.86328125 0.0390625 0.090625
0 0.46484375 0.87421875 0.0515625 0.0703125
0 0.415625 0.653125 0.0296875 0.084375
0 0.39453125 0.6390625 0.0296875 0.0671875
0 0.3375 0.55078125 0.021875 0.06875
0 0.43828125 0.55625 0.021875 0.0734375
0 0.440625 0.5796875 0.015625 0.025
0 0.4265625 0.5375 0.0171875 0.040625
0 0.578125 0.59375 0.01875 0.06875
0 0.60859375 0.58984375 0.021875 0.06875
0 0.62578125 0.5796875 0.015625 0.0234375
0 0.62265625 0.64140625 0.0328125 0.0828125
0 0.590625 0.65078125 0.0265625 0.121875
0 0.65234375 0.60546875 0.0234375 0.0828125
0 0.6546875 0.6546875 0.025 0.05625
0 0.68203125 0.6828125 0.0359375 0.1171875
0 0.72734375 0.67109375 0.0421875 0.1171875
0 0.67890625 0.86953125 0.0703125 0.075
0 0.38046875 0.5140625 0.06875 0.0203125
0 0.746875 0.6625 0.01875 0.0453125
0 0.79296875 0.8796875 0.0515625 0.065625
0 0.7453125 0.58203125 0.09375 0.1140625
0 0.76640625 0.6703125 0.0203125 0.0609375
0 0.559375 0.68515625 0.03125 0.16875
0 0.5234375 0.69765625 0.028125 0.171875
0 0.4953125 0.73046875 0.034375 0.1890625
0 0.3984375 0.74765625 0.1609375 0.228125
0 0.28046875 0.78984375 0.0296875 0.2046875
0 0.79375 0.17421875 0.0703125 0.0703125
0 0.46171875 0.51796875 0.0078125 0.04375
0 0.48359375 0.61640625 0.053125 0.0390625