0 0.03203125 0.82265625 0.0640625 0.246875
0 0.05078125 0.7859375 0.0125 0.0328125
0 0.0859375 0.78359375 0.0125 0.034375
0 0.09453125 0.759375 0.00625 0.0265625
0 0.0984375 0.7625 0.0078125 0.0203125
0 0.1015625 0.7859375 0.009375 0.0328125
0 0.07109375 0.7625 0.0109375 0.0234375
0 0.50625 0.76484375 0.03125 0.184375
0 0.4921875 0.71640625 0.0171875 0.0796875
0 0.5296875 0.76484375 0.0390625 0.1703125
0 0.5484375 0.75703125 0.0171875 0.1140625
0 0.56171875 0.765625 0.0359375 0.1484375
0 0.62578125 0.75703125 0.0625 0.234375
0 0.61015625 0.75859375 0.03125 0.1578125
0 0.66171875 0.778125 0.0328125 0.115625
0 0.7515625 0.73046875 0.171875 0.5359375
0 0.8125 0.74609375 0.1015625 0.4765625
0 0.9515625 0.74296875 0.0953125 0.5078125
0 0.4625 0.7828125 0.0265625 0.1140625
0 0.48046875 0.76875 0.015625 0.08125
0 0.39609375 0.77421875 0.01875 0.071875
0 0.48125 0.678125 0.0046875 0.01875
0 0.4875 0.67890625 0.00625 0.0125
0 0.3390625 0.7546875 0.00625 0.01875
0 0.05625 0.7640625 0.0140625 0.0171875
0 0.15078125 0.759375 0.03125 0.0203125
0 0.20859375 0.6875 0.0234375 0.0125
0 0.378125 0.68203125 0.01875 0.0171875
0 0.89765625 0.74765625 0.0390625 0.053125
0 0.853125 0.75390625 0.0171875 0.028125
0 0.40625 0.76953125 0.0984375 0.0734375
0 0.471875 0.7515625 0.0109375 0.0359375
0 0.4390625 0.67890625 0.025 0.015625
0 0.51640625 0.6765625 0.0546875 0.015625
0 0.5640625 0.67578125 0.0171875 0.0125
0 0.60078125 0.6765625 0.0140625 0.0125
0 0.47109375 0.6765625 0.0078125 0.0125
0 0.48671875 0.7625 0.009375 0.075