0 0.40703125 0.67734375 0.0296875 0.153125
0 0.41953125 0.66875 0.021875 0.153125
0 0.45546875 0.66328125 0.0328125 0.1671875
0 0.81875 0.6875 0.0515625 0.18125
0 0.88515625 0.64296875 0.0703125 0.090625
0 0.62578125 0.6125 0.0203125 0.025
0 0.571875 0.54375 0.0484375 0.046875
0 0.17265625 0.6 0.0296875 0.034375
0 0.21796875 0.6 0.040625 0.034375
0 0.25078125 0.59765625 0.021875 0.0328125
0 0.1390625 0.61328125 0.028125 0.021875
0 0.37109375 0.61015625 0.0203125 0.028125
0 0.28671875 0.6140625 0.0359375 0.0234375
0 0.4265625 0.6078125 0.0125 0.0203125
0 0.40234375 0.609375 0.0125 0.01875