0 0.98359375 0.8921875 0.0328125 0.134375
0 0.965625 0.88984375 0.0546875 0.1421875
0 0.91328125 0.88828125 0.01875 0.0765625
0 0.9046875 0.85234375 0.0078125 0.01875
0 0.9015625 0.87109375 0.015625 0.04375
0 0.85234375 0.83203125 0.1015625 0.3359375
0 0.8328125 0.884375 0.0171875 0.075
0 0.8015625 0.88515625 0.0421875 0.1390625
0 0.809375 0.88515625 0.0296875 0.1390625
0 0.81796875 0.8890625 0.0453125 0.165625
0 0.7859375 0.8953125 0.0703125 0.1859375
0 0.6890625 0.89609375 0.053125 0.16875
0 0.67109375 0.89453125 0.0328125 0.146875
0 0.703125 0.88359375 0.0265625 0.1421875
0 0.67734375 0.83359375 0.0171875 0.0390625
0 0.6234375 0.88984375 0.0484375 0.1421875
0 0.625 0.88046875 0.0515625 0.140625
0 0.54375 0.88203125 0.04375 0.1109375
0 0.50625 0.8796875 0.025 0.13125
0 0.49453125 0.878125 0.0359375 0.1390625
0 0.50078125 0.48125 0.00625 0.0359375
0 0.41484375 0.8765625 0.0421875 0.1421875
0 0.42734375 0.87421875 0.0390625 0.14375
0 0.33359375 0.87734375 0.0640625 0.2359375
0 0.25078125 0.8765625 0.0375 0.1328125
0 0.22890625 0.86953125 0.05625 0.1390625
0 0.22421875 0.875 0.040625 0.14375
0 0.19765625 0.86875 0.03125 0.115625
0 0.12890625 0.8703125 0.015625 0.0921875
0 0.0890625 0.80078125 0.178125 0.3984375
0 0.03515625 0.8609375 0.01875 0.059375
0 0.01640625 0.8515625 0.0328125 0.1375
0 0.66015625 0.8375 0.00625 0.01875
0 0.65703125 0.9234375 0.009375 0.0296875
0 0.0125 0.85078125 0.025 0.1515625
0 0.9015625 0.8890625 0.0234375 0.08125
0 0.56328125 0.54609375 0.0078125 0.025