0 0.921875 0.6359375 0.15625 0.5453125
0 0.9234375 0.3765625 0.125 0.290625
0 0.97265625 0.309375 0.053125 0.1203125
0 0.87890625 0.33671875 0.0484375 0.16875
0 0.875 0.28828125 0.075 0.165625
0 0.8046875 0.33046875 0.0609375 0.1375
0 0.78046875 0.27109375 0.03125 0.0796875
0 0.72421875 0.271875 0.0328125 0.0765625
0 0.7 0.29296875 0.028125 0.053125
0 0.690625 0.240625 0.0421875 0.0828125
0 0.5703125 0.40390625 0.0796875 0.0921875
0 0.6046875 0.30234375 0.0734375 0.1234375
0 0.6015625 0.26640625 0.059375 0.065625
0 0.584375 0.26171875 0.0421875 0.09375
0 0.50546875 0.3546875 0.096875 0.253125
0 0.39296875 0.428125 0.1140625 0.315625
0 0.1953125 0.60703125 0.175 0.6
0 0.271875 0.4671875 0.1015625 0.3765625
0 0.58828125 0.8015625 0.24375 0.2125
0 0.42734375 0.4171875 0.05 0.215625
0 0.615625 0.3921875 0.2203125 0.3640625
0 0.76015625 0.3640625 0.071875 0.228125
0 0.79296875 0.2234375 0.05625 0.0953125
0 0.88671875 0.2140625 0.0703125 0.0734375