0 0.1203125 0.50859375 0.209375 0.5109375
0 0.29140625 0.3140625 0.0796875 0.15625
0 0.3984375 0.29921875 0.071875 0.1609375
0 0.50546875 0.2734375 0.084375 0.196875
0 0.61328125 0.33515625 0.0796875 0.2359375
0 0.72265625 0.34609375 0.0859375 0.221875
0 0.89609375 0.48203125 0.178125 0.4984375
0 0.803125 0.5109375 0.1953125 0.48125
0 0.665625 0.3890625 0.153125 0.24375
0 0.5546875 0.50078125 0.1546875 0.5046875
0 0.446875 0.39921875 0.153125 0.2609375
0 0.33828125 0.39921875 0.15625 0.24375
0 0.2109375 0.51953125 0.215625 0.4828125
0 0.1515625 0.6640625 0.1953125 0.3109375
0 0.2921875 0.5984375 0.1296875 0.36875
0 0.41953125 0.59609375 0.11875 0.3453125
0 0.51328125 0.54609375 0.1515625 0.2296875
0 0.6328125 0.52578125 0.140625 0.2234375
0 0.734375 0.5359375 0.153125 0.25625
0 0.86015625 0.66484375 0.159375 0.296875
0 0.76796875 0.69140625 0.1875 0.2875
0 0.63359375 0.69453125 0.184375 0.309375
0 0.47734375 0.6890625 0.1390625 0.275
0 0.34140625 0.67890625 0.1484375 0.29375