0 0.00625 0.3953125 0.0125 0.1171875
0 0.015625 0.37578125 0.0140625 0.0875
0 0.08515625 0.37734375 0.021875 0.1078125
0 0.11484375 0.43046875 0.0609375 0.2640625
0 0.15078125 0.4484375 0.0453125 0.2140625
0 0.1625 0.346875 0.025 0.09375
0 0.1796875 0.3578125 0.025 0.121875
0 0.19375 0.36328125 0.028125 0.165625
0 0.2953125 0.49921875 0.35 0.9984375
0 0.5203125 0.428125 0.0796875 0.3953125
0 0.490625 0.40625 0.03125 0.265625
0 0.559375 0.38359375 0.03125 0.271875
0 0.596875 0.446875 0.0671875 0.2484375
0 0.65 0.42265625 0.065625 0.36875
0 0.6890625 0.3796875 0.025 0.1546875
0 0.6921875 0.38515625 0.028125 0.159375
0 0.70078125 0.390625 0.04375 0.1703125
0 0.703125 0.3890625 0.0265625 0.153125
0 0.72421875 0.3890625 0.0296875 0.1703125
0 0.75703125 0.38359375 0.034375 0.209375
0 0.778125 0.37421875 0.0125 0.0796875
0 0.78359375 0.39921875 0.028125 0.1125
0 0.8140625 0.38046875 0.0203125 0.13125
0 0.828125 0.3859375 0.0203125 0.1
0 0.8421875 0.428125 0.0375 0.290625
0 0.86875 0.43671875 0.0640625 0.390625
0 0.8921875 0.42578125 0.046875 0.334375
0 0.925 0.38828125 0.015625 0.0875
0 0.9421875 0.396875 0.0265625 0.146875
0 0.97109375 0.3921875 0.021875 0.115625
0 0.03984375 0.68046875 0.0796875 0.4671875
0 0.1390625 0.5171875 0.009375 0.01875
0 0.459375 0.39453125 0.015625 0.153125
0 0.734375 0.34921875 0.0203125 0.065625
0 0.803125 0.37734375 0.009375 0.0296875
0 0.9171875 0.384375 0.0109375 0.0796875
0 0.796875 0.28671875 0.015625 0.0765625
0 0.728125 0.2828125 0.0125 0.06875
0 0.696875 0.134375 0.01875 0.0359375
0 0.896875 0.1 0.01875 0.04375