0 0.1953125 0.728125 0.0484375 0.2921875
0 0.2265625 0.70390625 0.0484375 0.2703125
0 0.26875 0.6640625 0.05 0.2375
0 0.2953125 0.7609375 0.0859375 0.3859375
0 0.3203125 0.70078125 0.0359375 0.24375
0 0.334375 0.70078125 0.0453125 0.30625
0 0.37890625 0.75234375 0.1046875 0.453125
0 0.353125 0.70234375 0.0390625 0.315625
0 0.4484375 0.7046875 0.084375 0.3484375
0 0.5515625 0.73125 0.0734375 0.421875
0 0.41328125 0.58359375 0.0265625 0.0359375
0 0.47109375 0.65546875 0.0265625 0.1484375
0 0.321875 0.60234375 0.0234375 0.053125
0 0.2421875 0.59765625 0.015625 0.0328125