0 0.10546875 0.6 0.2109375 0.796875
0 0.1828125 0.53828125 0.08125 0.4921875
0 0.22421875 0.57578125 0.1703125 0.703125
0 0.25078125 0.3109375 0.0296875 0.06875
0 0.29375 0.4859375 0.0625 0.3828125
0 0.328125 0.52578125 0.1046875 0.53125
0 0.3875 0.49453125 0.0625 0.409375
0 0.40234375 0.3125 0.05625 0.1125
0 0.4375 0.33671875 0.0734375 0.1421875
0 0.41953125 0.62578125 0.1453125 0.6640625
0 0.49453125 0.55546875 0.121875 0.5359375
0 0.5234375 0.4953125 0.06875 0.446875
0 0.5890625 0.6109375 0.1484375 0.625
0 0.65 0.52421875 0.0734375 0.409375
0 0.7515625 0.61171875 0.2109375 0.775
0 0.92734375 0.40546875 0.05 0.1609375
0 0.959375 0.4015625 0.0515625 0.178125
0 0.2609375 0.3265625 0.034375 0.0546875
0 0.2953125 0.2890625 0.015625 0.0203125
0 0.3578125 0.321875 0.03125 0.0515625
0 0.53125 0.3171875 0.0359375 0.0890625
0 0.16171875 0.346875 0.0265625 0.034375
0 0.196875 0.6671875 0.028125 0.0515625