0 0.06171875 0.7578125 0.1234375 0.48125
0 0.1328125 0.55625 0.115625 0.115625
0 0.2203125 0.7390625 0.1328125 0.4484375
0 0.14140625 0.7875 0.1625 0.421875
0 0.28359375 0.55546875 0.078125 0.125
0 0.38671875 0.5484375 0.128125 0.2234375
0 0.29453125 0.7671875 0.14375 0.4625
0 0.415625 0.778125 0.125 0.440625
0 0.465625 0.728125 0.0796875 0.4375
0 0.5171875 0.528125 0.0703125 0.121875
0 0.53046875 0.778125 0.1046875 0.440625
0 0.565625 0.72734375 0.08125 0.43125
0 0.63046875 0.7578125 0.1703125 0.48125
0 0.628125 0.51953125 0.1046875 0.1484375
0 0.69375 0.58203125 0.0953125 0.1296875
0 0.765625 0.76640625 0.1515625 0.4640625
0 0.8484375 0.74765625 0.1 0.4203125
0 0.92734375 0.7703125 0.1421875 0.45625