0 0.709375 0.66171875 0.1296875 0.4625
0 0.49296875 0.396875 0.034375 0.1484375
0 0.4953125 0.39296875 0.0515625 0.165625
0 0.33671875 0.390625 0.0390625 0.1359375
0 0.29453125 0.38203125 0.025 0.0875
0 0.315625 0.38125 0.01875 0.0890625
0 0.2609375 0.353125 0.0390625 0.140625
0 0.171875 0.353125 0.0703125 0.146875
0 0.14921875 0.371875 0.0296875 0.1078125
0 0.11875 0.38046875 0.0234375 0.08125
0 0.0421875 0.3953125 0.028125 0.0625
0 0.65078125 0.409375 0.0140625 0.034375
0 0.30546875 0.3515625 0.0109375 0.0125
0 0.2421875 0.40703125 0.0359375 0.0375
0 0.08125 0.2234375 0.1046875 0.4421875
0 0.2046875 0.265625 0.115625 0.2890625