0 0.61484375 0.396875 0.0640625 0.2203125
0 0.975 0.384375 0.04375 0.1078125
0 0.90703125 0.41171875 0.0390625 0.1578125
0 0.875 0.40703125 0.0375 0.1671875
0 0.72109375 0.37265625 0.025 0.0765625
0 0.54296875 0.3375 0.1265625 0.5375
0 0.48828125 0.30390625 0.0328125 0.0625
0 0.44296875 0.47578125 0.1171875 0.58125
0 0.33828125 0.47265625 0.1015625 0.559375
0 0.2953125 0.465625 0.0609375 0.409375
0 0.275 0.46875 0.0765625 0.3875
0 0.175 0.45546875 0.0984375 0.4515625
0 0.2140625 0.45390625 0.053125 0.3859375
0 0.05390625 0.534375 0.1078125 0.9265625
0 0.69921875 0.36015625 0.0171875 0.0515625
0 0.7578125 0.37265625 0.0328125 0.0390625
0 0.83359375 0.36015625 0.0234375 0.0375