0 0.065625 0.303125 0.0390625 0.1796875
0 0.0953125 0.3265625 0.059375 0.171875
0 0.11015625 0.3203125 0.075 0.184375
0 0.1484375 0.3734375 0.0921875 0.1953125
0 0.19375 0.39375 0.1046875 0.2203125
0 0.23046875 0.25703125 0.034375 0.0765625
0 0.2625 0.2671875 0.040625 0.0625
0 0.296875 0.2640625 0.0421875 0.1328125
0 0.275 0.41484375 0.125 0.3140625
0 0.325 0.24296875 0.0203125 0.053125
0 0.36015625 0.24140625 0.0125 0.0453125
0 0.340625 0.3015625 0.0703125 0.2015625
0 0.3890625 0.32890625 0.096875 0.18125
0 0.4046875 0.5109375 0.246875 0.4
0 0.46640625 0.3296875 0.078125 0.109375
0 0.5296875 0.29609375 0.0484375 0.146875
0 0.571875 0.27265625 0.059375 0.053125
0 0.57421875 0.36875 0.0984375 0.23125
0 0.62421875 0.2953125 0.0515625 0.1796875
0 0.6953125 0.2765625 0.0484375 0.13125
0 0.7625 0.259375 0.0453125 0.1171875
0 0.771875 0.2125 0.0140625 0.03125
0 0.78203125 0.22265625 0.0109375 0.04375
0 0.80625 0.215625 0.0125 0.0328125
0 0.8296875 0.2140625 0.0109375 0.025
0 0.84609375 0.21484375 0.0109375 0.028125
0 0.8546875 0.221875 0.0125 0.040625
0 0.89296875 0.21875 0.0109375 0.0390625
0 0.9546875 0.2125 0.0140625 0.046875
0 0.99296875 0.2171875 0.0109375 0.0515625
0 0.70703125 0.31953125 0.0859375 0.1390625
0 0.75078125 0.35546875 0.121875 0.16875
0 0.83828125 0.28515625 0.059375 0.1484375
0 0.92109375 0.28984375 0.0609375 0.1546875
0 0.96015625 0.35625 0.078125 0.209375
0 0.73828125 0.63359375 0.2796875 0.5484375
0 0.49140625 0.28046875 0.040625 0.1390625
0 0.840625 0.34453125 0.084375 0.1703125
0 0.97265625 0.5734375 0.053125 0.146875
0 0.03671875 0.24296875 0.01875 0.0328125
0 0.12890625 0.24296875 0.0171875 0.0328125
0 0.2140625 0.240625 0.01875 0.0359375
0 0.46015625 0.2359375 0.040625 0.0390625
0 0.56875 0.2296875 0.0171875 0.0296875