0 0.9046875 0.6453125 0.140625 0.540625
0 0.74140625 0.65078125 0.140625 0.471875
0 0.8203125 0.65234375 0.0921875 0.4421875
0 0.775 0.42578125 0.0921875 0.165625
0 0.67421875 0.63828125 0.0890625 0.4671875
0 0.69921875 0.41796875 0.0734375 0.153125
0 0.60078125 0.63046875 0.09375 0.4625
0 0.6109375 0.4109375 0.0796875 0.1390625
0 0.5265625 0.6375 0.115625 0.478125
0 0.4703125 0.6328125 0.0875 0.4625
0 0.3953125 0.66328125 0.11875 0.4796875
0 0.31640625 0.67890625 0.1453125 0.5078125
0 0.2140625 0.6609375 0.125 0.4953125
0 0.1015625 0.67265625 0.153125 0.5484375
0 0.07265625 0.4640625 0.1046875 0.2453125
0 0.178125 0.590625 0.090625 0.4484375
0 0.4078125 0.6296875 0.08125 0.45
0 0.290625 0.50390625 0.0734375 0.1921875
0 0.6359375 0.3953125 0.034375 0.05
0 0.5546875 0.4296875 0.0609375 0.153125
0 0.51640625 0.38828125 0.0375 0.053125
0 0.48671875 0.38828125 0.0546875 0.1078125
0 0.42578125 0.40546875 0.06875 0.11875
0 0.4390625 0.3765625 0.0625 0.0796875
0 0.3671875 0.4140625 0.0640625 0.1453125
0 0.3203125 0.4140625 0.078125 0.11875
0 0.2578125 0.43984375 0.05625 0.1578125
0 0.0203125 0.5515625 0.040625 0.234375