0 0.021875 0.6234375 0.04375 0.053125
0 0.03828125 0.60390625 0.0765625 0.0890625
0 0.30390625 0.5515625 0.0390625 0.0703125
0 0.34296875 0.553125 0.021875 0.0578125
0 0.353125 0.546875 0.015625 0.053125
0 0.3640625 0.54609375 0.0234375 0.059375
0 0.378125 0.525 0.0078125 0.009375
0 0.38671875 0.54609375 0.0296875 0.059375
0 0.41171875 0.5453125 0.028125 0.0578125
0 0.428125 0.5484375 0.015625 0.05
0 0.4546875 0.540625 0.0125 0.04375
0 0.83046875 0.5859375 0.084375 0.1046875
0 0.75703125 0.55625 0.0390625 0.0578125
0 0.76328125 0.553125 0.028125 0.0578125
0 0.8875 0.66796875 0.0390625 0.271875
0 0.64140625 0.53359375 0.065625 0.021875
0 0.43203125 0.521875 0.00625 0.0046875
0 0.421875 0.525 0.009375 0.0046875