0 0.05 0.74453125 0.01875 0.140625
0 0.09296875 0.81796875 0.0625 0.228125
0 0.07578125 0.7734375 0.040625 0.171875
0 0.14765625 0.8125 0.0640625 0.2765625
0 0.175 0.76953125 0.025 0.1375
0 0.2 0.80078125 0.046875 0.175
0 0.21328125 0.78984375 0.0140625 0.1359375
0 0.228125 0.7609375 0.01875 0.0703125
0 0.2453125 0.73984375 0.0125 0.0265625
0 0.25546875 0.8078125 0.0359375 0.1671875
0 0.2703125 0.75 0.015625 0.0484375
0 0.275 0.8375 0.025 0.115625
0 0.29375 0.79140625 0.04375 0.15
0 0.3 0.7328125 0.0140625 0.03125
0 0.30859375 0.76640625 0.0171875 0.103125
0 0.32421875 0.7828125 0.0359375 0.1625
0 0.34140625 0.77578125 0.015625 0.115625
0 0.36015625 0.784375 0.0375 0.153125
0 0.3625 0.8265625 0.046875 0.2375
0 0.3953125 0.7828125 0.034375 0.1578125
0 0.40546875 0.72734375 0.0140625 0.028125
0 0.421875 0.81875 0.053125 0.2421875
0 0.46953125 0.79765625 0.059375 0.2109375
0 0.45390625 0.8109375 0.0125 0.046875
0 0.49375 0.7609375 0.021875 0.0828125
0 0.5046875 0.80390625 0.03125 0.1203125
0 0.51640625 0.73515625 0.0125 0.025
0 0.5265625 0.80625 0.03125 0.2328125
0 0.54375 0.828125 0.071875 0.2828125
0 0.58671875 0.81640625 0.0390625 0.215625
0 0.60546875 0.759375 0.0140625 0.078125
0 0.61796875 0.7625 0.015625 0.0765625
0 0.63046875 0.7578125 0.0296875 0.0828125
0 0.64375 0.76484375 0.015625 0.075
0 0.6625 0.7453125 0.025 0.0515625
0 0.6875 0.7609375 0.03125 0.0984375
0 0.70390625 0.75 0.0203125 0.05625
0 0.78046875 0.7765625 0.028125 0.1265625
0 0.80703125 0.77578125 0.03125 0.14375
0 0.7828125 0.82421875 0.0875 0.096875
0 0.66484375 0.840625 0.0671875 0.1546875
0 0.64453125 0.83515625 0.0515625 0.15625
0 0.97109375 0.80625 0.05625 0.26875
0 0.23203125 0.7890625 0.028125 0.140625
0 0.63359375 0.77578125 0.01875 0.0484375
0 0.19375 0.72578125 0.0109375 0.01875
0 0.209375 0.73046875 0.00625 0.0125
0 0.2046875 0.85703125 0.00625 0.028125
0 0.21953125 0.73671875 0.0125 0.015625
0 0.2203125 0.77421875 0.009375 0.0234375
0 0.2390625 0.734375 0.009375 0.01875
0 0.28046875 0.7484375 0.015625 0.04375
0 0.303125 0.728125 0.0078125 0.0140625
0 0.3171875 0.72578125 0.0078125 0.0140625
0 0.34921875 0.73125 0.0078125 0.0140625
0 0.37578125 0.74140625 0.0109375 0.01875
0 0.409375 0.73046875 0.0109375 0.015625
0 0.4453125 0.7375 0.015625 0.03125
0 0.45078125 0.77890625 0.0125 0.034375
0 0.5 0.775 0.0125 0.0265625
0 0.515625 0.8390625 0.021875 0.0546875
0 0.49765625 0.80234375 0.01875 0.0171875
0 0.509375 0.79609375 0.0078125 0.01875
0 0.51953125 0.8890625 0.00625 0.0171875
0 0.53046875 0.8921875 0.00625 0.01875
0 0.71875 0.74609375 0.0234375 0.0609375
0 0.9296875 0.73671875 0.01875 0.053125