0 0.08828125 0.58828125 0.15 0.7625
0 0.13828125 0.58671875 0.1546875 0.675
0 0.32734375 0.58203125 0.13125 0.7671875
0 0.45 0.56484375 0.13125 0.70625
0 0.47890625 0.5484375 0.103125 0.65
0 0.55703125 0.54453125 0.128125 0.8234375
0 0.71796875 0.51953125 0.1296875 0.8171875
0 0.79453125 0.528125 0.1515625 0.840625
0 0.82109375 0.515625 0.18125 0.9671875
0 0.9359375 0.4796875 0.125 0.771875
0 0.784375 0.521875 0.04375 0.6453125
0 0.8 0.51640625 0.165625 0.875
0 0.9859375 0.33515625 0.028125 0.2140625
0 0.990625 0.8765625 0.0171875 0.24375