0 0.57421875 0.55078125 0.4125 0.7953125
0 0.91953125 0.5328125 0.1546875 0.4625
0 0.77578125 0.5671875 0.221875 0.459375
0 0.76015625 0.54296875 0.15625 0.4203125
0 0.49453125 0.5875 0.184375 0.4546875
0 0.41953125 0.5296875 0.0921875 0.3671875
0 0.33515625 0.57734375 0.1640625 0.4453125
0 0.19375 0.57109375 0.1390625 0.3359375
0 0.190625 0.57734375 0.1890625 0.521875
0 0.08203125 0.56640625 0.1546875 0.4625
0 0.0828125 0.553125 0.134375 0.4125
0 0.6765625 0.60546875 0.0390625 0.0765625
0 0.559375 0.7109375 0.1046875 0.1359375
0 0.63359375 0.315625 0.04375 0.0609375