0 0.56640625 0.76640625 0.0265625 0.1046875
0 0.09609375 0.77421875 0.0203125 0.065625
0 0.2234375 0.79921875 0.0375 0.08125
0 0.26015625 0.8 0.0375 0.078125
0 0.303125 0.80078125 0.0390625 0.08125
0 0.3515625 0.80078125 0.0390625 0.0765625
0 0.39453125 0.79453125 0.034375 0.053125
0 0.4421875 0.803125 0.0421875 0.0859375
0 0.49375 0.803125 0.0390625 0.08125
0 0.940625 0.79921875 0.0171875 0.08125
0 0.8046875 0.88046875 0.0296875 0.05
0 0.34921875 0.75703125 0.021875 0.0390625
0 0.39140625 0.75078125 0.0234375 0.028125
0 0.21875 0.76015625 0.015625 0.046875
0 0.8859375 0.9421875 0.059375 0.1125
0 0.725 0.95234375 0.053125 0.090625
0 0.690625 0.95546875 0.0421875 0.084375
0 0.11875 0.940625 0.028125 0.0859375
0 0.01640625 0.93515625 0.0328125 0.1265625
0 0.79765625 0.61640625 0.221875 0.1453125
0 0.50078125 0.6265625 0.375 0.1234375
0 0.20078125 0.61171875 0.225 0.15
0 0.77734375 0.8 0.296875 0.09375
0 0.378125 0.80234375 0.35 0.0890625
0 0.88515625 0.9734375 0.2265625 0.05
0 0.59375 0.8 0.0359375 0.0828125