0 0.63515625 0.6046875 0.39375 0.7875
0 0.7640625 0.56640625 0.4515625 0.8640625
0 0.52265625 0.55 0.14375 0.7421875
0 0.73984375 0.27890625 0.08125 0.175
0 0.7015625 0.3828125 0.0640625 0.1828125
0 0.35546875 0.5546875 0.14375 0.5671875
0 0.36640625 0.55078125 0.1734375 0.584375
0 0.2375 0.48671875 0.1546875 0.628125
0 0.05234375 0.440625 0.1046875 0.4671875
0 0.06171875 0.49375 0.075 0.3359375
0 0.12265625 0.4421875 0.0734375 0.365625
0 0.16015625 0.39609375 0.046875 0.25625
0 0.1140625 0.3109375 0.0328125 0.0828125
0 0.01875 0.33984375 0.0375 0.159375
0 0.20703125 0.3171875 0.0828125 0.1109375
0 0.96015625 0.41328125 0.071875 0.321875
0 0.98828125 0.296875 0.021875 0.1140625
0 0.9015625 0.4125 0.090625 0.3328125
0 0.6890625 0.2703125 0.075 0.1609375
0 0.47265625 0.35625 0.053125 0.1203125
0 0.8375 0.37109375 0.0546875 0.3625
0 0.19140625 0.55703125 0.075 0.290625
0 0.66640625 0.25390625 0.04375 0.05
0 0.94140625 0.41171875 0.109375 0.3265625
0 0.1890625 0.30546875 0.034375 0.065625
0 0.51796875 0.30390625 0.0546875 0.05625
0 0.85859375 0.284375 0.0265625 0.0953125
0 0.846875 0.5265625 0.0484375 0.0890625