0 0.903125 0.89296875 0.19375 0.2140625
0 0.8046875 0.91640625 0.0453125 0.078125
0 0.753125 0.91640625 0.1 0.1640625
0 0.63984375 0.90234375 0.0578125 0.0515625
0 0.51328125 0.9140625 0.1140625 0.16875
0 0.4203125 0.9234375 0.1078125 0.153125
0 0.2875 0.9328125 0.153125 0.13125
0 0.1875 0.94765625 0.096875 0.1046875
0 0.31171875 0.87578125 0.05 0.0984375
0 0.35625 0.903125 0.0453125 0.0703125
0 0.37109375 0.8671875 0.0375 0.103125
0 0.41640625 0.83828125 0.0171875 0.025
0 0.40234375 0.846875 0.0234375 0.0734375
0 0.63125 0.8484375 0.0234375 0.0640625
0 0.54609375 0.815625 0.03125 0.0640625
0 0.49296875 0.8125 0.0328125 0.059375
0 0.43671875 0.7890625 0.0421875 0.059375
0 0.60625 0.7859375 0.0234375 0.0546875
0 0.58828125 0.778125 0.025 0.053125
0 0.56171875 0.77890625 0.028125 0.0515625
0 0.45859375 0.76640625 0.0203125 0.05
0 0.44765625 0.74609375 0.015625 0.03125
0 0.41796875 0.76171875 0.025 0.0328125
0 0.43125 0.76640625 0.021875 0.046875
0 0.42109375 0.72734375 0.01875 0.0390625
0 0.609375 0.7484375 0.0234375 0.0484375
0 0.61953125 0.7390625 0.0171875 0.0390625
0 0.61875 0.7015625 0.015625 0.0359375
0 0.721875 0.85 0.034375 0.0546875
0 0.66171875 0.84609375 0.0328125 0.059375
0 0.5859375 0.88828125 0.06875 0.040625
0 0.60078125 0.840625 0.0359375 0.05625
0 0.47578125 0.77109375 0.021875 0.05625
0 0.63046875 0.73203125 0.0109375 0.04375
0 0.50625 0.7015625 0.196875 0.0390625
0 0.54375 0.7375 0.10625 0.03125
0 0.51796875 0.77109375 0.0546875 0.034375
0 0.44140625 0.725 0.0109375 0.0078125