0 0.85625 0.8 0.2203125 0.3984375
0 0.7296875 0.8875 0.1625 0.2234375
0 0.61484375 0.8328125 0.1140625 0.3328125
0 0.5453125 0.8375 0.08125 0.321875
0 0.5890625 0.7328125 0.0546875 0.2234375
0 0.28984375 0.8953125 0.121875 0.2078125
0 0.078125 0.81328125 0.15625 0.371875
0 0.06796875 0.678125 0.0625 0.165625
0 0.14921875 0.8125 0.075 0.375
0 0.21796875 0.809375 0.0859375 0.38125
0 0.296875 0.81328125 0.128125 0.371875
0 0.3625 0.83203125 0.0625 0.3359375
0 0.40390625 0.8265625 0.0546875 0.3453125
0 0.4609375 0.8125 0.128125 0.3734375
0 0.48671875 0.84453125 0.046875 0.309375
0 0.5 0.71875 0.04375 0.1734375
0 0.5234375 0.74921875 0.053125 0.228125
0 0.3265625 0.78828125 0.059375 0.421875
0 0.36953125 0.57109375 0.7390625 0.2140625
0 0.90703125 0.44375 0.1625 0.4953125
0 0.6109375 0.4265625 0.0203125 0.0703125
0 0.22109375 0.72578125 0.103125 0.09375
0 0.2484375 0.96015625 0.025 0.078125