0 0.14765625 0.4984375 0.2578125 0.7984375
0 0.25078125 0.25703125 0.3140625 0.434375
0 0.45078125 0.2984375 0.1640625 0.3828125
0 0.53359375 0.296875 0.090625 0.3671875
0 0.7046875 0.1921875 0.290625 0.284375
0 0.3265625 0.59296875 0.134375 0.5859375
0 0.46328125 0.61875 0.23125 0.6140625
0 0.63125 0.4890625 0.1859375 0.3265625
0 0.6453125 0.32578125 0.1484375 0.3359375
0 0.7578125 0.35390625 0.228125 0.4859375
0 0.815625 0.54609375 0.3328125 0.54375
0 0.209375 0.70625 0.3140625 0.521875
0 0.475 0.74140625 0.3609375 0.515625
0 0.7515625 0.7375 0.30625 0.4859375