0 0.715625 0.80234375 0.2125 0.3921875
0 0.60625 0.9203125 0.0671875 0.15625
0 0.471875 0.890625 0.1265625 0.209375
0 0.21484375 0.87734375 0.1328125 0.2421875
0 0.3578125 0.9609375 0.0546875 0.075
0 0.053125 0.93203125 0.10625 0.1328125
0 0.5921875 0.859375 0.0671875 0.278125
0 0.525 0.85703125 0.0703125 0.246875
0 0.47265625 0.796875 0.06875 0.20625
0 0.07265625 0.81875 0.0546875 0.1046875
0 0.0484375 0.78203125 0.0265625 0.0828125
0 0.0328125 0.82109375 0.034375 0.146875
0 0.015625 0.81875 0.03125 0.209375
0 0.2921875 0.9078125 0.046875 0.18125
0 0.31875 0.8703125 0.040625 0.1375
0 0.2734375 0.846875 0.059375 0.3015625
0 0.353125 0.84375 0.0625 0.2515625
0 0.39140625 0.8109375 0.0546875 0.2390625
0 0.440625 0.8171875 0.028125 0.184375
0 0.5046875 0.75234375 0.0328125 0.1
0 0.4328125 0.8015625 0.028125 0.1921875
0 0.3328125 0.74765625 0.0234375 0.0734375
0 0.31484375 0.7546875 0.03125 0.11875
0 0.65625 0.784375 0.0375 0.1140625
0 0.690625 0.76171875 0.0234375 0.1015625
0 0.86171875 0.8203125 0.15 0.35625
0 0.9359375 0.7484375 0.015625 0.0828125
0 0.221875 0.72890625 0.084375 0.0796875
0 0.29296875 0.7375 0.0296875 0.09375
0 0.3390625 0.70078125 0.0453125 0.0359375
0 0.3796875 0.71875 0.0375 0.075
0 0.421875 0.7296875 0.025 0.0828125
0 0.46328125 0.721875 0.059375 0.0625
0 0.5421875 0.7515625 0.0203125 0.0796875
0 0.88984375 0.7484375 0.0765625 0.0953125