0 0.053125 0.76484375 0.10625 0.46875
0 0.1296875 0.7453125 0.09375 0.4609375
0 0.2015625 0.74140625 0.0765625 0.4265625
0 0.265625 0.74765625 0.084375 0.409375
0 0.33359375 0.7515625 0.084375 0.3921875
0 0.40625 0.72734375 0.078125 0.4140625
0 0.459375 0.73046875 0.0953125 0.421875
0 0.53125 0.71953125 0.090625 0.425
0 0.61015625 0.72265625 0.0890625 0.4078125
0 0.6859375 0.721875 0.0953125 0.425
0 0.753125 0.740625 0.078125 0.365625
0 0.80546875 0.70859375 0.0859375 0.428125
0 0.875 0.73046875 0.08125 0.4109375
0 0.9265625 0.70859375 0.0875 0.4
0 0.17578125 0.5296875 0.0703125 0.14375
0 0.23359375 0.55 0.053125 0.1140625
0 0.29765625 0.55234375 0.065625 0.140625
0 0.3421875 0.68203125 0.0703125 0.33125
0 0.26171875 0.5125 0.0484375 0.1015625
0 0.36328125 0.62890625 0.0734375 0.36875
0 0.42734375 0.51328125 0.071875 0.1375
0 0.48671875 0.6359375 0.05625 0.3609375
0 0.54453125 0.528125 0.071875 0.159375
0 0.5953125 0.63046875 0.05625 0.3546875
0 0.64609375 0.61875 0.0671875 0.3734375
0 0.7015625 0.5046875 0.0546875 0.1078125
0 0.7484375 0.525 0.0671875 0.175
0 0.803125 0.50859375 0.06875 0.1296875
0 0.84609375 0.70625 0.0546875 0.3984375
0 0.87734375 0.51640625 0.0609375 0.1171875
0 0.7171875 0.5546875 0.0484375 0.121875