0 0.35078125 0.5 0.4625 0.996875
0 0.646875 0.853125 0.140625 0.290625
0 0.8640625 0.70625 0.2390625 0.584375
0 0.4859375 0.9234375 0.059375 0.15
0 0.55546875 0.92890625 0.0609375 0.1390625
0 0.60546875 0.9203125 0.059375 0.15625
0 0.7265625 0.903125 0.0703125 0.190625
0 0.77109375 0.8921875 0.0625 0.2125
0 0.54609375 0.9078125 0.0671875 0.18125
0 0.09765625 0.91953125 0.040625 0.1578125
0 0.23046875 0.903125 0.03125 0.0625
0 0.2671875 0.90625 0.03125 0.0765625
0 0.48515625 0.9046875 0.078125 0.1875
0 0.1453125 0.9046875 0.0453125 0.1875
0 0.0296875 0.809375 0.0546875 0.375
0 0.3078125 0.78828125 0.1390625 0.153125
0 0.06796875 0.3796875 0.1359375 0.475
0 0.653125 0.3921875 0.30625 0.334375
0 0.79375 0.15 0.4078125 0.1375
0 0.521875 0.69765625 0.1140625 0.2671875
0 0.70390625 0.66171875 0.0875 0.2046875
0 0.60703125 0.67109375 0.05625 0.2140625
0 0.44453125 0.93125 0.04375 0.134375
0 0.9625 0.72109375 0.071875 0.1890625
0 0.925 0.3921875 0.1421875 0.334375
0 0.83125 0.325 0.04375 0.1984375
0 0.95 0.59375 0.0953125 0.0625
0 0.91328125 0.77421875 0.025 0.09375
0 0.646875 0.63359375 0.025 0.1484375
0 0.7125 0.78671875 0.0640625 0.034375
0 0.69609375 0.903125 0.0359375 0.0703125
0 0.77265625 0.5796875 0.05 0.0390625
0 0.75625 0.6515625 0.015625 0.10625
0 0.22265625 0.24765625 0.1640625 0.171875
0 0.2125 0.5140625 0.1421875 0.1875
0 0.3234375 0.46875 0.0734375 0.11875
0 0.35 0.178125 0.0859375 0.0984375
0 0.0765625 0.9171875 0.0234375 0.14375
0 0.196875 0.88828125 0.04375 0.1125
0 0.16640625 0.82109375 0.015625 0.028125