0 0.3421875 0.89140625 0.0234375 0.0328125
0 0.2890625 0.89609375 0.01875 0.0203125
0 0.62734375 0.9390625 0.03125 0.11875
0 0.6453125 0.9375 0.0390625 0.121875
0 0.68515625 0.93671875 0.0171875 0.0734375
0 0.675 0.93125 0.015625 0.0765625
0 0.6640625 0.93125 0.01875 0.0765625
0 0.6953125 0.921875 0.015625 0.0734375
0 0.70390625 0.9140625 0.01875 0.0640625
0 0.7203125 0.93046875 0.025 0.075
0 0.72421875 0.92109375 0.0171875 0.0671875
0 0.73984375 0.9296875 0.01875 0.0765625
0 0.7515625 0.9390625 0.0328125 0.11875
0 0.7796875 0.9375 0.040625 0.121875
0 0.7921875 0.9375 0.0234375 0.1078125
0 0.81015625 0.9375 0.0265625 0.1109375
0 0.81484375 0.93515625 0.0265625 0.1046875
0 0.871875 0.9328125 0.0421875 0.13125
0 0.92734375 0.9328125 0.05 0.13125
0 0.890625 0.921875 0.034375 0.084375
0 0.6140625 0.93125 0.021875 0.065625
0 0.7703125 0.9453125 0.01875 0.0875