0 0.9078125 0.715625 0.184375 0.5671875
0 0.796875 0.728125 0.2796875 0.5421875
0 0.715625 0.73671875 0.196875 0.525
0 0.64609375 0.74453125 0.1640625 0.509375
0 0.60078125 0.696875 0.1015625 0.3765625
0 0.5984375 0.6703125 0.0875 0.315625
0 0.5875 0.57421875 0.0359375 0.0765625
0 0.58828125 0.56953125 0.0359375 0.065625
0 0.56484375 0.5875 0.0296875 0.1234375
0 0.5609375 0.56953125 0.0265625 0.0921875
0 0.528125 0.584375 0.01875 0.0953125
0 0.51796875 0.584375 0.01875 0.0828125
0 0.49140625 0.5859375 0.025 0.078125
0 0.53203125 0.5375 0.0109375 0.0296875
0 0.41640625 0.66171875 0.1140625 0.3390625
0 0.646875 0.590625 0.0328125 0.0578125
0 0.5875 0.75625 0.0140625 0.046875
0 0.5265625 0.5546875 0.0046875 0.0078125
0 0.5234375 0.54453125 0.0046875 0.0046875
0 0.45859375 0.57109375 0.00625 0.01875
0 0.41953125 0.5546875 0.0078125 0.0109375