0 0.01953125 0.53515625 0.0171875 0.046875
0 0.021875 0.53203125 0.0140625 0.0453125
0 0.0265625 0.4953125 0.015625 0.0453125
0 0.0796875 0.4953125 0.0125 0.046875
0 0.08671875 0.4875 0.009375 0.0234375
0 0.115625 0.50234375 0.0140625 0.0453125
0 0.12890625 0.4984375 0.009375 0.0421875
0 0.13671875 0.4984375 0.0109375 0.0421875
0 0.153125 0.49296875 0.009375 0.040625
0 0.1609375 0.4921875 0.009375 0.040625
0 0.16875 0.490625 0.0140625 0.03125
0 0.2015625 0.49140625 0.0140625 0.0453125
0 0.21171875 0.49140625 0.0125 0.0453125
0 0.21328125 0.48984375 0.0109375 0.0421875
0 0.24609375 0.4984375 0.009375 0.046875
0 0.24140625 0.49375 0.0140625 0.0359375
0 0.2515625 0.48828125 0.0125 0.0453125
0 0.26015625 0.490625 0.009375 0.0390625
0 0.29375 0.4890625 0.0078125 0.040625
0 0.3109375 0.49140625 0.0125 0.0328125
0 0.3390625 0.4859375 0.015625 0.0328125
0 0.5734375 0.4796875 0.0171875 0.01875
0 0.58984375 0.48984375 0.009375 0.028125
0 0.5953125 0.48828125 0.0140625 0.0484375
0 0.63671875 0.48515625 0.009375 0.0375
0 0.6453125 0.48125 0.0109375 0.04375
0 0.65546875 0.4828125 0.0109375 0.0390625
0 0.66875 0.496875 0.0171875 0.0578125
0 0.7234375 0.49296875 0.0125 0.0453125
0 0.73515625 0.490625 0.0109375 0.0546875
0 0.74296875 0.47265625 0.00625 0.0109375
0 0.73671875 0.48671875 0.0078125 0.0515625
0 0.746875 0.47109375 0.0046875 0.015625
0 0.74921875 0.4734375 0.0078125 0.0125
0 0.7578125 0.4796875 0.009375 0.0421875
0 0.75078125 0.49453125 0.0125 0.046875
0 0.74609375 0.49921875 0.0125 0.05
0 0.76953125 0.49140625 0.0109375 0.0484375
0 0.77265625 0.465625 0.0078125 0.0203125
0 0.78046875 0.4828125 0.0078125 0.0421875
0 0.8578125 0.48125 0.0109375 0.04375
0 0.8640625 0.484375 0.0171875 0.0453125
0 0.86484375 0.4859375 0.01875 0.0484375
0 0.91796875 0.48828125 0.015625 0.0484375
0 0.91953125 0.48828125 0.0125 0.046875
0 0.934375 0.4890625 0.015625 0.0453125
0 0.9828125 0.47890625 0.01875 0.04375
0 0.9953125 0.4796875 0.009375 0.05
0 0.08125 0.525 0.01875 0.0578125
0 0.0921875 0.521875 0.0140625 0.0515625
0 0.1 0.52265625 0.0125 0.053125
0 0.12421875 0.53125 0.01875 0.065625
0 0.30625 0.5265625 0.01875 0.0640625
0 0.3171875 0.53203125 0.015625 0.0703125
0 0.325 0.52734375 0.0109375 0.0625
0 0.3375 0.52734375 0.01875 0.065625
0 0.35078125 0.5859375 0.03125 0.1015625
0 0.359375 0.51171875 0.009375 0.05625
0 0.3703125 0.49609375 0.0078125 0.015625
0 0.36796875 0.52421875 0.0078125 0.0640625
0 0.3734375 0.52734375 0.01875 0.065625
0 0.37421875 0.4828125 0.0109375 0.015625
0 0.38828125 0.525 0.0140625 0.065625
0 0.3828125 0.475 0.0109375 0.0171875
0 0.38359375 0.4921875 0.0109375 0.0296875
0 0.3890625 0.49140625 0.0125 0.0265625
0 0.39921875 0.50390625 0.0109375 0.05
0 0.39921875 0.5 0.0109375 0.0515625
0 0.41640625 0.475 0.0125 0.0171875
0 0.415625 0.49609375 0.0140625 0.0484375
0 0.428125 0.4859375 0.0109375 0.0453125
0 0.43203125 0.496875 0.009375 0.0390625
0 0.440625 0.54140625 0.0203125 0.0671875
0 0.46015625 0.55859375 0.0296875 0.0890625
0 0.45234375 0.58671875 0.025 0.090625
0 0.58359375 0.5046875 0.0125 0.0515625
0 0.55703125 0.57421875 0.025 0.0921875
0 0.5625 0.5625 0.0203125 0.096875
0 0.58515625 0.5671875 0.0265625 0.103125
0 0.94140625 0.51953125 0.015625 0.0328125
0 0.94609375 0.528125 0.0171875 0.046875
0 0.94765625 0.58046875 0.01875 0.065625
0 0.9640625 0.5625 0.01875 0.084375
0 0.99375 0.5109375 0.0125 0.0578125
0 0.065625 0.56640625 0.0171875 0.0203125
0 0.0625 0.63125 0.046875 0.1296875
0 0.08046875 0.58359375 0.028125 0.0296875
0 0.0953125 0.6296875 0.0296875 0.128125
0 0.10859375 0.6046875 0.0421875 0.115625
0 0.2765625 0.62109375 0.0390625 0.125
0 0.63125 0.61171875 0.0421875 0.1328125
0 0.7609375 0.63125 0.0625 0.2328125
0 0.91640625 0.56640625 0.0171875 0.03125
0 0.93359375 0.621875 0.0484375 0.1828125
0 0.9921875 0.56015625 0.0125 0.0359375
0 0.9875 0.63828125 0.025 0.1578125
0 0.49453125 0.5890625 0.128125 0.375
0 0.68359375 0.44921875 0.0078125 0.0265625
0 0.9375 0.44609375 0.009375 0.028125
0 0.25390625 0.46015625 0.0078125 0.0234375
0 0.18984375 0.44921875 0.0046875 0.00625
0 0.23203125 0.46015625 0.0078125 0.0203125
0 0.74765625 0.44609375 0.0078125 0.0265625
0 0.00625 0.61875 0.0125 0.3234375