0 0.03828125 0.43203125 0.0765625 0.8640625
0 0.23984375 0.1875 0.11875 0.1796875
0 0.2125 0.35078125 0.1484375 0.15
0 0.428125 0.51953125 0.2359375 0.8046875
0 0.53046875 0.5453125 0.203125 0.775
0 0.571875 0.0859375 0.0921875 0.16875
0 0.62421875 0.1796875 0.10625 0.175
0 0.728125 0.1703125 0.0640625 0.1703125
0 0.7765625 0.25625 0.1375 0.3234375
0 0.8265625 0.86875 0.178125 0.259375
0 0.02109375 0.3953125 0.028125 0.071875
0 0.4125 0.37890625 0.0453125 0.075
0 0.95625 0.21328125 0.0875 0.375
0 0.97578125 0.825 0.0484375 0.340625