0 0.446875 0.73984375 0.265625 0.5171875
0 0.1921875 0.65 0.278125 0.696875
0 0.3703125 0.65546875 0.1578125 0.6875
0 0.52109375 0.5390625 0.159375 0.509375
0 0.67421875 0.72109375 0.215625 0.55625
0 0.6234375 0.44453125 0.153125 0.3421875
0 0.8609375 0.6515625 0.25625 0.6953125
0 0.3078125 0.37109375 0.0234375 0.0203125
0 0.46640625 0.3578125 0.0234375 0.028125
0 0.89453125 0.36484375 0.01875 0.021875
0 0.06015625 0.36015625 0.034375 0.0078125
0 0.1015625 0.35859375 0.025 0.0125
0 0.97421875 0.34609375 0.0140625 0.009375