0 0.94375 0.81953125 0.1109375 0.3578125
0 0.8296875 0.834375 0.0640625 0.328125
0 0.7765625 0.82890625 0.0984375 0.3390625
0 0.72578125 0.7921875 0.03125 0.0953125
0 0.6984375 0.7640625 0.015625 0.0515625
0 0.6796875 0.8015625 0.0171875 0.1203125
0 0.66953125 0.7859375 0.015625 0.1125
0 0.6390625 0.74375 0.0203125 0.0609375
0 0.61015625 0.78828125 0.0234375 0.1109375
0 0.63359375 0.85 0.0546875 0.2421875
0 0.5796875 0.8296875 0.053125 0.2578125
0 0.4359375 0.81328125 0.03125 0.203125
0 0.41328125 0.8125 0.046875 0.2125
0 0.534375 0.7890625 0.0234375 0.06875
0 0.52421875 0.78125 0.0171875 0.0875
0 0.18828125 0.84453125 0.0640625 0.3078125
0 0.60078125 0.74375 0.0078125 0.015625
0 0.5609375 0.7375 0.0078125 0.0140625