0 0.0546875 0.7625 0.1015625 0.253125
0 0.1421875 0.7203125 0.0875 0.21875
0 0.2390625 0.73671875 0.065625 0.19375
0 0.271875 0.73984375 0.0640625 0.165625
0 0.33984375 0.7265625 0.0515625 0.165625
0 0.3859375 0.64296875 0.0203125 0.0328125
0 0.42265625 0.684375 0.040625 0.1328125
0 0.4671875 0.69453125 0.040625 0.153125
0 0.51640625 0.7046875 0.0453125 0.1453125
0 0.48515625 0.68828125 0.028125 0.1375
0 0.6328125 0.7171875 0.0390625 0.165625
0 0.6671875 0.6921875 0.0390625 0.128125
0 0.7171875 0.72890625 0.059375 0.175
0 0.70859375 0.65234375 0.0203125 0.046875
0 0.7421875 0.71875 0.03125 0.1609375
0 0.796875 0.83515625 0.15 0.3265625
0 0.92734375 0.84765625 0.14375 0.303125
0 0.765625 0.70234375 0.0265625 0.1015625
0 0.7890625 0.684375 0.0296875 0.0390625
0 0.840625 0.68203125 0.034375 0.1
0 0.85625 0.64140625 0.0203125 0.03125
0 0.02890625 0.6640625 0.0578125 0.0859375
0 0.09765625 0.68671875 0.028125 0.075