0 0.6734375 0.73984375 0.2890625 0.3375
0 0.37265625 0.71640625 0.3234375 0.3828125
0 0.13359375 0.75546875 0.1828125 0.3046875
0 0.10859375 0.70546875 0.2171875 0.4046875
0 0.225 0.7640625 0.1078125 0.2359375
0 0.49921875 0.7171875 0.1484375 0.34375
0 0.86640625 0.72109375 0.265625 0.3734375
0 0.54140625 0.66015625 0.0953125 0.1625
0 0.60625 0.6375 0.0828125 0.203125
0 0.68125 0.56328125 0.046875 0.0734375
0 0.96484375 0.64453125 0.06875 0.1609375
0 0.9171875 0.63515625 0.090625 0.1984375
0 0.9765625 0.57421875 0.0453125 0.0640625
0 0.29375 0.56640625 0.0390625 0.084375
0 0.24140625 0.65625 0.0859375 0.1046875
0 0.30859375 0.66015625 0.0671875 0.184375
0 0.90703125 0.6734375 0.184375 0.3046875
0 0.5015625 0.48515625 0.0453125 0.0828125
0 0.56640625 0.640625 0.0453125 0.10625
0 0.1453125 0.6 0.290625 0.2265625
0 0.93671875 0.48984375 0.0265625 0.0609375
0 0.71640625 0.64765625 0.0671875 0.1796875