0 0.11796875 0.45625 0.109375 0.36875
0 0.2140625 0.515625 0.046875 0.303125
0 0.16875 0.565625 0.1125 0.3796875
0 0.25703125 0.60703125 0.0859375 0.321875
0 0.27421875 0.54609375 0.0625 0.3078125
0 0.2890625 0.475 0.065625 0.30625
0 0.3234375 0.5 0.065625 0.2546875
0 0.35078125 0.671875 0.0984375 0.2625
0 0.37578125 0.565625 0.06875 0.2734375
0 0.3921875 0.4421875 0.065625 0.2015625
0 0.43125 0.65 0.13125 0.2
0 0.44375 0.5140625 0.075 0.3296875
0 0.446875 0.353125 0.0546875 0.1171875
0 0.50625 0.47578125 0.0671875 0.2578125
0 0.5609375 0.66796875 0.140625 0.2734375
0 0.61796875 0.6484375 0.1359375 0.278125
0 0.56484375 0.4703125 0.0734375 0.265625
0 0.59375 0.4546875 0.0625 0.2546875
0 0.6546875 0.43046875 0.0828125 0.2328125
0 0.6765625 0.56484375 0.121875 0.271875
0 0.7015625 0.52734375 0.0796875 0.33125
0 0.7203125 0.49609375 0.10625 0.31875
0 0.79140625 0.4875 0.0796875 0.346875
0 0.4671875 0.56015625 0.0890625 0.315625
0 0.8953125 0.490625 0.1109375 0.23125