0 0.0796875 0.76171875 0.159375 0.4265625
0 0.2109375 0.71796875 0.178125 0.3
0 0.121875 0.69375 0.053125 0.1078125
0 0.3390625 0.7375 0.1421875 0.2109375
0 0.5125 0.734375 0.2484375 0.25
0 0.2296875 0.73203125 0.14375 0.1984375
0 0.34765625 0.64375 0.0953125 0.1640625
0 0.5375 0.6453125 0.1140625 0.175
0 0.43515625 0.625 0.053125 0.0765625
0 0.559375 0.62578125 0.0859375 0.1140625
0 0.153125 0.60859375 0.0703125 0.09375
0 0.128125 0.60859375 0.040625 0.0671875
0 0.66953125 0.57578125 0.1328125 0.1640625
0 0.671875 0.6609375 0.1578125 0.1953125
0 0.76328125 0.62421875 0.1203125 0.1046875
0 0.75 0.72109375 0.15 0.1828125
0 0.89453125 0.71484375 0.209375 0.275
0 0.96640625 0.609375 0.0578125 0.0609375
0 0.84140625 0.6984375 0.0578125 0.09375
0 0.38828125 0.59140625 0.0734375 0.0671875
0 0.97109375 0.671875 0.0546875 0.0921875
0 0.01328125 0.59921875 0.0265625 0.0515625