0 0.05078125 0.57890625 0.0578125 0.2484375
0 0.09765625 0.56796875 0.021875 0.159375
0 0.12421875 0.58671875 0.071875 0.2171875
0 0.17578125 0.5890625 0.0546875 0.246875
0 0.16328125 0.5828125 0.059375 0.2375
0 0.17265625 0.575 0.053125 0.2265625
0 0.1921875 0.58203125 0.053125 0.225
0 0.21796875 0.58203125 0.0484375 0.228125
0 0.221875 0.59296875 0.078125 0.2859375
0 0.28125 0.53984375 0.021875 0.09375
0 0.2921875 0.55078125 0.034375 0.14375
0 0.3421875 0.54296875 0.0171875 0.0875
0 0.43359375 0.55625 0.01875 0.115625
0 0.4453125 0.55859375 0.034375 0.1265625
0 0.4625 0.55859375 0.04375 0.13125
0 0.5453125 0.5453125 0.021875 0.0953125
0 0.53203125 0.54140625 0.0140625 0.071875
0 0.565625 0.51328125 0.0109375 0.0375
0 0.65546875 0.5421875 0.03125 0.1078125
0 0.6609375 0.53671875 0.015625 0.084375
0 0.6796875 0.53203125 0.0328125 0.078125
0 0.7515625 0.53359375 0.0125 0.071875
0 0.74765625 0.534375 0.0203125 0.0703125
0 0.7625 0.53515625 0.0171875 0.0875
0 0.76953125 0.54765625 0.03125 0.121875
0 0.83828125 0.521875 0.0375 0.0796875
0 0.85234375 0.52265625 0.021875 0.0703125
0 0.8640625 0.525 0.01875 0.0625
0 0.93203125 0.4953125 0.0234375 0.0453125
0 0.98046875 0.63671875 0.0375 0.378125
0 0.95546875 0.66328125 0.0875 0.425
0 0.90859375 0.64375 0.0859375 0.3828125
0 0.815625 0.63515625 0.0953125 0.409375
0 0.82734375 0.64375 0.1046875 0.30625
0 0.73203125 0.63046875 0.0796875 0.3796875
0 0.71796875 0.628125 0.075 0.3234375
0 0.621875 0.63359375 0.0984375 0.334375
0 0.60390625 0.60703125 0.0671875 0.328125
0 0.56796875 0.56328125 0.05 0.1796875
0 0.50546875 0.59921875 0.090625 0.3671875
0 0.4125 0.59453125 0.0734375 0.290625
0 0.37421875 0.61640625 0.0734375 0.290625
0 0.321875 0.60390625 0.0515625 0.246875
0 0.07578125 0.5 0.0171875 0.04375
0 0.0265625 0.5390625 0.0109375 0.046875
0 0.0625 0.65546875 0.01875 0.0671875
0 0.03125 0.67890625 0.0109375 0.028125
0 0.02890625 0.59140625 0.0078125 0.0546875
0 0.1140625 0.5015625 0.0125 0.025
0 0.14296875 0.50234375 0.0171875 0.021875
0 0.15 0.6125 0.0078125 0.0109375
0 0.31484375 0.50859375 0.0109375 0.021875
0 0.45 0.51015625 0.01875 0.025
0 0.42578125 0.49296875 0.0234375 0.01875
0 0.4765625 0.58203125 0.0078125 0.0125
0 0.5375 0.51484375 0.0046875 0.01875
0 0.58515625 0.4859375 0.01875 0.021875
0 0.57734375 0.60625 0.00625 0.015625
0 0.76875 0.49921875 0.0109375 0.015625
0 0.784375 0.50078125 0.0109375 0.009375
0 0.7609375 0.56015625 0.0125 0.025
0 0.83984375 0.51171875 0.015625 0.0359375
0 0.88125 0.49921875 0.028125 0.028125
0 0.91484375 0.51796875 0.0140625 0.01875
0 0.34765625 0.51484375 0.0125 0.015625
0 0.54921875 0.50859375 0.0125 0.015625