0 0.38046875 0.51328125 0.040625 0.2359375
0 0.41015625 0.50546875 0.0484375 0.2328125
0 0.44765625 0.50078125 0.0328125 0.2265625
0 0.46484375 0.5484375 0.065625 0.28125
0 0.490625 0.50078125 0.03125 0.2
0 0.5015625 0.50078125 0.0546875 0.2234375
0 0.53828125 0.47109375 0.03125 0.1296875
0 0.53984375 0.48984375 0.0359375 0.15625
0 0.51640625 0.43359375 0.015625 0.028125
0 0.55546875 0.45390625 0.015625 0.0734375
0 0.5609375 0.43828125 0.0171875 0.053125
0 0.59453125 0.540625 0.090625 0.3828125
0 0.63203125 0.521875 0.0421875 0.2375
0 0.6703125 0.5546875 0.0765625 0.359375
0 0.7046875 0.41484375 0.0421875 0.0765625
0 0.74609375 0.6171875 0.1546875 0.5265625
0 0.7765625 0.43203125 0.0078125 0.0203125
0 0.79140625 0.42890625 0.015625 0.0421875
0 0.828125 0.43984375 0.0234375 0.0671875
0 0.8515625 0.42890625 0.0265625 0.034375
0 0.865625 0.42734375 0.0171875 0.0375
0 0.8890625 0.484375 0.065625 0.1828125
0 0.9171875 0.61796875 0.075 0.5015625
0 0.95078125 0.61015625 0.096875 0.6453125
0 0.2984375 0.53125 0.0546875 0.1078125
0 0.2609375 0.4890625 0.0703125 0.315625
0 0.20078125 0.38515625 0.0484375 0.0390625
0 0.54765625 0.5015625 0.0125 0.0234375
0 0.5484375 0.42421875 0.0125 0.028125
0 0.6203125 0.40703125 0.0109375 0.0203125
0 0.6515625 0.42109375 0.0234375 0.0375
0 0.71796875 0.41171875 0.028125 0.0375
0 0.6890625 0.440625 0.0203125 0.0359375
0 0.55859375 0.91015625 0.1984375 0.15
0 0.45625 0.7515625 0.1546875 0.0890625
0 0.7515625 0.32734375 0.0171875 0.0296875
0 0.79609375 0.2953125 0.0171875 0.0203125
0 0.52265625 0.3625 0.0453125 0.0203125
0 0.0484375 0.4328125 0.0171875 0.0265625
0 0.1515625 0.3953125 0.01875 0.0265625
0 0.01875 0.38515625 0.0125 0.0171875