0 0.0953125 0.82890625 0.0359375 0.153125
0 0.246875 0.78203125 0.009375 0.046875
0 0.2734375 0.8 0.021875 0.090625
0 0.28125 0.78828125 0.0140625 0.0671875
0 0.3515625 0.8046875 0.021875 0.0765625
0 0.3796875 0.80078125 0.0203125 0.0703125
0 0.4125 0.7953125 0.0140625 0.0671875
0 0.4203125 0.8 0.0140625 0.0625
0 0.48984375 0.7984375 0.0109375 0.05625
0 0.5 0.78203125 0.0140625 0.046875
0 0.5171875 0.784375 0.0140625 0.0515625
0 0.59453125 0.77890625 0.0140625 0.0484375
0 0.446875 0.79140625 0.021875 0.065625
0 0.48515625 0.76875 0.0125 0.028125
0 0.63125 0.7765625 0.028125 0.053125
0 0.35859375 0.7671875 0.0453125 0.034375