0 0.01328125 0.8265625 0.0265625 0.171875
0 0.04765625 0.8234375 0.046875 0.14375
0 0.03828125 0.80078125 0.021875 0.1078125
0 0.075 0.80859375 0.03125 0.140625
0 0.08515625 0.75625 0.009375 0.0171875
0 0.10078125 0.82265625 0.021875 0.1015625
0 0.11953125 0.81015625 0.0375 0.1375
0 0.153125 0.80859375 0.0390625 0.13125
0 0.14375 0.79375 0.0125 0.096875
0 0.28203125 0.828125 0.04375 0.1828125
0 0.3984375 0.83125 0.03125 0.1609375
0 0.51796875 0.80546875 0.0328125 0.1359375
0 0.715625 0.8421875 0.1015625 0.3140625
0 0.4796875 0.821875 0.025 0.1609375
0 0.0078125 0.8171875 0.015625 0.146875
0 0.26015625 0.69609375 0.071875 0.015625
0 0.26875 0.7140625 0.0140625 0.0234375
0 0.17109375 0.76328125 0.0125 0.0234375
0 0.44375 0.8375 0.059375 0.1140625
0 0.54140625 0.8265625 0.03125 0.1015625
0 0.43203125 0.76015625 0.05 0.053125