0 0.63828125 0.503125 0.39375 0.9890625
0 0.38671875 0.6578125 0.3 0.6796875
0 0.13828125 0.7578125 0.2765625 0.4796875
0 0.86796875 0.371875 0.1390625 0.334375
0 0.20234375 0.08671875 0.115625 0.1734375
0 0.4109375 0.1765625 0.1171875 0.3484375
0 0.54609375 0.35625 0.21875 0.3390625
0 0.12109375 0.5390625 0.2421875 0.5578125
0 0.08515625 0.340625 0.13125 0.240625
0 0.18203125 0.55390625 0.14375 0.7078125
0 0.175 0.1984375 0.071875 0.165625
0 0.2875 0.2546875 0.0765625 0.196875
0 0.3203125 0.37578125 0.1578125 0.3546875
0 0.3125 0.1359375 0.1015625 0.1234375
0 0.96796875 0.84921875 0.0625 0.296875
0 0.03515625 0.1796875 0.0703125 0.221875
0 0.55234375 0.8671875 0.3640625 0.2609375