0 0.0421875 0.89296875 0.0234375 0.0703125
0 0.090625 0.89296875 0.0234375 0.0734375
0 0.13046875 0.89140625 0.028125 0.0796875
0 0.0796875 0.975 0.046875 0.046875
0 0.2609375 0.97109375 0.0671875 0.0546875
0 0.23828125 0.83984375 0.01875 0.0375
0 0.2375 0.82265625 0.0171875 0.0359375
0 0.32578125 0.81484375 0.015625 0.0265625
0 0.284375 0.93984375 0.0453125 0.1171875
0 0.39609375 0.9765625 0.046875 0.04375
0 0.35078125 0.959375 0.046875 0.078125
0 0.3734375 0.84609375 0.0234375 0.06875
0 0.42890625 0.93984375 0.0453125 0.1171875
0 0.43046875 0.9078125 0.0453125 0.0890625
0 0.4734375 0.95390625 0.0359375 0.0890625
0 0.4578125 0.95078125 0.01875 0.0953125
0 0.41328125 0.884375 0.028125 0.1015625
0 0.41328125 0.834375 0.021875 0.0421875
0 0.4390625 0.85 0.028125 0.09375
0 0.4203125 0.81484375 0.015625 0.0375
0 0.44921875 0.83828125 0.0203125 0.0734375
0 0.525 0.93828125 0.05625 0.1203125
0 0.540625 0.92734375 0.040625 0.1421875
0 0.5140625 0.86171875 0.0234375 0.040625
0 0.5546875 0.90703125 0.0296875 0.1140625
0 0.58359375 0.8984375 0.040625 0.1265625
0 0.665625 0.940625 0.0484375 0.115625
0 0.684375 0.9265625 0.0390625 0.14375
0 0.6359375 0.93203125 0.0375 0.134375
0 0.609375 0.90703125 0.0375 0.134375
0 0.753125 0.85 0.01875 0.04375
0 0.70234375 0.89765625 0.0359375 0.1484375
0 0.7359375 0.9484375 0.05 0.1
0 0.75703125 0.934375 0.0296875 0.128125
0 0.796875 0.94921875 0.0578125 0.0984375
0 0.8140625 0.92578125 0.028125 0.0828125
0 0.846875 0.934375 0.0515625 0.0828125
0 0.8640625 0.92421875 0.0265625 0.075
0 0.9296875 0.925 0.053125 0.084375
0 0.96328125 0.928125 0.034375 0.0734375
0 0.9421875 0.90234375 0.0234375 0.0515625
0 0.653125 0.88046875 0.028125 0.0828125
0 0.62578125 0.86171875 0.0234375 0.040625
0 0.67734375 0.859375 0.0234375 0.0484375
0 0.67265625 0.84765625 0.0234375 0.071875
0 0.67265625 0.81328125 0.0140625 0.0234375
0 0.66484375 0.83046875 0.015625 0.0421875
0 0.65 0.81796875 0.01875 0.040625
0 0.60546875 0.834375 0.0234375 0.025
0 0.5796875 0.83203125 0.015625 0.0578125
0 0.5109375 0.7890625 0.0109375 0.0421875
0 0.51640625 0.7890625 0.0109375 0.0359375
0 0.52890625 0.7875 0.0109375 0.0390625
0 0.553125 0.81640625 0.0171875 0.0578125
0 0.57109375 0.80546875 0.01875 0.0625
0 0.58515625 0.79296875 0.0109375 0.040625
0 0.546875 0.83515625 0.0234375 0.04375
0 0.53984375 0.815625 0.015625 0.025
0 0.5375 0.80859375 0.0171875 0.040625
0 0.521875 0.81796875 0.0125 0.059375
0 0.5265625 0.82421875 0.0234375 0.0453125
0 0.5 0.8375 0.021875 0.0484375
0 0.50390625 0.78984375 0.0140625 0.04375
0 0.4921875 0.790625 0.0109375 0.0359375
0 0.48828125 0.7921875 0.0125 0.03125
0 0.48046875 0.821875 0.0171875 0.0828125
0 0.46328125 0.8390625 0.015625 0.075
0 0.459375 0.79296875 0.0109375 0.0375
0 0.465625 0.78203125 0.0078125 0.0125
0 0.4328125 0.72734375 0.0109375 0.0390625
0 0.4984375 0.72734375 0.0109375 0.0359375
0 0.50546875 0.73203125 0.0109375 0.034375
0 0.14296875 0.9796875 0.0234375 0.0375
0 0.990625 0.95 0.0171875 0.0171875
0 0.21796875 0.78671875 0.0109375 0.034375
0 0.61328125 0.80234375 0.05 0.0390625
0 0.44921875 0.7875 0.0125 0.021875
0 0.465625 0.79140625 0.0125 0.0171875
0 0.4859375 0.71171875 0.01875 0.0265625
0 0.50234375 0.70703125 0.0171875 0.0171875
0 0.5421875 0.71171875 0.05 0.0234375