0 0.21171875 0.54140625 0.2 0.915625
0 0.3515625 0.671875 0.2890625 0.6546875
0 0.5375 0.540625 0.1671875 0.9171875
0 0.62734375 0.65234375 0.309375 0.69375
0 0.86953125 0.58125 0.1390625 0.8359375
0 0.0234375 0.590625 0.046875 0.1984375
0 0.14296875 0.94296875 0.0453125 0.1140625
0 0.20078125 0.9515625 0.01875 0.0953125
0 0.24453125 0.94453125 0.0609375 0.109375
0 0.2203125 0.840625 0.04375 0.196875
0 0.27578125 0.75078125 0.040625 0.1125
0 0.25625 0.61484375 0.0390625 0.1609375
0 0.44765625 0.86796875 0.0359375 0.1046875
0 0.48828125 0.9375 0.0453125 0.1234375
0 0.46328125 0.775 0.04375 0.171875
0 0.5875 0.9296875 0.0546875 0.1390625
0 0.73203125 0.92109375 0.034375 0.090625
0 0.6359375 0.93203125 0.0265625 0.0984375
0 0.678125 0.95546875 0.04375 0.0890625
0 0.771875 0.9421875 0.0390625 0.1140625
0 0.73359375 0.75859375 0.0359375 0.1171875
0 0.77421875 0.7703125 0.03125 0.1546875
0 0.82265625 0.9375 0.04375 0.1234375
0 0.91640625 0.9390625 0.046875 0.121875
0 0.96640625 0.93515625 0.046875 0.128125
0 0.9609375 0.865625 0.0390625 0.109375
0 0.95859375 0.76640625 0.0390625 0.1640625
0 0.625 0.28984375 0.0390625 0.1
0 0.65390625 0.41953125 0.0359375 0.209375
0 0.69453125 0.415625 0.04375 0.2
0 0.715625 0.553125 0.0515625 0.1203125
0 0.05546875 0.3796875 0.109375 0.2171875
0 0.0546875 0.8421875 0.109375 0.309375
0 0.078125 0.58984375 0.0609375 0.19375
0 0.0234375 0.6484375 0.046875 0.075
0 0.12734375 0.61484375 0.03125 0.5625
0 0.11875 0.94765625 0.0140625 0.0984375
0 0.2046875 0.890625 0.025 0.2171875
0 0.28046875 0.94140625 0.034375 0.1125
0 0.31171875 0.821875 0.0234375 0.196875
0 0.2703125 0.4828125 0.1171875 0.4765625
0 0.35234375 0.34375 0.04375 0.18125
0 0.4609375 0.9515625 0.0953125 0.0953125
0 0.56484375 0.803125 0.053125 0.384375
0 0.58828125 0.3109375 0.025 0.1078125
0 0.70390625 0.27890625 0.028125 0.046875
0 0.775 0.6546875 0.11875 0.6890625
0 0.66875 0.73671875 0.0953125 0.5265625
0 0.94375 0.59375 0.1078125 0.5796875
0 0.99453125 0.94296875 0.0109375 0.1046875
0 0.87734375 0.896875 0.021875 0.2