0 0.02578125 0.915625 0.0453125 0.1234375
0 0.028125 0.9359375 0.05625 0.125
0 0.1328125 0.9625 0.0375 0.0734375
0 0.1640625 0.9390625 0.040625 0.059375
0 0.175 0.96328125 0.084375 0.0734375
0 0.25078125 0.95234375 0.0421875 0.09375
0 0.22734375 0.9453125 0.053125 0.1078125
0 0.2203125 0.90703125 0.0234375 0.053125
0 0.25234375 0.9 0.0109375 0.03125
0 0.2609375 0.8984375 0.0140625 0.025
0 0.28984375 0.90859375 0.0125 0.0328125
0 0.33203125 0.9171875 0.0171875 0.0515625
0 0.36796875 0.93515625 0.021875 0.06875
0 0.378125 0.9203125 0.01875 0.05
0 0.39296875 0.91484375 0.01875 0.0328125
0 0.41484375 0.925 0.021875 0.0453125
0 0.40859375 0.91953125 0.0125 0.053125
0 0.41640625 0.92734375 0.0171875 0.065625
0 0.425 0.909375 0.009375 0.03125
0 0.43203125 0.9140625 0.0125 0.025
0 0.4390625 0.91640625 0.0078125 0.034375
0 0.453125 0.9171875 0.0125 0.0328125
0 0.45625 0.9171875 0.0109375 0.0328125
0 0.4640625 0.909375 0.0140625 0.028125
0 0.4765625 0.909375 0.0078125 0.0140625
0 0.48125 0.925 0.0125 0.04375
0 0.49296875 0.91875 0.0140625 0.0453125
0 0.51875 0.94296875 0.01875 0.0671875
0 0.53203125 0.93671875 0.0171875 0.0828125
0 0.53828125 0.9203125 0.0140625 0.0296875
0 0.540625 0.90859375 0.0109375 0.0171875
0 0.559375 0.91328125 0.01875 0.0390625
0 0.3921875 0.96171875 0.05 0.075
0 0.41875 0.96953125 0.028125 0.059375
0 0.44453125 0.9515625 0.05 0.096875
0 0.47265625 0.9546875 0.028125 0.0890625
0 0.50625 0.9515625 0.046875 0.0953125
0 0.55078125 0.9515625 0.046875 0.096875
0 0.59765625 0.95234375 0.0421875 0.09375
0 0.6265625 0.9578125 0.0203125 0.084375
0 0.63515625 0.9515625 0.03125 0.096875
0 0.653125 0.95546875 0.05 0.0890625
0 0.7046875 0.95078125 0.071875 0.096875
0 0.7828125 0.9546875 0.078125 0.0890625
0 0.73125 0.93828125 0.01875 0.0859375
0 0.77578125 0.9109375 0.0234375 0.0328125
0 0.8203125 0.93125 0.021875 0.06875
0 0.83671875 0.93359375 0.0234375 0.04375
0 0.85703125 0.9265625 0.01875 0.059375
0 0.90703125 0.93125 0.0265625 0.06875
0 0.33046875 0.96875 0.04375 0.0625
0 0.296875 0.96328125 0.034375 0.071875
0 0.28359375 0.9859375 0.0390625 0.028125
0 0.240625 0.90390625 0.0203125 0.046875
0 0.20859375 0.9171875 0.01875 0.06875
0 0.47421875 0.8984375 0.11875 0.0203125
0 0.48515625 0.92265625 0.00625 0.03125
0 0.52421875 0.92421875 0.0078125 0.034375
0 0.5203125 0.971875 0.0046875 0.0046875
0 0.63671875 0.91328125 0.0625 0.0578125
0 0.74765625 0.940625 0.0265625 0.0625
0 0.94765625 0.953125 0.0265625 0.0328125
0 0.79375 0.92734375 0.0171875 0.053125
0 0.0921875 0.8984375 0.021875 0.0234375
0 0.40390625 0.9265625 0.0078125 0.0421875
0 0.27890625 0.940625 0.0328125 0.0453125
0 0.34921875 0.96796875 0.034375 0.0625
0 0.3109375 0.95859375 0.015625 0.0421875
0 0.38203125 0.95 0.0109375 0.0203125
0 0.6234375 0.9703125 0.0140625 0.059375
0 0.334375 0.9203125 0.0640625 0.034375