0 0.09140625 0.60234375 0.1828125 0.7921875
0 0.65546875 0.76640625 0.284375 0.4640625
0 0.85546875 0.7421875 0.25625 0.5125
0 0.3765625 0.57421875 0.178125 0.725
0 0.1546875 0.25390625 0.0484375 0.0953125
0 0.4609375 0.52734375 0.1765625 0.6875
0 0.6546875 0.6453125 0.184375 0.4734375
0 0.678125 0.48671875 0.0765625 0.1640625
0 0.8265625 0.4890625 0.1375 0.2875
0 0.9296875 0.440625 0.0921875 0.2625
0 0.59140625 0.36171875 0.1421875 0.3796875
0 0.53828125 0.29765625 0.034375 0.0546875
0 0.6703125 0.34921875 0.1140625 0.371875
0 0.72734375 0.409375 0.0953125 0.4546875
0 0.74296875 0.3875 0.059375 0.4640625
0 0.7625 0.33046875 0.0515625 0.275
0 0.81875 0.3046875 0.0734375 0.309375
0 0.90703125 0.27265625 0.084375 0.2578125
0 0.96875 0.20234375 0.0609375 0.1359375
0 0.94609375 0.2234375 0.0484375 0.1390625
0 0.9375 0.378125 0.1125 0.1859375
0 0.9796875 0.459375 0.0390625 0.25625
0 0.93203125 0.1078125 0.04375 0.0890625
0 0.0515625 0.86171875 0.084375 0.271875
0 0.984375 0.16953125 0.0296875 0.1078125