0 0.66953125 0.6140625 0.453125 0.76875
0 0.25625 0.5453125 0.4 0.7125
0 0.92265625 0.50546875 0.153125 0.5421875
0 0.8546875 0.0359375 0.0484375 0.0625
0 0.7859375 0.06953125 0.0515625 0.0734375
0 0.6984375 0.1171875 0.0859375 0.2125
0 0.75625 0.0421875 0.040625 0.084375
0 0.6859375 0.09765625 0.0515625 0.1953125
0 0.59453125 0.0625 0.0515625 0.125
0 0.55546875 0.08046875 0.0359375 0.1609375
0 0.52265625 0.06484375 0.028125 0.1296875
0 0.46953125 0.025 0.034375 0.05
0 0.4078125 0.08203125 0.040625 0.1640625
0 0.3546875 0.09609375 0.0625 0.1921875
0 0.184375 0.090625 0.0875 0.18125
0 0.2734375 0.175 0.125 0.303125
0 0.09296875 0.24765625 0.128125 0.41875
0 0.0671875 0.04765625 0.134375 0.0953125
0 0.40390625 0.3 0.078125 0.0578125
0 0.7484375 0.1296875 0.0640625 0.1125
0 0.90859375 0.0953125 0.121875 0.0875