0 0.08828125 0.58828125 0.1453125 0.6265625
0 0.14921875 0.61953125 0.1 0.553125
0 0.23046875 0.4625 0.075 0.2265625
0 0.25390625 0.6484375 0.115625 0.528125
0 0.32109375 0.528125 0.084375 0.31875
0 0.30546875 0.79609375 0.1234375 0.40625
0 0.3953125 0.48203125 0.121875 0.4171875
0 0.4109375 0.509375 0.1015625 0.2671875
0 0.3859375 0.80859375 0.1078125 0.378125
0 0.46796875 0.74921875 0.190625 0.490625
0 0.475 0.49453125 0.103125 0.3375
0 0.5515625 0.50546875 0.0984375 0.3578125
0 0.54140625 0.6546875 0.059375 0.134375
0 0.590625 0.53359375 0.10625 0.203125
0 0.65234375 0.47734375 0.0671875 0.1796875
0 0.72421875 0.38203125 0.28125 0.35
0 0.70390625 0.509375 0.05 0.0703125
0 0.79140625 0.5875 0.0859375 0.3875
0 0.91328125 0.67109375 0.171875 0.65625
0 0.49609375 0.81875 0.278125 0.359375
0 0.8109375 0.74609375 0.30625 0.503125
0 0.6671875 0.80859375 0.2078125 0.3796875
0 0.21171875 0.46015625 0.0296875 0.03125
0 0.20546875 0.80703125 0.015625 0.0359375