0 0.5859375 0.9234375 0.1171875 0.1515625
0 0.6984375 0.90078125 0.1359375 0.1953125
0 0.6578125 0.80703125 0.08125 0.1515625
0 0.55703125 0.83359375 0.096875 0.1796875
0 0.62265625 0.76953125 0.0828125 0.1625
0 0.6125 0.71171875 0.0671875 0.115625
0 0.53359375 0.78828125 0.0828125 0.2390625
0 0.58125 0.665625 0.0546875 0.11875
0 0.52421875 0.66796875 0.0640625 0.084375
0 0.509375 0.63671875 0.0625 0.1203125
0 0.57734375 0.60546875 0.040625 0.053125
0 0.5046875 0.57109375 0.05625 0.0515625
0 0.54375 0.57421875 0.0421875 0.125
0 0.50234375 0.54140625 0.059375 0.04375
0 0.4921875 0.53203125 0.0390625 0.071875
0 0.528125 0.52421875 0.0359375 0.075
0 0.48671875 0.50546875 0.0390625 0.0515625
0 0.465625 0.5171875 0.015625 0.071875
0 0.4265625 0.52890625 0.021875 0.0484375
0 0.22109375 0.8984375 0.1140625 0.2
0 0.33125 0.85390625 0.09375 0.2890625
0 0.26015625 0.83046875 0.065625 0.253125
0 0.34375 0.77578125 0.09375 0.246875
0 0.36328125 0.6875 0.0671875 0.1921875
0 0.3203125 0.6484375 0.0609375 0.1390625
0 0.3828125 0.59921875 0.0546875 0.153125
0 0.33515625 0.56953125 0.0390625 0.075
0 0.3484375 0.55234375 0.0296875 0.065625
0 0.35390625 0.53984375 0.03125 0.0625
0 0.39609375 0.565625 0.0359375 0.128125
0 0.396875 0.5125 0.0390625 0.059375
0 0.4046875 0.4984375 0.03125 0.0734375
0 0.40859375 0.50703125 0.0171875 0.0703125
0 0.7390625 0.959375 0.0515625 0.0796875