0 0.296875 0.68984375 0.59375 0.4609375
0 0.70703125 0.73125 0.584375 0.4453125
0 0.57578125 0.6828125 0.196875 0.2890625
0 0.36015625 0.6984375 0.284375 0.3390625
0 0.68828125 0.5953125 0.2328125 0.459375
0 0.296875 0.5671875 0.296875 0.4953125
0 0.5234375 0.51328125 0.1734375 0.2953125
0 0.8515625 0.49140625 0.2859375 0.5546875
0 0.66484375 0.3984375 0.23125 0.728125
0 0.5234375 0.278125 0.196875 0.4015625
0 0.3953125 0.25625 0.1625 0.34375
0 0.30625 0.43125 0.15625 0.6390625
0 0.12265625 0.49609375 0.215625 0.603125