0 0.95546875 0.6109375 0.05625 0.309375
0 0.9015625 0.6109375 0.065625 0.31875
0 0.903125 0.609375 0.0546875 0.3015625
0 0.8421875 0.61171875 0.10625 0.4609375
0 0.76484375 0.6265625 0.1125 0.30625
0 0.76640625 0.6234375 0.0328125 0.271875
0 0.67890625 0.6109375 0.0734375 0.3890625
0 0.62734375 0.621875 0.053125 0.2578125
0 0.571875 0.60703125 0.0828125 0.5125
0 0.53984375 0.6234375 0.0234375 0.290625
0 0.515625 0.6484375 0.0328125 0.125
0 0.47421875 0.62109375 0.071875 0.2390625
0 0.4421875 0.60625 0.08125 0.41875
0 0.39921875 0.61328125 0.04375 0.3359375
0 0.33984375 0.6109375 0.04375 0.2875
0 0.35859375 0.6171875 0.028125 0.19375
0 0.3015625 0.60625 0.04375 0.2609375
0 0.278125 0.615625 0.03125 0.21875
0 0.2359375 0.6453125 0.0921875 0.5078125
0 0.19609375 0.59765625 0.0734375 0.4109375
0 0.15390625 0.61171875 0.0484375 0.3046875
0 0.1203125 0.61953125 0.0625 0.265625
0 0.10859375 0.61015625 0.03125 0.1984375
0 0.5234375 0.671875 0.0203125 0.0828125
0 0.44609375 0.7109375 0.015625 0.05625
0 0.15 0.50546875 0.025 0.0515625
0 0.32109375 0.61171875 0.0203125 0.1921875
0 0.13125 0.6890625 0.015625 0.071875