0 0.8796875 0.7703125 0.046875 0.128125
0 0.8546875 0.75078125 0.028125 0.0765625
0 0.8171875 0.76484375 0.06875 0.140625
0 0.78203125 0.73515625 0.021875 0.0453125
0 0.76953125 0.7390625 0.028125 0.015625
0 0.76796875 0.71875 0.0171875 0.0203125
0 0.75703125 0.725 0.03125 0.03125
0 0.74375 0.7265625 0.01875 0.021875
0 0.7125 0.83671875 0.18125 0.325
0 0.6171875 0.77734375 0.08125 0.18125
0 0.52421875 0.83984375 0.19375 0.31875
0 0.49765625 0.7296875 0.0203125 0.028125
0 0.478125 0.734375 0.0296875 0.034375
0 0.45546875 0.76640625 0.046875 0.1265625
0 0.42890625 0.76875 0.0671875 0.140625
0 0.3921875 0.76328125 0.040625 0.10625
0 0.35625 0.73515625 0.0546875 0.0671875
0 0.3203125 0.846875 0.196875 0.3046875
0 0.2421875 0.740625 0.03125 0.059375
0 0.23984375 0.73984375 0.028125 0.0609375
0 0.184375 0.79296875 0.1046875 0.1640625
0 0.19765625 0.7171875 0.0484375 0.05
0 0.1484375 0.75390625 0.059375 0.109375
0 0.1015625 0.77734375 0.0375 0.1015625
0 0.1046875 0.75078125 0.0375 0.0859375
0 0.1 0.728125 0.0265625 0.034375
0 0.05703125 0.74921875 0.021875 0.046875
0 0.05703125 0.809375 0.040625 0.0640625
0 0.88125 0.784375 0.0515625 0.1453125
0 0.65703125 0.728125 0.0640625 0.059375
0 0.47421875 0.7265625 0.0375 0.0296875
0 0.42265625 0.71640625 0.04375 0.0109375
0 0.3421875 0.721875 0.0859375 0.075
0 0.26484375 0.73125 0.046875 0.0625
0 0.1703125 0.71171875 0.0296875 0.0359375
0 0.10859375 0.71015625 0.021875 0.0125
0 0.0984375 0.78671875 0.015625 0.0125
0 0.453125 0.665625 0.0921875 0.071875
0 0.7390625 0.6703125 0.03125 0.04375
0 0.79453125 0.71484375 0.0125 0.0078125