0 0.2015625 0.640625 0.0046875 0.0203125
0 0.20703125 0.640625 0.0078125 0.0234375
0 0.05234375 0.7328125 0.1046875 0.5328125
0 0.0609375 0.63828125 0.0984375 0.2546875
0 0.015625 0.515625 0.03125 0.19375
0 0.0296875 0.496875 0.0203125 0.0890625
0 0.03671875 0.46953125 0.0109375 0.0265625
0 0.07421875 0.5640625 0.0546875 0.115625
0 0.06328125 0.50703125 0.0546875 0.10625
0 0.0671875 0.47890625 0.0234375 0.084375
0 0.48984375 0.73359375 0.009375 0.021875
0 0.496875 0.73515625 0.0078125 0.0265625
0 0.51640625 0.73984375 0.0078125 0.0265625
0 0.5859375 0.69140625 0.0078125 0.040625
0 0.5765625 0.74453125 0.009375 0.028125
0 0.58359375 0.74921875 0.0078125 0.03125
0 0.58984375 0.74453125 0.0078125 0.028125
0 0.59765625 0.74296875 0.009375 0.028125
0 0.61328125 0.7390625 0.009375 0.028125
0 0.6203125 0.7375 0.0078125 0.028125
0 0.671875 0.709375 0.00625 0.021875
0 0.678125 0.70078125 0.0078125 0.0234375
0 0.415625 0.4390625 0.0484375 0.0109375
0 0.3640625 0.44453125 0.0546875 0.015625
0 0.30703125 0.453125 0.0609375 0.0140625
0 0.265625 0.45859375 0.021875 0.0125
0 0.21640625 0.4625 0.0453125 0.0171875
0 0.1671875 0.4671875 0.053125 0.0234375
0 0.30703125 0.584375 0.0234375 0.0671875
0 0.3359375 0.60546875 0.0328125 0.028125
0 0.32734375 0.55234375 0.0125 0.01875
0 0.3953125 0.52734375 0.046875 0.0265625
0 0.4296875 0.51171875 0.0234375 0.0203125
0 0.53359375 0.421875 0.0265625 0.0125
0 0.60546875 0.49921875 0.00625 0.0171875
0 0.56171875 0.50625 0.0046875 0.009375
0 0.578125 0.51953125 0.021875 0.0234375
0 0.646875 0.5265625 0.0078125 0.0140625
0 0.61953125 0.51328125 0.003125 0.0078125
0 0.3296875 0.58671875 0.0046875 0.0140625
0 0.01875 0.48046875 0.0125 0.0203125
0 0.07265625 0.50390625 0.009375 0.034375
0 0.08359375 0.46484375 0.0171875 0.0421875
0 0.0859375 0.49375 0.0109375 0.01875
0 0.115625 0.4796875 0.05 0.0515625
0 0.096875 0.51953125 0.021875 0.0171875
0 0.10234375 0.5078125 0.0359375 0.009375
0 0.1015625 0.53203125 0.0046875 0.00625
0 0.1125 0.646875 0.046875 0.2390625
0 0.1265625 0.82578125 0.075 0.1109375
0 0.509375 0.7375 0.009375 0.0234375
0 0.5265625 0.74453125 0.0109375 0.028125
0 0.60390625 0.74140625 0.009375 0.0265625
0 0.68515625 0.68828125 0.0046875 0.034375
0 0.9109375 0.41640625 0.065625 0.046875
0 0.97578125 0.6734375 0.046875 0.0671875
0 0.034375 0.47890625 0.0171875 0.046875
0 0.5578125 0.5203125 0.0109375 0.015625
0 0.8328125 0.40546875 0.0046875 0.0171875
0 0.646875 0.4125 0.0046875 0.00625