0 0.91484375 0.471875 0.1578125 0.3515625
0 0.9359375 0.4671875 0.115625 0.3125
0 0.97109375 0.25390625 0.05625 0.25625
0 0.84140625 0.45625 0.103125 0.378125
0 0.76875 0.38203125 0.0890625 0.378125
0 0.6890625 0.43203125 0.1234375 0.415625
0 0.625 0.471875 0.0828125 0.3359375
0 0.6609375 0.240625 0.0625 0.1828125
0 0.7265625 0.21953125 0.090625 0.2375
0 0.78515625 0.12734375 0.0890625 0.2515625
0 0.78125 0.065625 0.1171875 0.13125
0 0.70625 0.0953125 0.0734375 0.190625
0 0.709375 0.1 0.0796875 0.1703125
0 0.5453125 0.46953125 0.0875 0.3375
0 0.58515625 0.2328125 0.0375 0.06875
0 0.6375 0.1390625 0.0984375 0.2578125
0 0.61484375 0.04375 0.0984375 0.0875
0 0.59140625 0.1265625 0.053125 0.171875
0 0.53984375 0.140625 0.1140625 0.28125
0 0.5765625 0.465625 0.0671875 0.334375
0 0.51640625 0.6609375 0.1921875 0.546875
0 0.484375 0.33984375 0.090625 0.128125
0 0.44765625 0.10625 0.1 0.2125
0 0.4265625 0.253125 0.09375 0.271875
0 0.45078125 0.509375 0.096875 0.2203125
0 0.3828125 0.5265625 0.0875 0.20625
0 0.40234375 0.41328125 0.0859375 0.225
0 0.3625 0.109375 0.1046875 0.21875
0 0.3203125 0.54375 0.0890625 0.1640625
0 0.25078125 0.54375 0.0921875 0.1640625
0 0.18359375 0.51328125 0.1 0.221875
0 0.09609375 0.52578125 0.103125 0.1875
0 0.02578125 0.47578125 0.0515625 0.278125
0 0.02734375 0.36796875 0.0546875 0.1375
0 0.0796875 0.4203125 0.0875 0.24375
0 0.15703125 0.38828125 0.1 0.2265625
0 0.2421875 0.38671875 0.1 0.2203125
0 0.31953125 0.40703125 0.1125 0.253125
0 0.3703125 0.24296875 0.0734375 0.1859375
0 0.2953125 0.2703125 0.0953125 0.2171875
0 0.2921875 0.1328125 0.0859375 0.1828125
0 0.20390625 0.2046875 0.13125 0.328125
0 0.1375 0.1734375 0.0953125 0.346875
0 0.06484375 0.225 0.1 0.3390625
0 0.01875 0.2875 0.0375 0.33125
0 0.078125 0.0703125 0.090625 0.140625
0 0.23515625 0.1390625 0.05 0.278125
0 0.1671875 0.08046875 0.040625 0.071875
0 0.54765625 0.35234375 0.08125 0.0859375
0 0.98046875 0.38125 0.0375 0.15625
0 0.17890625 0.01875 0.075 0.0375
0 0.2671875 0.0203125 0.0359375 0.040625
0 0.95625 0.0734375 0.084375 0.146875