0 0.85859375 0.31171875 0.0390625 0.1125
0 0.9875 0.3765625 0.025 0.0796875
0 0.9828125 0.3640625 0.034375 0.0703125
0 0.7203125 0.3921875 0.0328125 0.071875
0 0.70234375 0.40234375 0.0203125 0.0375
0 0.6765625 0.33984375 0.0453125 0.128125
0 0.5046875 0.36328125 0.0453125 0.109375
0 0.346875 0.31953125 0.0703125 0.1359375
0 0.12265625 0.3609375 0.0734375 0.1765625
0 0.08359375 0.3734375 0.03125 0.11875
0 0.071875 0.4046875 0.04375 0.1125
0 0.071875 0.353125 0.040625 0.0671875
0 0.0359375 0.41875 0.071875 0.271875
0 0.165625 0.58046875 0.3296875 0.6484375
0 0.309375 0.54453125 0.54375 0.5953125
0 0.6703125 0.5890625 0.6578125 0.6375
0 0.821875 0.61015625 0.35625 0.778125
0 0.7765625 0.23671875 0.0390625 0.021875
0 0.00703125 0.40390625 0.0140625 0.0984375