0 0.8796875 0.63203125 0.115625 0.3
0 0.7984375 0.63359375 0.1125 0.3125
0 0.71796875 0.6296875 0.109375 0.3203125
0 0.634375 0.62734375 0.0984375 0.30625
0 0.54609375 0.63203125 0.1 0.3125
0 0.43359375 0.61796875 0.1390625 0.3203125
0 0.33671875 0.63125 0.1171875 0.325
0 0.21328125 0.5953125 0.1453125 0.259375
0 0.115625 0.6359375 0.1546875 0.3296875
0 0.85 0.43984375 0.103125 0.215625
0 0.76875 0.45859375 0.078125 0.19375
0 0.70703125 0.465625 0.09375 0.1703125
0 0.64609375 0.44921875 0.096875 0.2125
0 0.55859375 0.44140625 0.0953125 0.2375
0 0.49296875 0.43671875 0.06875 0.2171875
0 0.45546875 0.4515625 0.15 0.2109375
0 0.35546875 0.4515625 0.08125 0.2078125
0 0.28515625 0.49140625 0.265625 0.303125
0 0.1984375 0.47109375 0.1203125 0.2234375
0 0.78828125 0.26171875 0.14375 0.1828125
0 0.7484375 0.3 0.078125 0.2671875
0 0.70546875 0.30078125 0.140625 0.2625
0 0.61484375 0.28671875 0.103125 0.246875
0 0.578125 0.18828125 0.05625 0.1078125
0 0.5453125 0.29140625 0.090625 0.196875
0 0.47734375 0.2921875 0.075 0.225
0 0.4421875 0.2 0.05 0.11875
0 0.4109375 0.30234375 0.196875 0.2234375
0 0.3390625 0.28671875 0.0828125 0.2234375
0 0.26484375 0.29296875 0.2015625 0.2328125
0 0.20703125 0.30625 0.096875 0.234375
0 0.14765625 0.32265625 0.1 0.31875