0 0.11484375 0.6328125 0.1875 0.73125
0 0.3921875 0.62890625 0.2296875 0.7390625
0 0.50703125 0.64375 0.1296875 0.709375
0 0.18984375 0.2703125 0.125 0.209375
0 0.3421875 0.29609375 0.0703125 0.178125
0 0.4390625 0.27578125 0.0703125 0.1578125
0 0.546875 0.28046875 0.075 0.1890625
0 0.34609375 0.21953125 0.0859375 0.265625
0 0.54140625 0.22734375 0.3171875 0.20625
0 0.63671875 0.74296875 0.190625 0.5109375
0 0.5984375 0.459375 0.1375 0.35625
0 0.76484375 0.6921875 0.20625 0.6109375
0 0.87890625 0.64140625 0.240625 0.7140625
0 0.75625 0.62578125 0.178125 0.7421875
0 0.71953125 0.328125 0.2296875 0.3578125
0 0.06953125 0.32109375 0.040625 0.0625
0 0.96484375 0.3375 0.06875 0.0390625