0 0.9265625 0.79296875 0.125 0.390625
0 0.83203125 0.76015625 0.109375 0.296875
0 0.53671875 0.7625 0.1296875 0.2828125
0 0.46328125 0.753125 0.06875 0.2890625
0 0.3734375 0.746875 0.0765625 0.275
0 0.225 0.69375 0.071875 0.2
0 0.178125 0.7015625 0.0765625 0.2078125
0 0.11484375 0.678125 0.059375 0.1578125
0 0.071875 0.68984375 0.046875 0.1640625
0 0.04375 0.67890625 0.084375 0.2140625
0 0.02421875 0.675 0.0484375 0.1828125
0 0.01171875 0.58828125 0.0234375 0.0609375
0 0.10703125 0.6125 0.0078125 0.03125
0 0.10234375 0.61171875 0.009375 0.034375
0 0.25625 0.61875 0.0125 0.0390625
0 0.08515625 0.5984375 0.0265625 0.01875
0 0.15546875 0.61171875 0.06875 0.0390625
0 0.11484375 0.5515625 0.06875 0.028125
0 0.2703125 0.44296875 0.0671875 0.034375
0 0.33515625 0.4359375 0.0109375 0.015625
0 0.3984375 0.4390625 0.0515625 0.034375
0 0.24453125 0.615625 0.0234375 0.034375
0 0.315625 0.6203125 0.10625 0.0421875
0 0.42109375 0.62421875 0.1015625 0.0453125
0 0.6515625 0.621875 0.3296875 0.0640625
0 0.9078125 0.625 0.1828125 0.071875
0 0.0328125 0.603125 0.0171875 0.025