0 0.525 0.47109375 0.4796875 0.9015625
0 0.08515625 0.12109375 0.1109375 0.2421875
0 0.14765625 0.18828125 0.0765625 0.184375
0 0.1921875 0.1890625 0.053125 0.1765625
0 0.14296875 0.04765625 0.075 0.0953125
0 0.1765625 0.05859375 0.078125 0.1078125
0 0.234375 0.07734375 0.0578125 0.1515625
0 0.27109375 0.11875 0.0546875 0.134375
0 0.265625 0.1453125 0.0453125 0.084375
0 0.3359375 0.15234375 0.0625 0.0859375
0 0.3265625 0.11875 0.075 0.1359375
0 0.4046875 0.09375 0.10625 0.1875
0 0.41328125 0.18125 0.0640625 0.1296875
0 0.59921875 0.06484375 0.0671875 0.1265625
0 0.6109375 0.16796875 0.0828125 0.20625
0 0.70234375 0.17265625 0.1140625 0.175
0 0.65546875 0.15078125 0.065625 0.2203125
0 0.7890625 0.18671875 0.09375 0.1390625
0 0.93203125 0.140625 0.090625 0.221875
0 0.975 0.17421875 0.05 0.15625
0 0.0296875 0.14453125 0.059375 0.2890625
0 0.11015625 0.03515625 0.021875 0.0625
0 0.5078125 0.04609375 0.1 0.0890625
0 0.8 0.0453125 0.3953125 0.090625
0 0.86171875 0.1765625 0.0359375 0.16875
0 0.78671875 0.1375 0.1109375 0.090625