0 0.88203125 0.5984375 0.2109375 0.8015625
0 0.77265625 0.65234375 0.29375 0.6953125
0 0.55546875 0.50703125 0.5078125 0.984375
0 0.29453125 0.58515625 0.3265625 0.825
0 0.85625 0.5921875 0.203125 0.8140625
0 0.178125 0.359375 0.0671875 0.2984375
0 0.22890625 0.3515625 0.0796875 0.24375
0 0.3203125 0.58828125 0.265625 0.8234375
0 0.6953125 0.21875 0.60625 0.4375
0 0.92265625 0.7171875 0.1546875 0.565625
0 0.03515625 0.76875 0.0703125 0.459375
0 0.2234375 0.96953125 0.053125 0.0609375
0 0.10859375 0.78359375 0.08125 0.2203125
0 0.26171875 0.93828125 0.025 0.1234375