0 0.0875 0.74296875 0.175 0.5109375
0 0.2078125 0.73125 0.125 0.534375
0 0.26171875 0.80234375 0.175 0.3921875
0 0.328125 0.715625 0.15625 0.5640625
0 0.45 0.59765625 0.3515625 0.3109375
0 0.4625 0.78984375 0.1515625 0.415625
0 0.55390625 0.74140625 0.315625 0.5140625
0 0.69453125 0.75078125 0.184375 0.49375
0 0.72734375 0.93203125 0.03125 0.13125
0 0.715625 0.834375 0.0203125 0.0875
0 0.81015625 0.9 0.053125 0.1953125
0 0.8640625 0.80234375 0.0421875 0.1953125
0 0.8984375 0.8296875 0.0328125 0.1
0 0.921875 0.815625 0.0640625 0.1828125
0 0.959375 0.8296875 0.0453125 0.1578125
0 0.98046875 0.84296875 0.0375 0.25
0 0.88671875 0.93125 0.1171875 0.134375
0 0.975 0.946875 0.046875 0.103125
0 0.38984375 0.90703125 0.0265625 0.1828125
0 0.89375 0.57421875 0.153125 0.0609375
0 0.78203125 0.553125 0.0078125 0.021875
0 0.7390625 0.5640625 0.0234375 0.05
0 0.4984375 0.5421875 0.3015625 0.0578125
0 0.546875 0.4875 0.153125 0.0296875