0 0.97734375 0.78046875 0.04375 0.1875
0 0.82734375 0.809375 0.05625 0.1796875
0 0.9125 0.75859375 0.021875 0.078125
0 0.9046875 0.7515625 0.015625 0.0890625
0 0.9171875 0.75390625 0.0171875 0.0828125
0 0.890625 0.76015625 0.0203125 0.0828125
0 0.87421875 0.76171875 0.0234375 0.0765625
0 0.85 0.76171875 0.0203125 0.0953125
0 0.83984375 0.740625 0.009375 0.0359375
0 0.86640625 0.753125 0.0171875 0.065625
0 0.803125 0.775 0.028125 0.115625
0 0.77109375 0.77578125 0.0328125 0.1171875
0 0.728125 0.853125 0.0859375 0.290625
0 0.6984375 0.85703125 0.0453125 0.2828125
0 0.640625 0.8609375 0.0703125 0.275
0 0.66484375 0.72265625 0.015625 0.0609375
0 0.65546875 0.7375 0.0234375 0.075
0 0.646875 0.71953125 0.0140625 0.0421875
0 0.7453125 0.725 0.0125 0.05
0 0.73828125 0.72578125 0.0140625 0.0515625
0 0.75078125 0.72265625 0.0078125 0.040625
0 0.73125 0.72421875 0.0125 0.0484375
0 0.61796875 0.73203125 0.0171875 0.075
0 0.628125 0.70625 0.0203125 0.0546875
0 0.60234375 0.7265625 0.015625 0.0765625
0 0.60625 0.68671875 0.0109375 0.03125
0 0.5890625 0.7265625 0.015625 0.075
0 0.57109375 0.78984375 0.0390625 0.1390625
0 0.57265625 0.7078125 0.0203125 0.0484375
0 0.59296875 0.68671875 0.0125 0.028125
0 0.55 0.7140625 0.0203125 0.078125
0 0.5609375 0.703125 0.0125 0.053125
0 0.53125 0.6984375 0.0203125 0.090625
0 0.5078125 0.69453125 0.0203125 0.0859375
0 0.5203125 0.6890625 0.0125 0.06875
0 0.50078125 0.66875 0.0125 0.0484375
0 0.4703125 0.72265625 0.025 0.1109375
0 0.45078125 0.6640625 0.015625 0.0546875
0 0.4390625 0.6625 0.0171875 0.059375
0 0.43125 0.653125 0.0125 0.0515625
0 0.421875 0.66015625 0.0125 0.0296875
0 0.4296875 0.72109375 0.028125 0.075
0 0.434375 0.86796875 0.08125 0.2609375
0 0.3796875 0.8703125 0.053125 0.25625
0 0.3703125 0.75390625 0.025 0.059375
0 0.384375 0.70234375 0.0296875 0.0953125
0 0.2640625 0.8765625 0.075 0.2453125
0 0.2140625 0.8640625 0.0625 0.2703125
0 0.22578125 0.7140625 0.0359375 0.078125
0 0.4078125 0.66328125 0.0140625 0.0515625
0 0.3921875 0.64375 0.0109375 0.03125
0 0.371875 0.6578125 0.015625 0.0515625
0 0.35703125 0.66484375 0.015625 0.040625
0 0.33984375 0.68359375 0.025 0.103125
0 0.325 0.65703125 0.0140625 0.046875
0 0.3 0.65546875 0.009375 0.0546875
0 0.26796875 0.659375 0.015625 0.0359375
0 0.25390625 0.6609375 0.0171875 0.0453125
0 0.24375 0.64609375 0.0125 0.0546875
0 0.23046875 0.65703125 0.015625 0.03125
0 0.20859375 0.628125 0.025 0.09375
0 0.19375 0.63203125 0.01875 0.0859375
0 0.175 0.6359375 0.025 0.0953125
0 0.13984375 0.66171875 0.0203125 0.090625
0 0.146875 0.63828125 0.0234375 0.0859375
0 0.1125 0.64609375 0.0265625 0.0828125
0 0.09140625 0.65703125 0.025 0.0671875
0 0.0765625 0.70546875 0.0375 0.1453125
0 0.03828125 0.73125 0.0453125 0.1359375
0 0.015625 0.73515625 0.03125 0.134375
0 0.0796875 0.853125 0.1484375 0.290625
0 0.884375 0.75546875 0.0140625 0.0671875
0 0.8421875 0.75 0.0125 0.05625
0 0.5828125 0.684375 0.0125 0.0484375
0 0.8109375 0.73515625 0.0140625 0.0265625
0 0.8796875 0.72734375 0.009375 0.0171875
0 0.78125 0.74453125 0.015625 0.021875
0 0.71015625 0.70703125 0.0171875 0.015625
0 0.61328125 0.690625 0.0078125 0.0125
0 0.47109375 0.60625 0.046875 0.096875
0 0.3796875 0.73828125 0.015625 0.0171875
0 0.3828125 0.64453125 0.0078125 0.0125
0 0.30625 0.646875 0.0078125 0.0328125
0 0.2875 0.65546875 0.015625 0.0421875
0 0.9 0.74453125 0.0109375 0.0546875
0 0.83359375 0.73046875 0.0078125 0.0234375
0 0.82734375 0.71796875 0.009375 0.0078125
0 0.759375 0.74140625 0.0078125 0.034375
0 0.56328125 0.678125 0.00625 0.0125