0 0.125 0.74921875 0.08125 0.3875
0 0.196875 0.715625 0.103125 0.490625
0 0.28828125 0.73359375 0.1078125 0.3484375
0 0.41328125 0.70390625 0.109375 0.45625
0 0.48359375 0.71953125 0.171875 0.4984375
0 0.640625 0.7203125 0.0984375 0.384375
0 0.74140625 0.75234375 0.1046875 0.4078125
0 0.85546875 0.69921875 0.103125 0.4359375
0 0.9 0.715625 0.1234375 0.4375
0 0.0296875 0.53203125 0.059375 0.109375
0 0.08828125 0.47578125 0.0578125 0.1171875
0 0.20078125 0.484375 0.0578125 0.134375
0 0.36484375 0.49921875 0.08125 0.1609375
0 0.425 0.4828125 0.0671875 0.1375
0 0.01796875 0.40859375 0.0359375 0.2
0 0.04453125 0.4359375 0.0625 0.196875
0 0.13359375 0.43359375 0.071875 0.184375
0 0.1703125 0.3828125 0.0484375 0.196875
0 0.20546875 0.40625 0.0515625 0.21875
0 0.22890625 0.40078125 0.03125 0.2359375
0 0.24609375 0.40390625 0.04375 0.221875
0 0.26328125 0.4078125 0.0609375 0.221875
0 0.28828125 0.409375 0.03125 0.2125
0 0.31953125 0.409375 0.0546875 0.21875
0 0.36015625 0.37890625 0.04375 0.1765625
0 0.3828125 0.36875 0.034375 0.1484375
0 0.4171875 0.37734375 0.075 0.2046875
0 0.45234375 0.40078125 0.0421875 0.2296875
0 0.39296875 0.29375 0.025 0.0515625
0 0.4828125 0.38359375 0.034375 0.184375
0 0.50546875 0.3984375 0.05625 0.240625
0 0.54765625 0.40078125 0.046875 0.2359375
0 0.58125 0.38203125 0.04375 0.178125
0 0.65234375 0.36796875 0.0515625 0.1890625
0 0.68828125 0.40234375 0.0828125 0.2515625
0 0.71015625 0.38203125 0.03125 0.1609375
0 0.7953125 0.38359375 0.0421875 0.18125
0 0.871875 0.36953125 0.059375 0.20625
0 0.93515625 0.38984375 0.0796875 0.2828125
0 0.3046875 0.303125 0.034375 0.0515625
0 0.1625 0.87734375 0.034375 0.078125
0 0.403125 0.29609375 0.0203125 0.0453125
0 0.47109375 0.415625 0.0203125 0.075
0 0.56171875 0.29921875 0.0296875 0.03125
0 0.58515625 0.365625 0.01875 0.1171875