0 0.084375 0.73125 0.0671875 0.3078125
0 0.14375 0.7359375 0.071875 0.2703125
0 0.23203125 0.734375 0.0515625 0.2296875
0 0.246875 0.7265625 0.0375 0.225
0 0.28359375 0.7484375 0.0796875 0.3078125
0 0.36875 0.77578125 0.075 0.3
0 0.33515625 0.73359375 0.046875 0.215625
0 0.42421875 0.68828125 0.0265625 0.1140625
0 0.440625 0.6734375 0.021875 0.0953125
0 0.465625 0.73359375 0.0484375 0.203125
0 0.48828125 0.71640625 0.04375 0.175
0 0.5203125 0.71328125 0.0359375 0.1859375
0 0.54453125 0.74921875 0.059375 0.2234375
0 0.55859375 0.71328125 0.0265625 0.165625
0 0.5703125 0.6890625 0.021875 0.1203125
0 0.59375 0.715625 0.0421875 0.1703125
0 0.60859375 0.69140625 0.025 0.11875
0 0.634375 0.73125 0.0390625 0.1765625
0 0.68046875 0.77734375 0.0703125 0.3171875
0 0.71875 0.75625 0.0578125 0.2828125
0 0.7765625 0.76640625 0.0515625 0.2515625
0 0.7875 0.7859375 0.0984375 0.353125
0 0.271875 0.6421875 0.021875 0.0703125
0 0.375 0.65859375 0.0359375 0.0703125
0 0.6390625 0.65703125 0.0203125 0.0390625
0 0.503125 0.65546875 0.025 0.046875
0 0.45546875 0.646875 0.0171875 0.03125
0 0.02421875 0.396875 0.0484375 0.1296875
0 0.046875 0.60234375 0.0234375 0.059375
0 0.1203125 0.6078125 0.021875 0.0453125
0 0.16875 0.6 0.0328125 0.090625
0 0.221875 0.51015625 0.04375 0.0828125
0 0.215625 0.61484375 0.015625 0.0515625
0 0.25546875 0.57265625 0.01875 0.096875
0 0.85625 0.640625 0.0375 0.084375
0 0.7921875 0.6125 0.04375 0.1296875
0 0.74609375 0.640625 0.028125 0.0703125
0 0.9484375 0.6515625 0.1015625 0.0765625
0 0.940625 0.5203125 0.0390625 0.0984375
0 0.7140625 0.60078125 0.01875 0.109375