0 0.09765625 0.6703125 0.121875 0.6546875
0 0.240625 0.73828125 0.2375 0.5203125
0 0.203125 0.3765625 0.1125 0.2421875
0 0.26015625 0.5765625 0.1265625 0.4796875
0 0.328125 0.63828125 0.125 0.6765625
0 0.39375 0.40390625 0.071875 0.23125
0 0.41953125 0.70234375 0.140625 0.5921875
0 0.46953125 0.4390625 0.0515625 0.1875
0 0.484375 0.72109375 0.053125 0.5546875
0 0.5109375 0.7578125 0.1046875 0.48125
0 0.5515625 0.56796875 0.140625 0.3140625
0 0.5953125 0.4046875 0.121875 0.2796875
0 0.6703125 0.640625 0.1671875 0.715625
0 0.73828125 0.415625 0.084375 0.184375
0 0.803125 0.6609375 0.1671875 0.675
0 0.84140625 0.3953125 0.05 0.128125
0 0.88828125 0.68046875 0.1078125 0.6359375
0 0.9171875 0.38359375 0.0546875 0.1203125
0 0.95546875 0.60859375 0.0875 0.6484375
0 0.2078125 0.4203125 0.0671875 0.1546875
0 0.57890625 0.31796875 0.015625 0.0703125