0 0.5171875 0.46484375 0.3359375 0.79375
0 0.78828125 0.50234375 0.421875 0.8328125
0 0.94453125 0.1296875 0.109375 0.2328125
0 0.89453125 0.08984375 0.0890625 0.1796875
0 0.7875 0.0796875 0.1546875 0.159375
0 0.65078125 0.125 0.1546875 0.25
0 0.56640625 0.1375 0.1421875 0.203125
0 0.31171875 0.1265625 0.128125 0.2421875
0 0.19140625 0.12578125 0.159375 0.2515625
0 0.04921875 0.065625 0.0984375 0.13125
0 0.39609375 0.1234375 0.1546875 0.246875
0 0.6890625 0.06640625 0.1078125 0.1328125
0 0.9890625 0.1203125 0.0203125 0.240625
0 0.2578125 0.06875 0.125 0.1375
0 0.0109375 0.19140625 0.021875 0.1203125