0 0.7359375 0.55703125 0.4625 0.884375
0 0.4390625 0.53046875 0.375 0.9140625
0 0.76171875 0.15625 0.1265625 0.309375
0 0.68671875 0.15078125 0.084375 0.2953125
0 0.615625 0.16171875 0.1015625 0.24375
0 0.525 0.16640625 0.1 0.2390625
0 0.41015625 0.1984375 0.046875 0.0828125
0 0.21328125 0.2015625 0.08125 0.15
0 0.1015625 0.1890625 0.0890625 0.159375
0 0.13828125 0.14140625 0.0921875 0.2578125
0 0.42109375 0.08515625 0.09375 0.1703125
0 0.9046875 0.15390625 0.1828125 0.30625
0 0.0234375 0.1328125 0.046875 0.265625
0 0.21640625 0.05546875 0.209375 0.1109375
0 0.3578125 0.08828125 0.071875 0.1765625
0 0.575 0.021875 0.171875 0.040625