0 0.2375 0.88515625 0.2953125 0.228125
0 0.48828125 0.903125 0.309375 0.1921875
0 0.8109375 0.9078125 0.2640625 0.18125
0 0.93671875 0.9125 0.125 0.1734375
0 0.6953125 0.89921875 0.18125 0.2
0 0.596875 0.86328125 0.153125 0.24375
0 0.690625 0.75859375 0.1015625 0.1140625
0 0.47734375 0.78984375 0.0984375 0.0890625
0 0.3578125 0.8578125 0.1453125 0.1953125
0 0.05625 0.73515625 0.1125 0.1171875
0 0.83203125 0.72265625 0.0515625 0.11875
0 0.96171875 0.7140625 0.075 0.1640625
0 0.884375 0.7234375 0.05625 0.0859375
0 0.915625 0.71796875 0.0421875 0.09375
0 0.38046875 0.7953125 0.121875 0.128125
0 0.49609375 0.43984375 0.359375 0.36875
0 0.01796875 0.73359375 0.0359375 0.121875
0 0.12578125 0.83125 0.1828125 0.2625
0 0.28984375 0.7296875 0.046875 0.1171875
0 0.7578125 0.69296875 0.159375 0.125
0 0.86640625 0.85234375 0.265625 0.1953125
0 0.871875 0.678125 0.071875 0.0546875
0 0.1515625 0.675 0.040625 0.05
0 0.23515625 0.69375 0.034375 0.0328125
0 0.45234375 0.7953125 0.1546875 0.1203125
0 0.93046875 0.65234375 0.0546875 0.040625