0 0.15 0.61640625 0.1765625 0.278125
0 0.30390625 0.621875 0.153125 0.26875
0 0.44609375 0.6203125 0.1953125 0.284375
0 0.60546875 0.6125 0.159375 0.2875
0 0.7671875 0.6359375 0.1796875 0.26875
0 0.90234375 0.6171875 0.159375 0.271875
0 0.86171875 0.4734375 0.1375 0.3234375
0 0.74453125 0.47578125 0.121875 0.26875
0 0.6328125 0.48671875 0.115625 0.28125
0 0.52109375 0.4984375 0.1171875 0.321875
0 0.41171875 0.484375 0.1171875 0.3484375
0 0.29765625 0.47578125 0.134375 0.3265625
0 0.18828125 0.49140625 0.125 0.365625