0 0.296875 0.9 0.05 0.196875
0 0.34921875 0.92734375 0.1078125 0.1421875
0 0.39375 0.8828125 0.0796875 0.2046875
0 0.4625 0.9140625 0.096875 0.16875
0 0.490625 0.8671875 0.05 0.11875
0 0.59296875 0.90390625 0.109375 0.1890625
0 0.7140625 0.90234375 0.10625 0.1921875
0 0.83125 0.890625 0.1484375 0.215625
0 0.9609375 0.9109375 0.078125 0.175
0 0.36328125 0.740625 0.025 0.0859375
0 0.37734375 0.73203125 0.034375 0.09375
0 0.40703125 0.77578125 0.053125 0.2125
0 0.45859375 0.76796875 0.0453125 0.184375
0 0.496875 0.7625 0.0515625 0.1859375
0 0.528125 0.7703125 0.0359375 0.196875
0 0.5375 0.78828125 0.0453125 0.2109375
0 0.57421875 0.78046875 0.0453125 0.16875
0 0.596875 0.76796875 0.0203125 0.09375
0 0.625 0.74921875 0.0640625 0.23125
0 0.67578125 0.7671875 0.0625 0.2015625
0 0.73359375 0.6953125 0.05 0.1078125
0 0.74921875 0.81484375 0.046875 0.1171875
0 0.81875 0.77890625 0.0734375 0.1953125
0 0.89296875 0.83984375 0.0828125 0.3171875
0 0.9359375 0.7203125 0.0421875 0.153125
0 0.9359375 0.6828125 0.0265625 0.0625
0 0.98125 0.72109375 0.021875 0.1453125
0 0.9859375 0.721875 0.0234375 0.14375
0 0.53125 0.64765625 0.015625 0.059375
0 0.54921875 0.6578125 0.021875 0.0828125
0 0.56640625 0.68046875 0.0296875 0.109375
0 0.56796875 0.6375 0.028125 0.059375
0 0.590625 0.68671875 0.028125 0.10625
0 0.6546875 0.6671875 0.0203125 0.0828125
0 0.67578125 0.6546875 0.015625 0.05
0 0.7484375 0.6671875 0.0171875 0.0390625
0 0.7625 0.665625 0.0234375 0.0890625
0 0.803125 0.6578125 0.021875 0.0671875
0 0.8140625 0.6578125 0.0125 0.065625
0 0.83828125 0.646875 0.0171875 0.05
0 0.8640625 0.6703125 0.0234375 0.0765625
0 0.8859375 0.6625 0.01875 0.059375
0 0.9015625 0.6734375 0.0234375 0.0671875
0 0.4546875 0.60859375 0.1296875 0.109375
0 0.5640625 0.61796875 0.0671875 0.034375
0 0.6671875 0.64140625 0.140625 0.0671875
0 0.9125 0.6140625 0.0421875 0.0625