0 0.33359375 0.58984375 0.096875 0.3578125
0 0.2546875 0.63828125 0.075 0.390625
0 0.57890625 0.4671875 0.0109375 0.01875
0 0.6046875 0.47421875 0.0078125 0.03125
0 0.6703125 0.64921875 0.0875 0.45625
0 0.6734375 0.63828125 0.090625 0.43125
0 0.76875 0.65 0.1078125 0.46875
0 0.87890625 0.62265625 0.240625 0.5671875
0 0.9390625 0.41484375 0.096875 0.1390625
0 0.57265625 0.49453125 0.0203125 0.034375
0 0.5890625 0.47109375 0.0078125 0.0203125
0 0.553125 0.46796875 0.009375 0.015625
0 0.97734375 0.8046875 0.0390625 0.25625
0 0.33203125 0.07421875 0.08125 0.1390625
0 0.46484375 0.01640625 0.0484375 0.0328125