0 0.3921875 0.784375 0.0234375 0.0421875
0 0.43046875 0.78046875 0.01875 0.04375
0 0.446875 0.7828125 0.0171875 0.040625
0 0.459375 0.78203125 0.0140625 0.0421875
0 0.47265625 0.78125 0.0171875 0.0484375
0 0.48203125 0.79375 0.03125 0.0765625
0 0.4125 0.784375 0.015625 0.0390625
0 0.4203125 0.78046875 0.0140625 0.0328125
0 0.440625 0.77890625 0.0109375 0.0359375
0 0.3265625 0.78984375 0.01875 0.0515625
0 0.2671875 0.803125 0.0359375 0.05625
0 0.2734375 0.8 0.01875 0.0546875
0 0.5390625 0.81796875 0.090625 0.16875
0 0.6140625 0.81640625 0.0578125 0.171875
0 0.72890625 0.6375 0.0359375 0.0234375
0 0.98671875 0.79140625 0.0234375 0.0765625
0 0.0578125 0.853125 0.115625 0.121875
0 0.0609375 0.84921875 0.0734375 0.1234375
0 0.0875 0.83984375 0.065625 0.1109375
0 0.1078125 0.8390625 0.06875 0.1140625
0 0.5015625 0.75859375 0.015625 0.0125
0 0.403125 0.78046875 0.0140625 0.025
0 0.42421875 0.78125 0.009375 0.0328125
0 0.30234375 0.7 0.0390625 0.04375
0 0.5640625 0.66875 0.015625 0.0125
0 0.8921875 0.75859375 0.0234375 0.015625