0 0.890625 0.52578125 0.0171875 0.0671875
0 0.32734375 0.8703125 0.090625 0.2578125
0 0.3203125 0.771875 0.0484375 0.13125
0 0.415625 0.834375 0.0859375 0.3296875
0 0.68203125 0.8328125 0.096875 0.3328125
0 0.79921875 0.82734375 0.125 0.34375
0 0.9453125 0.81640625 0.096875 0.3640625
0 0.046875 0.55625 0.034375 0.046875
0 0.115625 0.490625 0.0671875 0.034375
0 0.134375 0.53203125 0.0234375 0.021875
0 0.1765625 0.54453125 0.0140625 0.0671875
0 0.23671875 0.54296875 0.04375 0.059375
0 0.290625 0.5390625 0.0171875 0.0453125
0 0.31875 0.52421875 0.0140625 0.059375
0 0.3453125 0.52109375 0.009375 0.059375
0 0.384375 0.5046875 0.0125 0.04375
0 0.8546875 0.528125 0.021875 0.06875
0 0.778125 0.46953125 0.0359375 0.0421875
0 0.9109375 0.52734375 0.021875 0.1296875
0 0.97265625 0.503125 0.0484375 0.1171875
0 0.34453125 0.70703125 0.0375 0.0609375
0 0.5109375 0.47265625 0.0390625 0.0234375
0 0.4765625 0.409375 0.040625 0.01875
0 0.3765625 0.41171875 0.009375 0.01875
0 0.3234375 0.41796875 0.0203125 0.0171875
0 0.65625 0.403125 0.034375 0.0109375
0 0.73828125 0.4015625 0.01875 0.0140625