0 0.14296875 0.6265625 0.0625 0.25625
0 0.228125 0.65 0.0671875 0.275
0 0.228125 0.640625 0.059375 0.2640625
0 0.284375 0.66875 0.06875 0.2828125
0 0.434375 0.6765625 0.06875 0.375
0 0.61171875 0.6046875 0.0375 0.18125
0 0.66640625 0.5921875 0.0359375 0.175
0 0.73046875 0.5796875 0.03125 0.1453125
0 0.75546875 0.63984375 0.0640625 0.2796875
0 0.8015625 0.540625 0.0234375 0.065625
0 0.8078125 0.52578125 0.0109375 0.034375
0 0.8140625 0.54296875 0.0125 0.0609375
0 0.8203125 0.5375 0.0109375 0.0609375
0 0.82578125 0.534375 0.0109375 0.0578125
0 0.8390625 0.55390625 0.0296875 0.084375
0 0.83359375 0.51875 0.009375 0.0171875
0 0.85 0.51875 0.0125 0.028125
0 0.86171875 0.55546875 0.028125 0.109375
0 0.878125 0.55546875 0.021875 0.09375
0 0.7421875 0.5203125 0.0140625 0.0234375
0 0.78828125 0.53828125 0.015625 0.0484375
0 0.7453125 0.45703125 0.0171875 0.046875
0 0.8453125 0.4546875 0.0171875 0.04375
0 0.265625 0.30234375 0.053125 0.171875
0 0.4125 0.353125 0.03125 0.1296875
0 0.51015625 0.3859375 0.034375 0.128125
0 0.578125 0.4171875 0.028125 0.1140625
0 0.70546875 0.5109375 0.0203125 0.03125
0 0.02265625 0.21953125 0.0453125 0.2375
0 0.79375 0.3421875 0.0625 0.0796875
0 0.64765625 0.44140625 0.0109375 0.053125
0 0.61875 0.43046875 0.0125 0.059375
0 0.67109375 0.4421875 0.0109375 0.0515625
0 0.69140625 0.44609375 0.0078125 0.053125
0 0.49765625 0.54140625 0.009375 0.028125
0 0.51640625 0.546875 0.0109375 0.0265625
0 0.3546875 0.56953125 0.021875 0.0390625
0 0.70546875 0.57578125 0.00625 0.021875