0 0.796875 0.72890625 0.0265625 0.1078125
0 0.69765625 0.7375 0.0390625 0.140625
0 0.6734375 0.7375 0.025 0.1546875
0 0.6328125 0.77109375 0.0640625 0.246875
0 0.56171875 0.7546875 0.05625 0.1859375
0 0.5296875 0.7515625 0.0453125 0.1734375
0 0.47109375 0.73359375 0.025 0.1328125
0 0.48515625 0.7375 0.0265625 0.125
0 0.5171875 0.7390625 0.0203125 0.128125
0 0.44765625 0.7453125 0.0390625 0.1140625
0 0.41015625 0.7515625 0.03125 0.1328125
0 0.43828125 0.74765625 0.0171875 0.0953125
0 0.378125 0.7375 0.0296875 0.090625
0 0.890625 0.70625 0.0203125 0.0875
0 0.77109375 0.70390625 0.0109375 0.046875
0 0.76171875 0.7046875 0.0125 0.0453125
0 0.73203125 0.6984375 0.0109375 0.046875
0 0.59375 0.70234375 0.0109375 0.0390625
0 0.01015625 0.7078125 0.0203125 0.065625
0 0.03125 0.74375 0.0453125 0.1375
0 0.15625 0.7015625 0.0375 0.078125
0 0.19140625 0.74765625 0.0265625 0.1546875
0 0.0828125 0.6890625 0.021875 0.0234375
0 0.40234375 0.70234375 0.0125 0.0296875
0 0.42734375 0.7015625 0.0203125 0.0484375
0 0.8578125 0.70234375 0.053125 0.0703125
0 0.08671875 0.6375 0.0671875 0.075
0 0.12109375 0.71640625 0.03125 0.0875
0 0.58046875 0.7265625 0.015625 0.0578125
0 0.14765625 0.68359375 0.0140625 0.0234375