0 0.86875 0.71796875 0.259375 0.5609375
0 0.915625 0.565625 0.06875 0.209375
0 0.8671875 0.59375 0.0734375 0.2578125
0 0.7203125 0.7296875 0.259375 0.5375
0 0.746875 0.628125 0.103125 0.284375
0 0.584375 0.675 0.0921875 0.4203125
0 0.5375 0.590625 0.0578125 0.2609375
0 0.4828125 0.74140625 0.215625 0.5140625
0 0.36328125 0.62265625 0.09375 0.33125
0 0.3265625 0.6828125 0.171875 0.484375
0 0.078125 0.50234375 0.0890625 0.071875
0 0.10234375 0.684375 0.178125 0.4203125
0 0.2578125 0.696875 0.26875 0.603125
0 0.01953125 0.7078125 0.0390625 0.58125
0 0.17109375 0.95 0.215625 0.096875