0 0.0328125 0.70234375 0.065625 0.253125
0 0.065625 0.71796875 0.075 0.2890625
0 0.0890625 0.715625 0.0984375 0.33125
0 0.17734375 0.7359375 0.115625 0.3421875
0 0.203125 0.5984375 0.0265625 0.065625
0 0.1671875 0.53203125 0.0140625 0.0375
0 0.178125 0.54296875 0.0203125 0.05625
0 0.18125 0.54375 0.015625 0.046875
0 0.19296875 0.54296875 0.021875 0.059375
0 0.20625 0.5484375 0.0171875 0.059375
0 0.21171875 0.52578125 0.0171875 0.0421875
0 0.22734375 0.5234375 0.0171875 0.046875
0 0.225 0.55546875 0.0171875 0.034375
0 0.2390625 0.528125 0.0140625 0.0265625
0 0.2421875 0.53515625 0.0078125 0.0125
0 0.24609375 0.5578125 0.028125 0.078125
0 0.27265625 0.5484375 0.01875 0.0359375
0 0.26484375 0.64453125 0.0375 0.1390625
0 0.2890625 0.6296875 0.0265625 0.115625
0 0.35859375 0.684375 0.0625 0.234375
0 0.396875 0.68671875 0.0625 0.2484375
0 0.43828125 0.66484375 0.04375 0.1953125
0 0.2953125 0.58125 0.0203125 0.0671875
0 0.31171875 0.59453125 0.0234375 0.046875
0 0.325 0.6015625 0.025 0.046875
0 0.34296875 0.59140625 0.01875 0.034375
0 0.33984375 0.559375 0.0234375 0.0359375
0 0.2703125 0.525 0.0125 0.0203125
0 0.28359375 0.5265625 0.0125 0.0375
0 0.29140625 0.53828125 0.0125 0.028125
0 0.303125 0.53515625 0.009375 0.025
0 0.3375 0.53984375 0.015625 0.028125
0 0.35625 0.56328125 0.009375 0.0234375
0 0.41328125 0.5671875 0.0171875 0.028125
0 0.453125 0.57578125 0.0140625 0.046875
0 0.47109375 0.58359375 0.0125 0.046875
0 0.4953125 0.65078125 0.05 0.1671875
0 0.5078125 0.64609375 0.0234375 0.1546875
0 0.525 0.64140625 0.025 0.125
0 0.54140625 0.6359375 0.0234375 0.1171875
0 0.55703125 0.63671875 0.0375 0.1421875
0 0.58515625 0.6171875 0.0140625 0.06875
0 0.56640625 0.62109375 0.0171875 0.0640625
0 0.609375 0.63984375 0.0515625 0.1515625
0 0.62578125 0.640625 0.025 0.1328125
0 0.6390625 0.63671875 0.0265625 0.134375
0 0.6578125 0.6234375 0.0234375 0.121875
0 0.671875 0.6359375 0.0328125 0.125
0 0.72890625 0.6390625 0.0203125 0.11875
0 0.74375 0.63984375 0.04375 0.1453125
0 0.7734375 0.63828125 0.0390625 0.1265625
0 0.7984375 0.6375 0.04375 0.128125
0 0.25546875 0.56171875 0.0109375 0.03125
0 0.43359375 0.5484375 0.0078125 0.021875
0 0.14921875 0.53125 0.0109375 0.021875
0 0.26171875 0.53203125 0.0171875 0.015625
0 0.2828125 0.55 0.0203125 0.015625
0 0.31796875 0.55 0.025 0.046875
0 0.390625 0.5453125 0.090625 0.04375
0 0.415625 0.58984375 0.028125 0.028125
0 0.38125 0.59375 0.015625 0.0265625
0 0.4609375 0.61328125 0.025 0.0375
0 0.440625 0.55625 0.009375 0.01875
0 0.46171875 0.559375 0.009375 0.01875
0 0.490625 0.57578125 0.028125 0.04375
0 0.5296875 0.58359375 0.0140625 0.0390625
0 0.5953125 0.584375 0.0125 0.0203125
0 0.64609375 0.6 0.0125 0.0359375
0 0.92421875 0.56875 0.021875 0.028125
0 0.9828125 0.5765625 0.0078125 0.0125
0 0.43671875 0.2640625 0.0578125 0.065625
0 0.296875 0.10625 0.125 0.1625
0 0.49921875 0.46484375 0.0125 0.034375
0 0.83984375 0.5734375 0.0265625 0.015625
0 0.9203125 0.50390625 0.0140625 0.03125
0 0.82890625 0.5546875 0.00625 0.0109375
0 0.86875 0.5359375 0.009375 0.015625