0 0.9203125 0.60859375 0.0203125 0.078125
0 0.9625 0.78515625 0.0734375 0.3984375
0 0.9078125 0.80859375 0.0796875 0.38125
0 0.8453125 0.821875 0.096875 0.353125
0 0.7859375 0.7828125 0.059375 0.31875
0 0.759375 0.77109375 0.065625 0.246875
0 0.73828125 0.88203125 0.1796875 0.234375
0 0.7125 0.79375 0.1296875 0.21875
0 0.6671875 0.825 0.0671875 0.3484375
0 0.63125 0.815625 0.084375 0.3671875
0 0.575 0.81484375 0.06875 0.36875
0 0.5125 0.75078125 0.078125 0.1640625
0 0.50546875 0.86640625 0.1328125 0.265625
0 0.546875 0.94375 0.0828125 0.1109375
0 0.45078125 0.79140625 0.04375 0.3046875
0 0.42109375 0.81015625 0.08125 0.3765625
0 0.35 0.94140625 0.084375 0.115625
0 0.3390625 0.76328125 0.0703125 0.3046875
0 0.29453125 0.796875 0.0875 0.3484375
0 0.271875 0.80625 0.1078125 0.3859375
0 0.19609375 0.76875 0.0765625 0.371875
0 0.1453125 0.74765625 0.0625 0.23125
0 0.06640625 0.64921875 0.1109375 0.14375
0 0.0171875 0.69609375 0.034375 0.11875
0 0.02734375 0.62265625 0.01875 0.040625
0 0.13203125 0.4984375 0.009375 0.0171875
0 0.040625 0.55078125 0.0109375 0.0375
0 0.0515625 0.54375 0.0078125 0.015625
0 0.896875 0.5625 0.0109375 0.040625
0 0.890625 0.5625 0.009375 0.040625
0 0.88203125 0.55625 0.0078125 0.028125
0 0.85 0.575 0.021875 0.0578125
0 0.8375 0.5703125 0.0140625 0.0625
0 0.8640625 0.5546875 0.0125 0.0453125
0 0.8578125 0.55234375 0.0109375 0.040625
0 0.80078125 0.58984375 0.0125 0.0734375
0 0.6875 0.53359375 0.0078125 0.040625
0 0.5734375 0.51484375 0.0109375 0.028125
0 0.5203125 0.5140625 0.0078125 0.028125
0 0.4859375 0.51328125 0.0109375 0.028125
0 0.4671875 0.51328125 0.0078125 0.028125
0 0.3015625 0.571875 0.0109375 0.0640625
0 0.240625 0.58828125 0.0125 0.0609375
0 0.2359375 0.56796875 0.0125 0.053125
0 0.240625 0.54375 0.0140625 0.034375
0 0.084375 0.62265625 0.0125 0.0203125
0 0.0953125 0.63671875 0.0203125 0.065625
0 0.1140625 0.6109375 0.01875 0.0875
0 0.0984375 0.5921875 0.021875 0.05625
0 0.0734375 0.60703125 0.0140625 0.0671875
0 0.071875 0.6046875 0.0125 0.0703125
0 0.059375 0.5765625 0.009375 0.0125
0 0.1125 0.53828125 0.009375 0.028125
0 0.1640625 0.5796875 0.0171875 0.065625
0 0.184375 0.5703125 0.0140625 0.0421875
0 0.24375 0.5109375 0.00625 0.0234375
0 0.20625 0.5515625 0.0125 0.034375
0 0.203125 0.53203125 0.01875 0.0515625
0 0.1515625 0.496875 0.0046875 0.0140625
0 0.1640625 0.49921875 0.0078125 0.01875
0 0.1296875 0.58984375 0.00625 0.0453125
0 0.8703125 0.66796875 0.0359375 0.0890625
0 0.734375 0.68359375 0.01875 0.0421875
0 0.1015625 0.4984375 0.0171875 0.0171875
0 0.9109375 0.55234375 0.0265625 0.040625
0 0.8484375 0.54609375 0.01875 0.0234375
0 0.79921875 0.54609375 0.071875 0.10625
0 0.74140625 0.54453125 0.0234375 0.103125
0 0.5265625 0.44296875 0.3609375 0.0125
0 0.68125 0.5140625 0.0984375 0.0796875
0 0.39375 0.47734375 0.03125 0.0109375
0 0.45625 0.4890625 0.0546875 0.03125
0 0.540625 0.48984375 0.1171875 0.03125
0 0.6140625 0.484375 0.0078125 0.009375
0 0.3375 0.50078125 0.125 0.03125
0 0.3359375 0.540625 0.0296875 0.0515625
0 0.290625 0.54375 0.046875 0.0546875
0 0.2265625 0.515625 0.009375 0.0203125
0 0.1578125 0.55078125 0.0828125 0.05625
0 0.17734375 0.49921875 0.0125 0.0125
0 0.62578125 0.48359375 0.0078125 0.01875
0 0.2734375 0.58984375 0.0109375 0.0375
0 0.77109375 0.4796875 0.0484375 0.015625
0 0.975 0.7078125 0.05 0.3328125
0 0.8375 0.51875 0.00625 0.0234375
0 0.4125 0.4984375 0.0046875 0.0109375
0 0.396875 0.5296875 0.0046875 0.0296875
0 0.375 0.51796875 0.0046875 0.0078125
0 0.109375 0.840625 0.21875 0.3171875