0 0.759375 0.63125 0.478125 0.734375
0 0.6484375 0.5703125 0.0953125 0.2515625
0 0.88203125 0.584375 0.0953125 0.253125
0 0.62265625 0.565625 0.084375 0.2375
0 0.4140625 0.54140625 0.021875 0.04375
0 0.43046875 0.54296875 0.01875 0.05
0 0.43671875 0.5453125 0.0140625 0.0546875
0 0.4640625 0.546875 0.015625 0.0578125
0 0.471875 0.54765625 0.0203125 0.06875
0 0.4890625 0.52578125 0.01875 0.0265625
0 0.4828125 0.51171875 0.0109375 0.009375
0 0.565625 0.58125 0.1328125 0.209375
0 0.67734375 0.1515625 0.2203125 0.221875