0 0.83828125 0.6796875 0.2984375 0.640625
0 0.73203125 0.51015625 0.1140625 0.2109375
0 0.99140625 0.45078125 0.0171875 0.05
0 0.56171875 0.5765625 0.19375 0.5640625
0 0.50546875 0.52578125 0.0859375 0.253125
0 0.4359375 0.5421875 0.0640625 0.303125
0 0.35 0.63515625 0.153125 0.59375
0 0.2125 0.62734375 0.1484375 0.6359375
0 0.2796875 0.61328125 0.06875 0.4703125
0 0.12265625 0.584375 0.1109375 0.584375
0 0.175 0.42421875 0.0296875 0.0640625
0 0.04375 0.47421875 0.0546875 0.16875
0 0.7671875 0.446875 0.0859375 0.1203125
0 0.3890625 0.4171875 0.0203125 0.0421875
0 0.2734375 0.3578125 0.040625 0.0734375
0 0.02734375 0.69375 0.0546875 0.6125
0 0.15625 0.4046875 0.03125 0.0453125
0 0.07265625 0.4765625 0.03125 0.159375