0 0.86640625 0.79765625 0.0984375 0.4015625
0 0.80078125 0.73671875 0.0828125 0.5234375
0 0.76484375 0.76484375 0.10625 0.465625
0 0.70234375 0.74140625 0.2 0.515625
0 0.66640625 0.5328125 0.1046875 0.153125
0 0.59140625 0.7453125 0.1015625 0.50625
0 0.5140625 0.7515625 0.11875 0.49375
0 0.5421875 0.71015625 0.171875 0.5765625
0 0.403125 0.7640625 0.1421875 0.4703125
0 0.43828125 0.5953125 0.0828125 0.178125
0 0.41328125 0.4921875 0.0453125 0.065625
0 0.36953125 0.75078125 0.0734375 0.484375
0 0.3203125 0.75546875 0.128125 0.4859375
0 0.18671875 0.740625 0.1671875 0.515625
0 0.27109375 0.73671875 0.065625 0.5234375
0 0.63203125 0.57734375 0.0359375 0.05625
0 0.68984375 0.77890625 0.0515625 0.4390625