0 0.13046875 0.71171875 0.16875 0.4078125
0 0.0546875 0.60390625 0.109375 0.4140625
0 0.2453125 0.68828125 0.16875 0.396875
0 0.13984375 0.528125 0.234375 0.221875
0 0.23671875 0.55234375 0.109375 0.2671875
0 0.38046875 0.69921875 0.159375 0.3765625
0 0.409375 0.63984375 0.234375 0.2453125
0 0.31015625 0.51484375 0.109375 0.4046875
0 0.3796875 0.51953125 0.0703125 0.1984375
0 0.44296875 0.5640625 0.09375 0.290625
0 0.403125 0.40234375 0.065625 0.140625
0 0.46171875 0.4359375 0.084375 0.29375
0 0.52421875 0.5625 0.0765625 0.321875
0 0.575 0.6578125 0.2296875 0.2875
0 0.58125 0.5484375 0.0890625 0.2625
0 0.6046875 0.45 0.0515625 0.153125
0 0.65234375 0.4890625 0.0609375 0.2234375
0 0.703125 0.5828125 0.090625 0.34375
0 0.71953125 0.43828125 0.04375 0.090625
0 0.7765625 0.5375 0.0859375 0.34375
0 0.86171875 0.50390625 0.1125 0.221875
0 0.90234375 0.41640625 0.115625 0.484375
0 0.8203125 0.33046875 0.09375 0.2890625
0 0.75234375 0.3375 0.059375 0.2671875
0 0.70078125 0.31796875 0.071875 0.2421875
0 0.63203125 0.3140625 0.0890625 0.28125
0 0.5921875 0.3453125 0.0640625 0.2046875
0 0.5421875 0.35625 0.0609375 0.3109375
0 0.4984375 0.334375 0.05625 0.228125
0 0.38828125 0.28671875 0.06875 0.190625
0 0.33671875 0.3109375 0.06875 0.184375
0 0.28828125 0.4015625 0.078125 0.45625
0 0.22734375 0.403125 0.0765625 0.4109375
0 0.16875 0.3703125 0.0765625 0.2859375
0 0.10390625 0.334375 0.0828125 0.2734375