0 0.65390625 0.78125 0.25 0.3546875
0 0.3515625 0.74765625 0.34375 0.321875
0 0.665625 0.66328125 0.20625 0.3875
0 0.5375 0.6453125 0.121875 0.334375
0 0.425 0.60234375 0.121875 0.1734375
0 0.31484375 0.640625 0.109375 0.2140625
0 0.15703125 0.58515625 0.1125 0.4796875
0 0.23828125 0.57109375 0.1375 0.4
0 0.30859375 0.48359375 0.1734375 0.2671875
0 0.43515625 0.459375 0.1171875 0.23125
0 0.54921875 0.4875 0.10625 0.1890625
0 0.59765625 0.46875 0.196875 0.246875
0 0.81171875 0.60078125 0.10625 0.4734375
0 0.72421875 0.57109375 0.1484375 0.45
0 0.621875 0.3734375 0.18125 0.1171875
0 0.55703125 0.378125 0.125 0.1015625
0 0.46015625 0.428125 0.165625 0.24375
0 0.3546875 0.37578125 0.13125 0.1375
0 0.29921875 0.38359375 0.2125 0.125
0 0.05234375 0.23125 0.0328125 0.0546875
0 0.353125 0.27890625 0.05 0.11875
0 0.2078125 0.27265625 0.0328125 0.0375