0 0.0875 0.84375 0.078125 0.3125
0 0.1734375 0.81640625 0.153125 0.3671875
0 0.3140625 0.809375 0.084375 0.378125
0 0.33125 0.653125 0.0296875 0.1109375
0 0.40703125 0.82421875 0.065625 0.3515625
0 0.665625 0.8734375 0.165625 0.253125
0 0.884375 0.884375 0.2203125 0.228125
0 0.96171875 0.8015625 0.075 0.25625
0 0.72421875 0.76875 0.071875 0.28125
0 0.03515625 0.7125 0.0390625 0.228125
0 0.0078125 0.590625 0.015625 0.034375
0 0.103125 0.6390625 0.0328125 0.096875
0 0.16640625 0.61328125 0.025 0.05625
0 0.1953125 0.6578125 0.03125 0.140625
0 0.21796875 0.61953125 0.021875 0.0671875
0 0.21796875 0.6640625 0.025 0.0625
0 0.23828125 0.64140625 0.021875 0.1046875
0 0.23984375 0.60078125 0.025 0.0484375
0 0.25859375 0.6390625 0.021875 0.109375
0 0.34453125 0.61171875 0.028125 0.059375
0 0.371875 0.63515625 0.028125 0.0921875
0 0.403125 0.628125 0.021875 0.059375
0 0.42734375 0.659375 0.0390625 0.153125
0 0.490625 0.7140625 0.0421875 0.196875
0 0.4546875 0.60859375 0.0140625 0.0390625
0 0.48046875 0.61640625 0.021875 0.0828125
0 0.53828125 0.66796875 0.0390625 0.178125
0 0.51015625 0.6078125 0.0234375 0.065625
0 0.525 0.60390625 0.0171875 0.053125
0 0.56796875 0.6078125 0.0125 0.04375
0 0.58515625 0.6328125 0.0234375 0.078125
0 0.60546875 0.63671875 0.0296875 0.0890625
0 0.61796875 0.6171875 0.015625 0.05625
0 0.634375 0.6515625 0.0234375 0.1109375
0 0.7421875 0.6453125 0.0375 0.0875
0 0.83828125 0.60390625 0.0125 0.03125
0 0.8328125 0.61171875 0.0109375 0.0546875
0 0.871875 0.5984375 0.0125 0.0375
0 0.91796875 0.59375 0.0125 0.0453125
0 0.740625 0.59453125 0.01875 0.034375
0 0.68515625 0.59296875 0.0171875 0.0453125
0 0.66796875 0.59765625 0.0109375 0.0171875
0 0.55703125 0.6203125 0.0140625 0.0703125
0 0.49296875 0.60859375 0.015625 0.03125
0 0.45546875 0.6234375 0.015625 0.04375
0 0.45 0.5890625 0.015625 0.0296875
0 0.4390625 0.61015625 0.015625 0.0296875
0 0.4 0.6078125 0.0203125 0.053125
0 0.12265625 0.6046875 0.015625 0.046875
0 0.00859375 0.72265625 0.0171875 0.2265625
0 0.14140625 0.640625 0.0296875 0.14375
0 0.8421875 0.5796875 0.0234375 0.0171875
0 0.878125 0.58359375 0.0140625 0.0296875
0 0.909375 0.5890625 0.0140625 0.0265625
0 0.69765625 0.5890625 0.015625 0.0296875
0 0.67265625 0.58984375 0.01875 0.0296875
0 0.646875 0.60078125 0.028125 0.0359375
0 0.5609375 0.590625 0.00625 0.0359375
0 0.57109375 0.59140625 0.009375 0.028125
0 0.496875 0.5875 0.0234375 0.034375
0 0.38671875 0.59609375 0.021875 0.0515625
0 0.44296875 0.58359375 0.0078125 0.034375
0 0.71484375 0.571875 0.0171875 0.0796875
0 0.7265625 0.5921875 0.0078125 0.046875