0 0.12265625 0.63203125 0.0140625 0.0390625
0 0.23828125 0.6515625 0.0171875 0.0203125
0 0.25 0.6375 0.009375 0.015625
0 0.25546875 0.6515625 0.0125 0.015625
0 0.2578125 0.6453125 0.0171875 0.03125
0 0.26953125 0.6453125 0.0140625 0.0234375
0 0.20390625 0.66953125 0.01875 0.0375
0 0.215625 0.6625 0.0125 0.034375
0 0.2203125 0.6875 0.021875 0.0671875
0 0.33984375 0.66015625 0.015625 0.034375
0 0.35546875 0.65546875 0.0125 0.01875
0 0.36796875 0.646875 0.01875 0.0328125
0 0.278125 0.71640625 0.034375 0.1484375
0 0.49921875 0.6375 0.015625 0.05
0 0.51484375 0.6390625 0.0203125 0.0515625
0 0.525 0.63046875 0.0125 0.0359375
0 0.45234375 0.62265625 0.009375 0.0171875
0 0.446875 0.646875 0.0140625 0.04375
0 0.4109375 0.6453125 0.0125 0.028125
0 0.3890625 0.67890625 0.0171875 0.059375
0 0.40078125 0.6734375 0.015625 0.0390625
0 0.40625 0.65625 0.0125 0.01875
0 0.41953125 0.659375 0.0125 0.0203125
0 0.46484375 0.6671875 0.0109375 0.028125
0 0.45546875 0.665625 0.0171875 0.028125
0 0.47578125 0.67109375 0.0234375 0.0671875
0 0.5484375 0.621875 0.0125 0.028125
0 0.54921875 0.646875 0.0125 0.040625
0 0.5390625 0.634375 0.0125 0.021875
0 0.53046875 0.6421875 0.0109375 0.015625
0 0.56484375 0.646875 0.0140625 0.028125
0 0.60390625 0.6296875 0.009375 0.04375
0 0.6140625 0.6296875 0.015625 0.05
0 0.690625 0.64140625 0.015625 0.028125
0 0.70078125 0.64375 0.015625 0.0265625
0 0.67265625 0.66796875 0.01875 0.0453125
0 0.70703125 0.66953125 0.0234375 0.05625
0 0.7140625 0.675 0.0140625 0.046875
0 0.646875 0.678125 0.0140625 0.053125
0 0.6359375 0.68515625 0.0234375 0.0859375
0 0.60234375 0.66171875 0.0109375 0.021875
0 0.59375 0.69765625 0.0203125 0.1125
0 0.5765625 0.6625 0.0359375 0.0484375
0 0.5765625 0.725 0.040625 0.1515625
0 0.61640625 0.70390625 0.0390625 0.1296875
0 0.53046875 0.7203125 0.04375 0.1546875
0 0.50546875 0.728125 0.0234375 0.1421875
0 0.40625 0.7515625 0.028125 0.1796875
0 0.434375 0.74453125 0.0640625 0.228125
0 0.48125 0.7515625 0.0546875 0.20625
0 0.68359375 0.77890625 0.09375 0.259375
0 0.73671875 0.771875 0.059375 0.26875
0 0.8046875 0.7765625 0.109375 0.265625
0 0.5296875 0.175 0.50625 0.10625
0 0.50703125 0.6359375 0.0078125 0.03125
0 0.49140625 0.659375 0.0109375 0.0203125
0 0.71171875 0.565625 0.0359375 0.0546875
0 0.62890625 0.6578125 0.0109375 0.0125
0 0.6359375 0.71328125 0.025 0.03125
0 0.33828125 0.553125 0.04375 0.0875