0 0.08359375 0.78671875 0.059375 0.15625
0 0.12890625 0.7015625 0.06875 0.3109375
0 0.2140625 0.69609375 0.0921875 0.253125
0 0.27890625 0.7125 0.065625 0.178125
0 0.27578125 0.6015625 0.0171875 0.0703125
0 0.309375 0.6359375 0.034375 0.140625
0 0.34296875 0.66015625 0.03125 0.1578125
0 0.3734375 0.7359375 0.075 0.3359375
0 0.38671875 0.58515625 0.0296875 0.075
0 0.40859375 0.61640625 0.021875 0.09375
0 0.42109375 0.6515625 0.0328125 0.1453125
0 0.4328125 0.59453125 0.015625 0.0546875
0 0.45703125 0.596875 0.046875 0.1109375
0 0.44140625 0.69765625 0.065625 0.1671875
0 0.48984375 0.74765625 0.0859375 0.34375
0 0.51328125 0.5890625 0.0421875 0.1015625
0 0.534375 0.70625 0.046875 0.225
0 0.55625 0.609375 0.0328125 0.11875
0 0.57890625 0.671875 0.0359375 0.1453125
0 0.6140625 0.66796875 0.059375 0.290625
0 0.64375 0.6515625 0.0265625 0.1640625
0 0.671875 0.65 0.0359375 0.1546875
0 0.7 0.68359375 0.0390625 0.2203125
0 0.72890625 0.67578125 0.08125 0.3109375
0 0.540625 0.59609375 0.0125 0.0703125
0 0.60078125 0.64140625 0.040625 0.175
0 0.64921875 0.5828125 0.015625 0.0390625
0 0.325 0.64140625 0.0140625 0.075
0 0.4390625 0.57578125 0.00625 0.0078125
0 0.44921875 0.57109375 0.009375 0.0078125
0 0.68125 0.57578125 0.075 0.0515625
0 0.58515625 0.57421875 0.0234375 0.0484375
0 0.54609375 0.56875 0.00625 0.0171875
0 0.52890625 0.56953125 0.0171875 0.0359375
0 0.48515625 0.5671875 0.03125 0.028125