0 0.33046875 0.69296875 0.1640625 0.6109375
0 0.425 0.71953125 0.125 0.5578125
0 0.50546875 0.71796875 0.1125 0.5515625
0 0.578125 0.671875 0.28125 0.6359375
0 0.01328125 0.52421875 0.0171875 0.0671875
0 0.08046875 0.54921875 0.0390625 0.125
0 0.12265625 0.54296875 0.0375 0.128125
0 0.10078125 0.53046875 0.0171875 0.0703125
0 0.10390625 0.496875 0.0109375 0.0203125
0 0.071875 0.503125 0.0125 0.015625
0 0.13125 0.525 0.009375 0.078125
0 0.13984375 0.5140625 0.009375 0.0484375
0 0.153125 0.51328125 0.0171875 0.0578125
0 0.1515625 0.52109375 0.0203125 0.075
0 0.17890625 0.52265625 0.015625 0.065625
0 0.1890625 0.5140625 0.009375 0.046875
0 0.21328125 0.528125 0.0234375 0.08125
0 0.23046875 0.52578125 0.025 0.0828125
0 0.23984375 0.48515625 0.0078125 0.009375
0 0.246875 0.51640625 0.0234375 0.0828125
0 0.2546875 0.52421875 0.025 0.0765625
0 0.26328125 0.515625 0.0140625 0.06875
0 0.2765625 0.52265625 0.01875 0.0765625
0 0.27265625 0.49140625 0.0078125 0.01875
0 0.45703125 0.50546875 0.0328125 0.0859375
0 0.4703125 0.4984375 0.025 0.065625
0 0.4546875 0.48046875 0.0109375 0.0234375
0 0.66875 0.55 0.05625 0.2171875
0 0.8203125 0.58046875 0.134375 0.3515625
0 0.728125 0.55234375 0.0640625 0.2203125
0 0.778125 0.53984375 0.05625 0.2328125
0 0.70078125 0.53984375 0.028125 0.1484375
0 0.68359375 0.49453125 0.0203125 0.059375
0 0.9015625 0.4765625 0.025 0.06875
0 0.97265625 0.5171875 0.0390625 0.128125
0 0.98515625 0.51640625 0.028125 0.1171875
0 0.05 0.49609375 0.0171875 0.0265625
0 0.16328125 0.4953125 0.009375 0.0234375
0 0.18515625 0.53125 0.003125 0.0296875
0 0.2109375 0.49375 0.0046875 0.0140625
0 0.21484375 0.48515625 0.00625 0.0046875
0 0.234375 0.49140625 0.00625 0.0109375
0 0.2265625 0.478125 0.015625 0.0140625
0 0.27890625 0.47734375 0.0546875 0.01875
0 0.3328125 0.48125 0.028125 0.0171875
0 0.2828125 0.509375 0.0078125 0.04375
0 0.2625 0.440625 0.0078125 0.021875
0 0.24453125 0.2546875 0.3578125 0.259375
0 0.11015625 0.403125 0.0203125 0.0390625
0 0.18125 0.40234375 0.0203125 0.034375
0 0.4109375 0.40078125 0.01875 0.028125
0 0.346875 0.3984375 0.0234375 0.025
0 0.47578125 0.29375 0.025 0.021875
0 0.47578125 0.378125 0.0421875 0.0234375
0 0.48359375 0.49296875 0.021875 0.0515625
0 0.46015625 0.48515625 0.00625 0.028125
0 0.640625 0.47265625 0.0109375 0.0265625
0 0.671875 0.47109375 0.0125 0.0359375
0 0.715625 0.47109375 0.015625 0.028125
0 0.69140625 0.475 0.009375 0.0328125
0 0.68125 0.46171875 0.0078125 0.015625
0 0.70234375 0.465625 0.0125 0.028125
0 0.74765625 0.4671875 0.01875 0.0328125
0 0.78515625 0.57265625 0.040625 0.065625
0 0.81796875 0.45234375 0.009375 0.0171875
0 0.77734375 0.42265625 0.0125 0.0125
0 0.97890625 0.47109375 0.009375 0.0171875