0 0.02890625 0.36328125 0.0578125 0.36875
0 0.2 0.33984375 0.0359375 0.0546875
0 0.21953125 0.3171875 0.053125 0.0703125
0 0.22421875 0.3421875 0.0203125 0.0484375
0 0.2234375 0.32421875 0.009375 0.021875
0 0.2390625 0.3359375 0.01875 0.04375
0 0.2640625 0.33671875 0.0296875 0.065625
0 0.284375 0.33828125 0.0375 0.059375
0 0.31171875 0.33515625 0.046875 0.05
0 0.31171875 0.3171875 0.0390625 0.0390625
0 0.18125 0.71328125 0.3609375 0.3671875
0 0.1796875 0.5953125 0.253125 0.16875
0 0.20078125 0.81875 0.4015625 0.3609375
0 0.22734375 0.52265625 0.2046875 0.1203125
0 0.290625 0.475 0.1171875 0.15625
0 0.34765625 0.45390625 0.0953125 0.15
0 0.44140625 0.4515625 0.0921875 0.1328125
0 0.5265625 0.46171875 0.09375 0.115625
0 0.58984375 0.490625 0.121875 0.121875
0 0.6703125 0.51953125 0.2 0.153125
0 0.7609375 0.60234375 0.2578125 0.16875
0 0.821875 0.71484375 0.35625 0.309375
0 0.78984375 0.81484375 0.4203125 0.36875
0 0.546875 0.82265625 0.2625 0.353125
0 0.76328125 0.35234375 0.0546875 0.2140625
0 0.53515625 0.30234375 0.01875 0.1015625
0 0.48828125 0.29921875 0.0203125 0.0828125
0 0.4734375 0.2984375 0.01875 0.078125
0 0.465625 0.2828125 0.0109375 0.0546875
0 0.4578125 0.2953125 0.0125 0.0609375
0 0.071875 0.28828125 0.0140625 0.046875
0 0.4484375 0.284375 0.0171875 0.034375
0 0.22890625 0.28984375 0.0109375 0.03125