0 0.44296875 0.5390625 0.15625 0.596875
0 0.6375 0.47265625 0.11875 0.415625
0 0.74453125 0.44453125 0.0921875 0.325
0 0.8234375 0.43203125 0.090625 0.2859375
0 0.86171875 0.42109375 0.059375 0.2453125
0 0.896875 0.40546875 0.0515625 0.2171875
0 0.9265625 0.39375 0.0453125 0.2046875
0 0.95 0.38125 0.0515625 0.1953125
0 0.9765625 0.378125 0.0453125 0.184375
0 0.72890625 0.353125 0.0359375 0.134375
0 0.69375 0.37734375 0.0515625 0.1734375
0 0.6046875 0.39140625 0.0421875 0.190625
0 0.54296875 0.3984375 0.0625 0.2203125
0 0.490625 0.3296875 0.028125 0.0546875
0 0.3953125 0.41875 0.065625 0.2546875
0 0.40078125 0.3140625 0.0390625 0.053125
0 0.36171875 0.3609375 0.040625 0.1640625
0 0.33671875 0.3890625 0.05 0.209375
0 0.2921875 0.36796875 0.040625 0.1765625
0 0.2453125 0.35859375 0.03125 0.146875
0 0.21875 0.31875 0.0296875 0.071875
0 0.1828125 0.3734375 0.0453125 0.1921875
0 0.2265625 0.4328125 0.065625 0.290625
0 0.0609375 0.45703125 0.0828125 0.375
0 0.1109375 0.4078125 0.05625 0.2609375
0 0.1140625 0.309375 0.046875 0.05625