0 0.83515625 0.4671875 0.1765625 0.4859375
0 0.7125 0.3234375 0.128125 0.234375
0 0.596875 0.37109375 0.1203125 0.3171875
0 0.61796875 0.23828125 0.075 0.10625
0 0.203125 0.48984375 0.1921875 0.534375
0 0.30390625 0.28984375 0.1078125 0.225
0 0.74453125 0.225 0.1078125 0.396875
0 0.79453125 0.20625 0.04375 0.1625
0 0.71015625 0.18984375 0.028125 0.1125
0 0.753125 0.07890625 0.01875 0.021875
0 0.67890625 0.0875 0.053125 0.0546875
0 0.6765625 0.0703125 0.028125 0.0625
0 0.7359375 0.01953125 0.0328125 0.0390625
0 0.5140625 0.234375 0.1109375 0.3546875
0 0.5765625 0.13828125 0.0640625 0.1703125
0 0.55390625 0.165625 0.04375 0.2453125
0 0.53984375 0.07265625 0.025 0.0390625
0 0.4875 0.09375 0.0234375 0.0546875
0 0.4359375 0.1328125 0.03125 0.0484375
0 0.50703125 0.01171875 0.0296875 0.0234375
0 0.35625 0.0328125 0.0234375 0.034375
0 0.30546875 0.01875 0.0203125 0.0375
0 0.2921875 0.0171875 0.0125 0.034375
0 0.25 0.05546875 0.0140625 0.0203125
0 0.23515625 0.065625 0.0171875 0.0421875
0 0.17421875 0.08359375 0.009375 0.0203125
0 0.17890625 0.10625 0.025 0.03125
0 0.159375 0.1015625 0.0140625 0.0484375
0 0.13828125 0.13359375 0.0234375 0.0609375
0 0.184375 0.1765625 0.0328125 0.103125
0 0.153125 0.18671875 0.028125 0.0875
0 0.15234375 0.1703125 0.0265625 0.059375
0 0.121875 0.17109375 0.028125 0.0765625
0 0.12421875 0.13828125 0.0140625 0.03125
0 0.11484375 0.125 0.0140625 0.03125
0 0.096875 0.17265625 0.025 0.071875
0 0.09375 0.13671875 0.015625 0.03125
0 0.05390625 0.15 0.028125 0.0765625
0 0.0125 0.1703125 0.025 0.115625
0 0.02890625 0.1765625 0.025 0.071875
0 0.35859375 0.10390625 0.090625 0.0359375
0 0.025 0.12421875 0.0296875 0.0375
0 0.09140625 0.0671875 0.125 0.0828125
0 0.0765625 0.1203125 0.0421875 0.025
0 0.1734375 0.04765625 0.040625 0.0375
0 0.2046875 0.0296875 0.0265625 0.0234375
0 0.221875 0.015625 0.0140625 0.021875