0 0.7484375 0.47578125 0.0203125 0.0890625
0 0.73203125 0.47109375 0.0109375 0.0421875
0 0.7375 0.46328125 0.0109375 0.0484375
0 0.3875 0.5265625 0.034375 0.109375
0 0.34296875 0.54140625 0.04375 0.1171875
0 0.2484375 0.53984375 0.040625 0.16875
0 0.71796875 0.50859375 0.0265625 0.15
0 0.70234375 0.51796875 0.025 0.1796875
0 0.68203125 0.5171875 0.034375 0.234375
0 0.6921875 0.45 0.0125 0.0265625
0 0.6640625 0.5171875 0.021875 0.196875
0 0.64453125 0.49453125 0.015625 0.1046875
0 0.64921875 0.459375 0.0125 0.0484375
0 0.65859375 0.48359375 0.0125 0.103125
0 0.6234375 0.56171875 0.059375 0.2953125
0 0.60546875 0.5078125 0.0203125 0.1421875
0 0.5921875 0.5046875 0.0265625 0.1625
0 0.584375 0.50078125 0.015625 0.125
0 0.5671875 0.5046875 0.03125 0.146875
0 0.55234375 0.4671875 0.0265625 0.0703125
0 0.53671875 0.4515625 0.0140625 0.053125
0 0.540625 0.45546875 0.0125 0.04375
0 0.57265625 0.5046875 0.015625 0.1265625
0 0.765625 0.4171875 0.0296875 0.065625
0 0.7015625 0.37421875 0.046875 0.128125
0 0.87890625 0.29921875 0.0859375 0.290625
0 0.478125 0.36015625 0.109375 0.2515625
0 0.18671875 0.4 0.0453125 0.2171875
0 0.23984375 0.4921875 0.009375 0.01875
0 0.4109375 0.68203125 0.309375 0.1640625
0 0.29609375 0.53828125 0.075 0.1203125
0 0.66328125 0.4453125 0.0046875 0.0109375
0 0.659375 0.5421875 0.0046875 0.0125
0 0.615625 0.4390625 0.0046875 0.03125
0 0.6046875 0.4359375 0.0109375 0.0109375
0 0.60078125 0.45234375 0.0078125 0.0234375
0 0.5609375 0.42890625 0.0078125 0.0078125
0 0.55703125 0.4484375 0.0046875 0.0125
0 0.57265625 0.44609375 0.015625 0.021875
0 0.58515625 0.446875 0.0078125 0.0140625