0 0.9734375 0.734375 0.0515625 0.1921875
0 0.98515625 0.73359375 0.028125 0.1828125
0 0.9234375 0.72421875 0.0328125 0.1703125
0 0.90546875 0.73125 0.046875 0.178125
0 0.85234375 0.72890625 0.0265625 0.1703125
0 0.86875 0.73125 0.0359375 0.1609375
0 0.8421875 0.73046875 0.05 0.1828125
0 0.81953125 0.73046875 0.046875 0.1984375
0 0.8109375 0.72578125 0.0375 0.1828125
0 0.77734375 0.72578125 0.046875 0.190625
0 0.7578125 0.6890625 0.0140625 0.0671875
0 0.73671875 0.73515625 0.05 0.1671875
0 0.7140625 0.73984375 0.0359375 0.1453125
0 0.69375 0.73828125 0.0359375 0.1515625
0 0.6515625 0.75234375 0.0359375 0.1359375
0 0.675 0.7296875 0.0203125 0.1140625
0 0.6484375 0.69296875 0.0203125 0.0453125
0 0.65390625 0.753125 0.0328125 0.128125
0 0.62578125 0.74453125 0.025 0.134375
0 0.61640625 0.703125 0.015625 0.0375
0 0.61015625 0.68828125 0.0109375 0.01875
0 0.59921875 0.74453125 0.0203125 0.1171875
0 0.575 0.7109375 0.01875 0.025
0 0.53828125 0.7109375 0.015625 0.053125
0 0.47890625 0.7515625 0.03125 0.1515625
0 0.50234375 0.73203125 0.03125 0.1265625
0 0.51015625 0.6859375 0.015625 0.025
0 0.52109375 0.728125 0.0203125 0.0984375
0 0.4703125 0.7390625 0.015625 0.1140625
0 0.490625 0.73671875 0.0125 0.103125
0 0.43203125 0.75390625 0.0546875 0.159375
0 0.4015625 0.73984375 0.028125 0.1046875
0 0.42734375 0.709375 0.0203125 0.05625
0 0.3859375 0.73828125 0.0234375 0.0984375
0 0.365625 0.73984375 0.0375 0.1296875
0 0.35546875 0.73515625 0.0140625 0.1203125
0 0.33046875 0.75625 0.040625 0.153125
0 0.30625 0.78046875 0.034375 0.1015625
0 0.346875 0.728125 0.0140625 0.0921875
0 0.29609375 0.73359375 0.0515625 0.1140625
0 0.2765625 0.74140625 0.0265625 0.1109375
0 0.2421875 0.76640625 0.05625 0.146875
0 0.22890625 0.7390625 0.0359375 0.125
0 0.2109375 0.74609375 0.0375 0.1265625
0 0.20078125 0.74296875 0.034375 0.146875
0 0.15859375 0.75546875 0.065625 0.1453125
0 0.11953125 0.7578125 0.0703125 0.1546875
0 0.0765625 0.74921875 0.04375 0.1296875
0 0.04453125 0.75703125 0.053125 0.128125
0 0.30625 0.70546875 0.015625 0.059375
0 0.41953125 0.69921875 0.0109375 0.025
0 0.259375 0.7125 0.0109375 0.0453125
0 0.1109375 0.703125 0.0109375 0.0390625
0 0.17109375 0.7 0.0125 0.0359375
0 0.1421875 0.696875 0.009375 0.028125
0 0.2109375 0.69296875 0.0140625 0.040625
0 0.75546875 0.74609375 0.015625 0.1234375
0 0.79765625 0.696875 0.0109375 0.040625
0 0.66796875 0.70546875 0.0125 0.0390625
0 0.62265625 0.68046875 0.0109375 0.0125
0 0.60078125 0.6640625 0.0109375 0.0359375
0 0.7015625 0.68046875 0.0109375 0.015625
0 0.58671875 0.8 0.0078125 0.0125
0 0.559375 0.709375 0.0125 0.025
0 0.45390625 0.7 0.021875 0.0359375
0 0.34140625 0.7 0.0125 0.0359375
0 0.31953125 0.7015625 0.0125 0.0359375
0 0.0234375 0.7 0.046875 0.034375
0 0.07578125 0.70234375 0.0609375 0.0390625
0 0.12109375 0.703125 0.0109375 0.0375
0 0.18671875 0.7046875 0.0203125 0.0390625
0 0.22421875 0.6953125 0.0078125 0.0203125
0 0.38125 0.678125 0.0265625 0.0390625
0 0.32734375 0.7875 0.0390625 0.0390625
0 0.709375 0.790625 0.0265625 0.01875
0 0.9109375 0.7734375 0.0328125 0.0703125