0 0.0953125 0.6859375 0.0796875 0.2953125
0 0.1828125 0.6875 0.0671875 0.26875
0 0.16328125 0.6625 0.0328125 0.2109375
0 0.23125 0.6859375 0.040625 0.2125
0 0.2625 0.67109375 0.0453125 0.1828125
0 0.21796875 0.65078125 0.0265625 0.14375
0 0.31484375 0.6828125 0.078125 0.278125
0 0.3859375 0.68828125 0.0546875 0.2625
0 0.43828125 0.690625 0.0546875 0.2703125
0 0.40625 0.67890625 0.040625 0.2546875
0 0.490625 0.66953125 0.046875 0.2109375
0 0.5796875 0.64609375 0.0453125 0.190625
0 0.6109375 0.65390625 0.03125 0.171875
0 0.6453125 0.659375 0.0578125 0.234375
0 0.7046875 0.7515625 0.0484375 0.196875
0 0.6921875 0.63671875 0.04375 0.140625
0 0.7765625 0.671875 0.0859375 0.2296875
0 0.8359375 0.6578125 0.0515625 0.246875
0 0.8640625 0.65546875 0.025 0.1328125
0 0.26171875 0.6015625 0.0609375 0.0546875
0 0.3609375 0.6078125 0.0359375 0.0515625
0 0.49296875 0.5921875 0.1140625 0.04375
0 0.94140625 0.57890625 0.115625 0.0703125
0 0.4625 0.43359375 0.7109375 0.0828125
0 0.1453125 0.58984375 0.03125 0.0203125
0 0.0453125 0.42421875 0.03125 0.034375
0 0.94453125 0.36171875 0.109375 0.0453125