0 0.43203125 0.6765625 0.2 0.6453125
0 0.5671875 0.68515625 0.16875 0.628125
0 0.259375 0.5625 0.0140625 0.0296875
0 0.328125 0.5953125 0.0203125 0.065625
0 0.346875 0.59296875 0.0234375 0.071875
0 0.71015625 0.6046875 0.0234375 0.0875
0 0.7015625 0.54921875 0.0140625 0.0390625
0 0.71171875 0.5828125 0.015625 0.084375
0 0.72734375 0.56328125 0.0171875 0.040625
0 0.74375 0.54296875 0.0125 0.0421875
0 0.7578125 0.540625 0.0125 0.0234375
0 0.76484375 0.53671875 0.0140625 0.028125
0 0.7765625 0.5359375 0.0125 0.025
0 0.78984375 0.54609375 0.0140625 0.0484375
0 0.7984375 0.534375 0.0078125 0.025
0 0.80625 0.534375 0.0109375 0.0203125
0 0.8109375 0.53203125 0.009375 0.0171875
0 0.81875 0.54765625 0.015625 0.0515625
0 0.8046875 0.5625 0.0171875 0.0296875
0 0.83828125 0.553125 0.0125 0.0359375
0 0.846875 0.553125 0.0109375 0.0359375
0 0.853125 0.55 0.0078125 0.021875
0 0.86796875 0.55546875 0.015625 0.0296875
0 0.87734375 0.55859375 0.015625 0.0265625
0 0.88359375 0.55 0.009375 0.0296875
0 0.8921875 0.5578125 0.0125 0.0296875
0 0.88984375 0.5671875 0.0125 0.0328125
0 0.92265625 0.54765625 0.0109375 0.0515625
0 0.9328125 0.5484375 0.015625 0.0453125
0 0.9515625 0.546875 0.015625 0.053125
0 0.96796875 0.5390625 0.0125 0.0375
0 0.971875 0.54453125 0.0125 0.05
0 0.9921875 0.54765625 0.0140625 0.053125
0 0.9671875 0.59375 0.0234375 0.0765625
0 0.071875 0.56484375 0.0171875 0.0203125
0 0.1265625 0.56953125 0.015625 0.0171875
0 0.16171875 0.56328125 0.0171875 0.0140625
0 0.21640625 0.565625 0.025 0.0203125
0 0.74609375 0.559375 0.0171875 0.025
0 0.7703125 0.55625 0.03125 0.03125
0 0.79375 0.52734375 0.0046875 0.0078125
0 0.7875 0.52734375 0.0046875 0.0078125
0 0.87578125 0.54453125 0.009375 0.0125
0 0.91484375 0.54765625 0.0078125 0.0515625
0 0.92890625 0.5484375 0.009375 0.04375
0 0.96015625 0.54609375 0.0078125 0.0453125
0 0.98359375 0.55078125 0.0125 0.0421875
0 0.9921875 0.58828125 0.0140625 0.0515625