0 0.265625 0.53671875 0.3421875 0.815625
0 0.4390625 0.50703125 0.1671875 0.56875
0 0.59140625 0.56796875 0.28125 0.628125
0 0.725 0.53515625 0.1828125 0.5578125
0 0.803125 0.4875 0.19375 0.471875
0 0.8359375 0.3578125 0.0890625 0.18125
0 0.93046875 0.34296875 0.0859375 0.134375
0 0.96171875 0.33984375 0.0484375 0.1265625
0 0.859375 0.19296875 0.265625 0.1171875
0 0.1421875 0.33984375 0.0703125 0.084375
0 0.61953125 0.809375 0.1265625 0.0296875
0 0.9734375 0.6328125 0.0515625 0.115625
0 0.6203125 0.6828125 0.071875 0.1203125