0 0.921875 0.6453125 0.1546875 0.70625
0 0.83828125 0.62109375 0.0953125 0.715625
0 0.615625 0.52109375 0.0890625 0.4875
0 0.5296875 0.525 0.0890625 0.4734375
0 0.4546875 0.4515625 0.1109375 0.39375
0 0.25390625 0.56953125 0.1703125 0.6390625
0 0.35234375 0.3859375 0.078125 0.253125
0 0.203125 0.46875 0.13125 0.459375
0 0.14765625 0.42578125 0.0828125 0.3125
0 0.10078125 0.42734375 0.0640625 0.3046875
0 0.2015625 0.32890625 0.04375 0.1796875
0 0.35078125 0.40234375 0.078125 0.265625
0 0.30625 0.2421875 0.0703125 0.3578125
0 0.2515625 0.1703125 0.05625 0.184375
0 0.15078125 0.18828125 0.059375 0.2515625
0 0.71796875 0.44296875 0.0828125 0.3046875