0 0.1140625 0.9109375 0.0671875 0.1765625
0 0.42578125 0.92734375 0.0578125 0.14375
0 0.471875 0.9328125 0.046875 0.1328125
0 0.5265625 0.9734375 0.01875 0.0515625
0 0.59375 0.97109375 0.03125 0.05625
0 0.64765625 0.96875 0.028125 0.0609375
0 0.6171875 0.97578125 0.0265625 0.046875
0 0.2484375 0.89140625 0.0203125 0.06875
0 0.33203125 0.9015625 0.025 0.05
0 0.3796875 0.8796875 0.034375 0.05625
0 0.58203125 0.99765625 0.1515625 0.003125
0 0.0140625 0.9484375 0.028125 0.1
0 0.06640625 0.92578125 0.034375 0.0390625
0 0.26640625 0.89609375 0.0296875 0.0296875
0 0.2640625 0.953125 0.1046875 0.0921875
0 0.3796875 0.96796875 0.078125 0.0625
0 0.35078125 0.9453125 0.0984375 0.1078125
0 0.3109375 0.953125 0.0265625 0.0921875
0 0.453125 0.953125 0.0109375 0.034375
0 0.45859375 0.94609375 0.0046875 0.0140625
0 0.9171875 0.9890625 0.0421875 0.01875
0 0.86015625 0.9609375 0.0859375 0.0765625
0 0.78046875 0.971875 0.0734375 0.0546875
0 0.72578125 0.9875 0.0390625 0.0234375
0 0.634375 0.97578125 0.015625 0.0453125
0 0.62265625 0.9640625 0.009375 0.025
0 0.6078125 0.965625 0.0109375 0.05
0 0.58984375 0.9796875 0.0203125 0.0375
0 0.57109375 0.97421875 0.0125 0.0421875
0 0.57578125 0.978125 0.0109375 0.0421875
0 0.559375 0.97890625 0.0234375 0.040625
0 0.55390625 0.96875 0.0265625 0.0609375
0 0.5375 0.98984375 0.0140625 0.01875
0 0.51328125 0.97890625 0.015625 0.0359375
0 0.5125 0.95703125 0.0125 0.021875
0 0.49453125 0.971875 0.0125 0.03125
0 0.496875 0.984375 0.0171875 0.0296875
0 0.4921875 0.9859375 0.0109375 0.0265625
0 0.4484375 0.97421875 0.0296875 0.05
0 0.959375 0.978125 0.0515625 0.0421875
0 0.184375 0.4359375 0.115625 0.3421875
0 0.08359375 0.99140625 0.0125 0.015625
0 0.22734375 0.9828125 0.0140625 0.0296875
0 0.54296875 0.9890625 0.009375 0.0171875
0 0.58203125 0.99296875 0.0078125 0.0078125
0 0.50859375 0.95859375 0.003125 0.0171875
0 0.1328125 0.8625 0.015625 0.0453125