0 0.7890625 0.7703125 0.159375 0.2484375
0 0.95859375 0.61875 0.0421875 0.0734375
0 0.98046875 0.59375 0.021875 0.0265625
0 0.91328125 0.62890625 0.0625 0.046875
0 0.88359375 0.62890625 0.0671875 0.0484375
0 0.8109375 0.63125 0.0625 0.046875
0 0.87734375 0.67265625 0.0953125 0.0625
0 0.809375 0.66953125 0.046875 0.0515625
0 0.471875 0.7390625 0.1078125 0.171875
0 0.65390625 0.609375 0.0484375 0.075
0 0.55625 0.62109375 0.0453125 0.06875
0 0.5203125 0.61796875 0.034375 0.0625
0 0.47890625 0.61796875 0.0375 0.059375
0 0.440625 0.6390625 0.0421875 0.05
0 0.37265625 0.6421875 0.0390625 0.046875
0 0.3140625 0.6421875 0.05 0.046875
0 0.27578125 0.64375 0.053125 0.05
0 0.23203125 0.64296875 0.065625 0.0515625
0 0.21953125 0.66875 0.071875 0.0625
0 0.11171875 0.72421875 0.071875 0.0796875
0 0.03203125 0.7359375 0.0640625 0.090625
0 0.09375 0.7 0.0765625 0.0609375
0 0.14375 0.6875 0.053125 0.0625
0 0.17265625 0.67109375 0.03125 0.0578125
0 0.11796875 0.665625 0.0484375 0.0359375
0 0.0875 0.659375 0.04375 0.0328125
0 0.11328125 0.6375 0.0359375 0.0234375
0 0.0484375 0.6640625 0.0390625 0.0234375
0 0.57109375 0.61484375 0.034375 0.0609375
0 0.140625 0.64921875 0.04375 0.0234375
0 0.9578125 0.58671875 0.0171875 0.01875
0 0.8703125 0.84921875 0.25625 0.0875
0 0.56640625 0.79921875 0.2109375 0.05
0 0.5703125 0.63984375 0.0203125 0.0265625
0 0.49375 0.6265625 0.0265625 0.0421875
0 0.3546875 0.6390625 0.0296875 0.0390625
0 0.034375 0.64921875 0.06875 0.0546875
0 0.5078125 0.1484375 0.9796875 0.078125