0 0.0734375 0.6671875 0.0359375 0.184375
0 0.11796875 0.6609375 0.0359375 0.184375
0 0.11875 0.61796875 0.0328125 0.0921875
0 0.15546875 0.8015625 0.1203125 0.396875
0 0.1625 0.596875 0.021875 0.0390625
0 0.1828125 0.646875 0.021875 0.1234375
0 0.2 0.6984375 0.0375 0.2421875
0 0.2140625 0.6859375 0.0234375 0.18125
0 0.2234375 0.7 0.0453125 0.228125
0 0.27109375 0.69921875 0.05625 0.2828125
0 0.28515625 0.6796875 0.021875 0.1921875
0 0.30234375 0.703125 0.025 0.2203125
0 0.3296875 0.7125 0.0453125 0.215625
0 0.3265625 0.66796875 0.0328125 0.20625
0 0.36015625 0.671875 0.0234375 0.1984375
0 0.3703125 0.70625 0.04375 0.2578125
0 0.38125 0.6921875 0.0359375 0.203125
0 0.40703125 0.6515625 0.028125 0.1609375
0 0.421875 0.57265625 0.0078125 0.0125
0 0.434375 0.590625 0.0171875 0.04375
0 0.4421875 0.71484375 0.040625 0.2484375
0 0.459375 0.64296875 0.025 0.1421875
0 0.4640625 0.671875 0.0203125 0.14375
0 0.48671875 0.63125 0.028125 0.084375
0 0.5046875 0.70390625 0.046875 0.23125
0 0.5421875 0.68203125 0.0390625 0.1984375
0 0.55703125 0.62109375 0.021875 0.0875
0 0.575 0.6203125 0.0359375 0.0828125
0 0.61171875 0.69375 0.0203125 0.2078125
0 0.62265625 0.69921875 0.0359375 0.2203125
0 0.66640625 0.79921875 0.08125 0.4015625
0 0.6875 0.75078125 0.0546875 0.3359375
0 0.734375 0.79140625 0.109375 0.415625
0 0.7359375 0.61953125 0.021875 0.0765625
0 0.7859375 0.653125 0.0328125 0.1734375
0 0.8578125 0.71796875 0.0984375 0.2984375
0 0.88125 0.63046875 0.028125 0.08125
0 0.940625 0.6578125 0.0609375 0.184375
0 0.8671875 0.875 0.1234375 0.2484375
0 0.94765625 0.80859375 0.1015625 0.3796875
0 0.5453125 0.81796875 0.225 0.3640625
0 0.59453125 0.61328125 0.021875 0.0765625
0 0.79609375 0.528125 0.078125 0.1640625
0 0.7125 0.5671875 0.090625 0.0796875
0 0.67734375 0.4765625 0.0265625 0.0875
0 0.4765625 0.54765625 0.025 0.034375
0 0.0453125 0.37265625 0.090625 0.4765625
0 0.16953125 0.4890625 0.134375 0.209375
0 0.92421875 0.30859375 0.1484375 0.6171875
0 0.1890625 0.73515625 0.009375 0.0671875
0 0.2609375 0.48359375 0.034375 0.075
0 0.25078125 0.634375 0.0296875 0.128125
0 0.30078125 0.5859375 0.0421875 0.0375
0 0.29375 0.62578125 0.00625 0.04375
0 0.34453125 0.59453125 0.0265625 0.0359375
0 0.3875 0.58203125 0.034375 0.0265625
0 0.39375 0.6140625 0.0078125 0.0390625
0 0.4234375 0.58515625 0.0203125 0.0359375
0 0.4953125 0.59140625 0.109375 0.0546875
0 0.5640625 0.59921875 0.01875 0.0671875
0 0.63125 0.60234375 0.075 0.0734375
0 0.5828125 0.58515625 0.0125 0.034375
0 0.02578125 0.840625 0.0515625 0.31875
0 0.6125 0.753125 0.015625 0.034375
0 0.7734375 0.64921875 0.0140625 0.078125