0 0.1390625 0.49609375 0.278125 0.303125
0 0.25078125 0.63125 0.5015625 0.453125
0 0.48359375 0.171875 0.6390625 0.26875
0 0.36640625 0.528125 0.4203125 0.3671875
0 0.47421875 0.5359375 0.5234375 0.390625
0 0.53828125 0.33515625 0.4765625 0.3484375
0 0.6015625 0.54453125 0.3828125 0.3046875
0 0.33203125 0.728125 0.64375 0.259375
0 0.64765625 0.115625 0.1515625 0.05625
0 0.64453125 0.17734375 0.125 0.05
0 0.64921875 0.70390625 0.0859375 0.040625
0 0.653125 0.72421875 0.0921875 0.040625
0 0.64453125 0.7640625 0.109375 0.04375
0 0.640625 0.80859375 0.1046875 0.0515625
0 0.66640625 0.81796875 0.084375 0.046875
0 0.64609375 0.140625 0.0984375 0.0359375
0 0.63125 0.234375 0.0953125 0.059375
0 0.66171875 0.9828125 0.0578125 0.0328125