0 0.9296875 0.7328125 0.1375 0.43125
0 0.896875 0.72109375 0.178125 0.496875
0 0.78984375 0.4796875 0.1046875 0.465625
0 0.75625 0.22421875 0.0703125 0.3171875
0 0.66484375 0.49140625 0.1203125 0.48125
0 0.65546875 0.17734375 0.1171875 0.2828125
0 0.62734375 0.24921875 0.128125 0.3171875
0 0.57734375 0.13515625 0.0546875 0.1
0 0.5265625 0.628125 0.1078125 0.4578125
0 0.51953125 0.54140625 0.15 0.4578125
0 0.1171875 0.6515625 0.134375 0.465625
0 0.10390625 0.52734375 0.0875 0.4796875
0 0.04140625 0.3578125 0.0828125 0.31875
0 0.10234375 0.28671875 0.046875 0.16875
0 0.06953125 0.21328125 0.075 0.1296875
0 0.05 0.08125 0.0625 0.1625
0 0.15625 0.1265625 0.05625 0.1484375
0 0.1671875 0.29140625 0.078125 0.375
0 0.24609375 0.29453125 0.05 0.121875
0 0.21171875 0.27734375 0.059375 0.1375
0 0.21953125 0.54609375 0.115625 0.4984375
0 0.18359375 0.5421875 0.0640625 0.4359375
0 0.29609375 0.55 0.0859375 0.4328125
0 0.35625 0.52578125 0.09375 0.4765625
0 0.425 0.5234375 0.1109375 0.475
0 0.2921875 0.24921875 0.05 0.0890625
0 0.25703125 0.1875 0.08125 0.13125
0 0.44453125 0.14296875 0.1234375 0.19375
0 0.3546875 0.0734375 0.059375 0.14375
0 0.41171875 0.04375 0.090625 0.0859375
0 0.5078125 0.1234375 0.0703125 0.1734375
0 0.490625 0.228125 0.075 0.128125
0 0.49375 0.27890625 0.0609375 0.0984375
0 0.415625 0.21171875 0.046875 0.1609375
0 0.49453125 0.3 0.0390625 0.0609375
0 0.30703125 0.2296875 0.078125 0.128125
0 0.015625 0.059375 0.03125 0.11875
0 0.38671875 0.29140625 0.0375 0.0578125
0 0.19609375 0.053125 0.0421875 0.10625
0 0.33984375 0.27421875 0.0421875 0.065625
0 0.315625 0.11875 0.0359375 0.0828125
0 0.3671875 0.103125 0.028125 0.05625
0 0.1984375 0.20390625 0.0453125 0.075
0 0.84375 0.0765625 0.053125 0.1453125