0 0.84609375 0.759375 0.0765625 0.353125
0 0.8765625 0.7265625 0.0671875 0.346875
0 0.815625 0.71640625 0.0546875 0.3203125
0 0.74296875 0.696875 0.0734375 0.240625
0 0.4359375 0.6203125 0.021875 0.0984375
0 0.44453125 0.58203125 0.0328125 0.0171875
0 0.3328125 0.6203125 0.0171875 0.0890625
0 0.34453125 0.58828125 0.01875 0.034375
0 0.3078125 0.64140625 0.0265625 0.1328125
0 0.3140625 0.6375 0.0296875 0.153125
0 0.2 0.68984375 0.0421875 0.25
0 0.22421875 0.62265625 0.021875 0.0953125
0 0.2484375 0.61796875 0.021875 0.0953125
0 0.2609375 0.6421875 0.03125 0.1625
0 0.27421875 0.63671875 0.0234375 0.1640625
0 0.2875 0.6140625 0.0140625 0.1015625
0 0.21484375 0.59921875 0.0078125 0.01875
0 0.85234375 0.5765625 0.01875 0.0125
0 0.60625 0.60625 0.03125 0.0234375
0 0.28125 0.5734375 0.00625 0.0109375
0 0.05546875 0.5 0.0546875 0.178125
0 0.3015625 0.478125 0.065625 0.1359375
0 0.41328125 0.56484375 0.009375 0.0296875
0 0.3984375 0.5875 0.009375 0.015625
0 0.48203125 0.57734375 0.0171875 0.0734375
0 0.234375 0.58046875 0.01875 0.04375
0 0.58203125 0.5375 0.0203125 0.0359375
0 0.77734375 0.5875 0.078125 0.10625
0 0.784375 0.67734375 0.0203125 0.0734375
0 0.77890625 0.803125 0.0171875 0.0140625
0 0.3875 0.56328125 0.0078125 0.015625
0 0.5390625 0.47734375 0.0109375 0.0203125
0 0.92734375 0.6859375 0.0078125 0.0125
0 0.8953125 0.60078125 0.009375 0.0234375
0 0.86953125 0.61796875 0.0125 0.034375
0 0.44921875 0.56640625 0.009375 0.0171875