0 0.05625 0.04765625 0.0359375 0.075
0 0.1171875 0.03203125 0.0359375 0.0640625
0 0.1546875 0.0421875 0.04375 0.084375
0 0.19765625 0.04765625 0.0375 0.0890625
0 0.240625 0.0421875 0.040625 0.084375
0 0.278125 0.0421875 0.04375 0.084375
0 0.35546875 0.0421875 0.0390625 0.084375
0 0.3828125 0.04296875 0.046875 0.0859375
0 0.51640625 0.02734375 0.0328125 0.04375
0 0.571875 0.028125 0.0546875 0.05625
0 0.61171875 0.04296875 0.0359375 0.0859375
0 0.64765625 0.04296875 0.0515625 0.0859375
0 0.6921875 0.04296875 0.053125 0.0859375
0 0.740625 0.04375 0.0453125 0.0875
0 0.78984375 0.0203125 0.0375 0.040625
0 0.88203125 0.02265625 0.0515625 0.0453125
0 0.9421875 0.03828125 0.009375 0.040625
0 0.98671875 0.05234375 0.025 0.071875
0 0.9515625 0.05 0.0375 0.0703125
0 0.9015625 0.0484375 0.0421875 0.0703125
0 0.8578125 0.06328125 0.0296875 0.046875
0 0.81171875 0.05625 0.0390625 0.0734375
0 0.78671875 0.0578125 0.028125 0.0578125
0 0.71640625 0.05234375 0.0546875 0.071875
0 0.5953125 0.05859375 0.0359375 0.05
0 0.546875 0.05390625 0.0421875 0.065625
0 0.45234375 0.0578125 0.0390625 0.0875
0 0.41015625 0.05234375 0.0515625 0.06875
0 0.31875 0.05703125 0.0328125 0.05
0 0.28515625 0.05703125 0.0265625 0.05625
0 0.2515625 0.0546875 0.040625 0.0578125
0 0.2015625 0.0484375 0.053125 0.0875
0 0.128125 0.0484375 0.0453125 0.0734375
0 0.09140625 0.0484375 0.0375 0.0671875
0 0.05703125 0.04609375 0.0359375 0.075
0 0.0203125 0.04375 0.040625 0.0734375
0 0.01640625 0.1484375 0.0328125 0.0828125
0 0.04375 0.15546875 0.0390625 0.06875
0 0.15546875 0.1515625 0.05 0.078125
0 0.21171875 0.15703125 0.0328125 0.0734375
0 0.24765625 0.1578125 0.0421875 0.0671875
0 0.30234375 0.15078125 0.0203125 0.05
0 0.3640625 0.15546875 0.0390625 0.0734375
0 0.42578125 0.153125 0.034375 0.0875
0 0.4734375 0.153125 0.05625 0.08125
0 0.51796875 0.15703125 0.0328125 0.0828125
0 0.57734375 0.14765625 0.0203125 0.05
0 0.66171875 0.15625 0.0546875 0.084375
0 0.734375 0.15703125 0.05625 0.08125
0 0.81015625 0.16328125 0.05625 0.071875
0 0.90234375 0.1640625 0.05 0.075
0 0.209375 0.28515625 0.05 0.0859375
0 0.3265625 0.35078125 0.0546875 0.2515625
0 0.36953125 0.36953125 0.046875 0.21875
0 0.46796875 0.27421875 0.0671875 0.309375
0 0.63671875 0.34921875 0.0734375 0.284375
0 0.75078125 0.35 0.0890625 0.2828125
0 0.95546875 0.38125 0.0875 0.41875
0 0.875 0.67421875 0.2484375 0.65
0 0.65546875 0.46171875 0.15625 0.5703125
0 0.60859375 0.41953125 0.1296875 0.5125
0 0.540625 0.30546875 0.16875 0.3171875
0 0.4203125 0.51875 0.1671875 0.7265625
0 0.55390625 0.65078125 0.2953125 0.6953125
0 0.2015625 0.59453125 0.253125 0.8078125
0 0.76875 0.0734375 0.01875 0.0265625
0 0.4578125 0.02890625 0.1078125 0.0578125
0 0.2359375 0.01640625 0.075 0.0328125