0 0.2609375 0.77109375 0.071875 0.2609375
0 0.28046875 0.74765625 0.084375 0.2640625
0 0.31015625 0.77265625 0.0875 0.296875
0 0.38984375 0.7390625 0.08125 0.25625
0 0.596875 0.821875 0.0890625 0.328125
0 0.67109375 0.81875 0.08125 0.3609375
0 0.9375 0.67421875 0.0140625 0.0515625
0 0.15 0.6671875 0.1953125 0.096875
0 0.3703125 0.659375 0.015625 0.0703125
0 0.46171875 0.6765625 0.05625 0.0984375
0 0.98984375 0.665625 0.0203125 0.046875
0 0.86015625 0.52890625 0.009375 0.0359375
0 0.9078125 0.52890625 0.0109375 0.034375
0 0.95859375 0.528125 0.0125 0.034375
0 0.69921875 0.3375 0.0390625 0.028125
0 0.14296875 0.434375 0.0140625 0.034375
0 0.21015625 0.421875 0.0125 0.0375
0 0.09609375 0.54609375 0.009375 0.0265625
0 0.4375 0.43203125 0.0109375 0.015625
0 0.403125 0.434375 0.0125 0.01875
0 0.36796875 0.43671875 0.0109375 0.0203125
0 0.1125 0.4421875 0.0125 0.0234375