0 0.18515625 0.64921875 0.13125 0.2609375
0 0.26328125 0.575 0.075 0.246875
0 0.31328125 0.65234375 0.13125 0.26875
0 0.44453125 0.6390625 0.159375 0.2765625
0 0.5453125 0.6484375 0.134375 0.275
0 0.65703125 0.65703125 0.1484375 0.2703125
0 0.609375 0.5828125 0.071875 0.2484375
0 0.6609375 0.42578125 0.0671875 0.240625
0 0.60078125 0.425 0.065625 0.25625
0 0.54609375 0.4171875 0.0671875 0.2203125
0 0.50234375 0.45234375 0.0875 0.23125
0 0.43359375 0.52421875 0.075 0.3578125
0 0.35234375 0.44296875 0.109375 0.2453125
0 0.2984375 0.48671875 0.08125 0.371875
0 0.2375 0.43359375 0.0703125 0.2515625
0 0.1890625 0.434375 0.06875 0.2625
0 0.24921875 0.29453125 0.084375 0.196875
0 0.3171875 0.35390625 0.0703125 0.321875
0 0.3765625 0.27890625 0.059375 0.178125
0 0.43828125 0.2765625 0.0703125 0.18125
0 0.40703125 0.35703125 0.0421875 0.134375
0 0.4671875 0.36796875 0.0453125 0.1421875
0 0.4984375 0.29453125 0.0609375 0.2125
0 0.55390625 0.2828125 0.0625 0.18125
0 0.62578125 0.278125 0.0828125 0.1703125
0 0.09296875 0.23984375 0.0625 0.0921875