0 0.16640625 0.903125 0.096875 0.1859375
0 0.08515625 0.79609375 0.1234375 0.2421875
0 0.13125 0.75703125 0.0734375 0.165625
0 0.2046875 0.8 0.0828125 0.23125
0 0.28125 0.8578125 0.140625 0.2453125
0 0.36328125 0.83125 0.13125 0.3328125
0 0.45625 0.88671875 0.165625 0.2234375
0 0.4171875 0.76015625 0.0875 0.259375
0 0.48515625 0.8109375 0.090625 0.2453125
0 0.54140625 0.8296875 0.0890625 0.3140625
0 0.6203125 0.82265625 0.10625 0.2140625
0 0.6453125 0.79453125 0.065625 0.2140625
0 0.62265625 0.87578125 0.184375 0.2453125
0 0.73046875 0.87890625 0.1078125 0.234375
0 0.7171875 0.75859375 0.0875 0.16875
0 0.7359375 0.65703125 0.0859375 0.271875
0 0.79453125 0.78671875 0.0578125 0.2375
0 0.8640625 0.83125 0.1546875 0.3328125
0 0.93515625 0.76015625 0.0609375 0.125
0 0.965625 0.8375 0.065625 0.321875
0 0.62265625 0.57890625 0.0109375 0.053125
0 0.38984375 0.60078125 0.0203125 0.096875
0 0.40546875 0.5953125 0.0109375 0.0875
0 0.4234375 0.59296875 0.015625 0.08125
0 0.43515625 0.5953125 0.0171875 0.090625
0 0.46484375 0.5953125 0.0171875 0.0828125
0 0.47734375 0.596875 0.0171875 0.09375
0 0.19765625 0.69140625 0.390625 0.171875
0 0.075 0.9234375 0.1421875 0.1390625
0 0.26640625 0.95625 0.1171875 0.0796875
0 0.98671875 0.94765625 0.01875 0.096875
0 0.575 0.68671875 0.2421875 0.10625
0 0.86875 0.70703125 0.13125 0.1203125
0 0.95 0.6765625 0.034375 0.0390625
0 0.9890625 0.6703125 0.0171875 0.03125
0 0.45 0.59453125 0.01875 0.0859375
0 0.52265625 0.59453125 0.08125 0.0890625
0 0.06171875 0.5625 0.11875 0.090625
0 0.33984375 0.5609375 0.01875 0.0421875
0 0.33125 0.0765625 0.09375 0.0671875
0 0.01484375 0.815625 0.025 0.08125