0 0.0578125 0.57734375 0.075 0.21875
0 0.1109375 0.54921875 0.0890625 0.215625
0 0.18046875 0.69453125 0.228125 0.6078125
0 0.2296875 0.69375 0.1328125 0.415625
0 0.2515625 0.6 0.1984375 0.5078125
0 0.31875 0.63671875 0.1296875 0.325
0 0.35078125 0.48984375 0.1046875 0.265625
0 0.36015625 0.465625 0.090625 0.225
0 0.37265625 0.4203125 0.05 0.1609375
0 0.38515625 0.42265625 0.065625 0.1578125
0 0.4078125 0.3828125 0.0390625 0.090625
0 0.3609375 0.4046875 0.0296875 0.125
0 0.496875 0.35859375 0.034375 0.1046875
0 0.50625 0.36796875 0.05 0.14375
0 0.52109375 0.2890625 0.015625 0.04375
0 0.57421875 0.27421875 0.0140625 0.0421875
0 0.5546875 0.39765625 0.0390625 0.0625
0 0.56640625 0.37890625 0.0890625 0.215625
0 0.62734375 0.29453125 0.025 0.078125
0 0.66015625 0.34921875 0.078125 0.21875
0 0.65859375 0.2640625 0.0171875 0.0265625
0 0.77421875 0.16953125 0.015625 0.01875
0 0.753125 0.33515625 0.078125 0.3296875
0 0.9703125 0.21015625 0.0578125 0.1890625
0 0.8234375 0.49609375 0.246875 0.725
0 0.8609375 0.54609375 0.275 0.796875
0 0.934375 0.50546875 0.1296875 0.5578125
0 0.02109375 0.64765625 0.0421875 0.078125
0 0.23671875 0.39140625 0.028125 0.06875