0 0.21015625 0.82421875 0.0390625 0.1109375
0 0.28671875 0.6421875 0.01875 0.0640625
0 0.0359375 0.91796875 0.071875 0.1609375
0 0.01796875 0.83671875 0.0359375 0.1453125
0 0.08671875 0.73671875 0.0890625 0.3046875
0 0.03203125 0.6515625 0.0625 0.2546875
0 0.0875 0.6390625 0.0796875 0.2625
0 0.1125 0.4890625 0.04375 0.1734375
0 0.0875 0.38046875 0.034375 0.1796875
0 0.11640625 0.378125 0.04375 0.165625
0 0.13125 0.38125 0.015625 0.11875
0 0.14453125 0.38359375 0.0328125 0.134375
0 0.20625 0.403125 0.0546875 0.1703125
0 0.22578125 0.3859375 0.0265625 0.1515625
0 0.25234375 0.40078125 0.0390625 0.1625
0 0.26484375 0.39765625 0.0265625 0.159375
0 0.275 0.371875 0.01875 0.10625
0 0.28828125 0.40078125 0.0296875 0.1515625
0 0.3203125 0.3984375 0.0390625 0.1609375
0 0.31875 0.328125 0.0234375 0.0390625
0 0.3234375 0.3625 0.025 0.084375
0 0.33671875 0.3671875 0.021875 0.10625
0 0.3484375 0.378125 0.0140625 0.1109375
0 0.35859375 0.396875 0.0390625 0.1578125
0 0.39140625 0.39921875 0.0375 0.1546875
0 0.415625 0.33203125 0.0140625 0.0203125
0 0.4015625 0.34375 0.021875 0.059375
0 0.4078125 0.321875 0.009375 0.0125
0 0.42109375 0.325 0.0203125 0.0359375
0 0.49140625 0.30859375 0.009375 0.0328125
0 0.465625 0.4015625 0.05625 0.1984375
0 0.496875 0.43515625 0.04375 0.2234375
0 0.5125 0.3796875 0.01875 0.13125
0 0.5328125 0.3484375 0.0515625 0.1109375
0 0.5375 0.42421875 0.0390625 0.1765625
0 0.5515625 0.46171875 0.0703125 0.25625
0 0.5671875 0.50546875 0.06875 0.2015625
0 0.6375 0.35625 0.0234375 0.0953125
0 0.65703125 0.39375 0.0203125 0.134375
0 0.628125 0.3625 0.0234375 0.075
0 0.60234375 0.36640625 0.059375 0.1296875
0 0.6453125 0.546875 0.053125 0.2734375
0 0.6890625 0.4125 0.0484375 0.246875
0 0.70390625 0.33515625 0.04375 0.0875
0 0.88515625 0.31953125 0.0265625 0.0578125
0 0.84609375 0.34296875 0.0234375 0.0546875
0 0.8625 0.41328125 0.028125 0.18125
0 0.8765625 0.3796875 0.046875 0.1515625
0 0.98125 0.39375 0.0359375 0.15625
0 0.95625 0.39453125 0.0703125 0.271875
0 0.83125 0.328125 0.0296875 0.046875
0 0.73671875 0.440625 0.0265625 0.2265625
0 0.7078125 0.4421875 0.05 0.2484375
0 0.71953125 0.52578125 0.0515625 0.2046875
0 0.7703125 0.42890625 0.08125 0.2734375
0 0.79375 0.49140625 0.0828125 0.3859375
0 0.8328125 0.41171875 0.05 0.1703125
0 0.94609375 0.42421875 0.0625 0.2109375
0 0.9109375 0.60234375 0.1109375 0.6
0 0.19375 0.2953125 0.128125 0.0546875
0 0.54609375 0.30546875 0.0140625 0.034375
0 0.19375 0.71171875 0.0453125 0.090625
0 0.25 0.796875 0.04375 0.1125
0 0.36171875 0.76328125 0.0546875 0.1015625
0 0.4296875 0.3359375 0.0125 0.0546875
0 0.38671875 0.31953125 0.0125 0.0171875
0 0.971875 0.30859375 0.028125 0.0328125
0 0.3625 0.31640625 0.0140625 0.015625
0 0.26484375 0.31875 0.009375 0.009375