0 0.5484375 0.53203125 0.334375 0.79375
0 0.8734375 0.46484375 0.2140625 0.5453125
0 0.7421875 0.46953125 0.1078125 0.4265625
0 0.97109375 0.48203125 0.05625 0.3796875
0 0.925 0.271875 0.0734375 0.08125
0 0.96796875 0.3984375 0.0625 0.325
0 0.703125 0.31875 0.0609375 0.134375
0 0.59765625 0.4421875 0.128125 0.43125
0 0.45 0.34453125 0.0578125 0.2109375
0 0.3890625 0.29921875 0.08125 0.1875
0 0.12265625 0.3796875 0.14375 0.2703125
0 0.04296875 0.36171875 0.0859375 0.3015625
0 0.171875 0.33125 0.0765625 0.2265625
0 0.2859375 0.56640625 0.365625 0.7578125
0 0.7828125 0.27421875 0.125 0.075
0 0.95859375 0.27890625 0.08125 0.0421875
0 0.67421875 0.275 0.0578125 0.053125
0 0.42734375 0.25703125 0.090625 0.0484375
0 0.2265625 0.25859375 0.059375 0.0703125
0 0.015625 0.4796875 0.03125 0.1796875
0 0.575 0.74296875 0.803125 0.171875
0 0.2390625 0.5484375 0.41875 0.1109375
0 0.39296875 0.91484375 0.78125 0.1671875
0 0.80859375 0.5984375 0.3265625 0.1109375