0 0.81328125 0.58203125 0.1203125 0.3875
0 0.97734375 0.271875 0.0421875 0.0734375
0 0.8828125 0.30625 0.040625 0.0984375
0 0.77265625 0.29453125 0.05 0.1015625
0 0.72734375 0.29140625 0.034375 0.0765625
0 0.74375 0.28671875 0.0296875 0.1125
0 0.9203125 0.265625 0.0296875 0.0640625
0 0.934375 0.26171875 0.025 0.0734375
0 0.6171875 0.15546875 0.025 0.0921875
0 0.621875 0.2625 0.028125 0.065625
0 0.54609375 0.55078125 0.075 0.3796875
0 0.48515625 0.690625 0.1734375 0.6171875
0 0.428125 0.5828125 0.078125 0.3703125
0 0.359375 0.48203125 0.071875 0.321875
0 0.4796875 0.3609375 0.0859375 0.1078125
0 0.40078125 0.39921875 0.0734375 0.265625
0 0.30703125 0.4 0.05625 0.28125
0 0.3203125 0.30234375 0.0296875 0.0828125
0 0.334375 0.30078125 0.0375 0.1484375
0 0.28515625 0.26328125 0.0265625 0.0875
0 0.31015625 0.2375 0.028125 0.04375
0 0.634375 0.17890625 0.025 0.053125
0 0.73125 0.19140625 0.05625 0.1390625
0 0.815625 0.1578125 0.0546875 0.0859375
0 0.59140625 0.0765625 0.0453125 0.08125
0 0.43515625 0.21796875 0.1171875 0.1765625
0 0.55234375 0.284375 0.0984375 0.1578125
0 0.62421875 0.51640625 0.096875 0.4484375
0 0.69765625 0.34140625 0.0515625 0.1640625
0 0.75703125 0.43515625 0.065625 0.18125
0 0.9140625 0.47734375 0.0640625 0.3765625
0 0.0234375 0.31015625 0.046875 0.1328125
0 0.109375 0.159375 0.090625 0.0640625
0 0.7328125 0.31796875 0.0171875 0.0546875
0 0.9421875 0.18515625 0.1140625 0.1515625
0 0.89453125 0.2734375 0.0171875 0.03125
0 0.81875 0.26796875 0.1078125 0.1375
0 0.15546875 0.55078125 0.1578125 0.696875
0 0.2703125 0.57734375 0.075 0.5484375
0 0.2578125 0.24765625 0.05 0.1140625
0 0.32265625 0.2171875 0.0640625 0.0484375
0 0.33515625 0.15390625 0.0265625 0.046875