0 0.8875 0.68125 0.0875 0.2125
0 0.815625 0.6859375 0.090625 0.221875
0 0.803125 0.6734375 0.0546875 0.175
0 0.76875 0.6828125 0.140625 0.23125
0 0.72734375 0.66953125 0.078125 0.196875
0 0.69921875 0.6578125 0.0546875 0.1734375
0 0.63828125 0.675 0.1109375 0.2078125
0 0.60234375 0.66171875 0.0578125 0.184375
0 0.6265625 0.67109375 0.075 0.1953125
0 0.528125 0.68125 0.1046875 0.2078125
0 0.51953125 0.675 0.0859375 0.2140625
0 0.4953125 0.6515625 0.046875 0.1609375
0 0.4859375 0.6390625 0.0640625 0.1921875
0 0.40625 0.64765625 0.05 0.2015625
0 0.3765625 0.66015625 0.0859375 0.1921875
0 0.3828125 0.6796875 0.128125 0.1953125
0 0.60703125 0.6609375 0.0484375 0.1796875
0 0.69765625 0.64375 0.0171875 0.0203125
0 0.7125 0.7015625 0.0046875 0.0359375