0 0.04453125 0.83359375 0.0890625 0.3328125
0 0.07890625 0.815625 0.1109375 0.278125
0 0.20234375 0.83359375 0.078125 0.2953125
0 0.3546875 0.89921875 0.15625 0.2
0 0.39765625 0.8328125 0.0578125 0.2328125
0 0.41796875 0.8671875 0.075 0.2484375
0 0.49296875 0.77890625 0.0265625 0.140625
0 0.5109375 0.7796875 0.0265625 0.15
0 0.5453125 0.86484375 0.075 0.2671875
0 0.54296875 0.7484375 0.0421875 0.1421875
0 0.56640625 0.7625 0.0421875 0.190625
0 0.7140625 0.76640625 0.0265625 0.153125
0 0.73671875 0.75078125 0.0421875 0.1390625
0 0.78828125 0.7875 0.046875 0.16875
0 0.79921875 0.7765625 0.040625 0.159375
0 0.81953125 0.76796875 0.0421875 0.178125
0 0.8609375 0.784375 0.0515625 0.1953125
0 0.88125 0.78984375 0.053125 0.1984375
0 0.89765625 0.8 0.08125 0.234375
0 0.928125 0.83359375 0.0734375 0.271875