0 0.43125 0.5953125 0.0265625 0.0640625
0 0.4265625 0.521875 0.01875 0.065625
0 0.51875 0.41171875 0.0234375 0.0546875
0 0.7109375 0.3765625 0.0203125 0.05625
0 0.61171875 0.396875 0.0171875 0.05625
0 0.56640625 0.3796875 0.028125 0.0625
0 0.60625 0.38828125 0.0125 0.05625
0 0.625 0.3859375 0.0140625 0.0578125
0 0.5515625 0.35078125 0.0171875 0.0515625
0 0.63203125 0.3859375 0.0140625 0.0578125
0 0.625 0.34921875 0.01875 0.0546875
0 0.59453125 0.32578125 0.0234375 0.0546875
0 0.57109375 0.32109375 0.015625 0.046875
0 0.584375 0.2984375 0.0171875 0.046875
0 0.5140625 0.253125 0.0140625 0.04375
0 0.62421875 0.2484375 0.0125 0.0421875
0 0.66640625 0.2765625 0.0140625 0.046875
0 0.65703125 0.25546875 0.01875 0.0484375
0 0.69609375 0.21953125 0.0140625 0.0453125
0 0.7203125 0.21328125 0.0140625 0.0484375
0 0.40078125 0.75078125 0.065625 0.075
0 0.77421875 0.2296875 0.015625 0.046875
0 0.62890625 0.209375 0.0171875 0.040625
0 0.225 0.1578125 0.45 0.315625
0 0.15390625 0.87890625 0.3078125 0.2390625
0 0.04375 0.67578125 0.0875 0.1671875
0 0.04921875 0.45625 0.0984375 0.278125
0 0.14453125 0.4515625 0.0953125 0.2671875
0 0.246875 0.37109375 0.1109375 0.1109375
0 0.32109375 0.3359375 0.0375 0.0375
0 0.88984375 0.90546875 0.21875 0.1859375
0 0.54453125 0.9109375 0.48125 0.175
0 0.934375 0.4078125 0.128125 0.815625
0 0.83671875 0.21953125 0.065625 0.05
0 0.8375 0.79609375 0.065625 0.0390625