0 0.0359375 0.73515625 0.046875 0.4796875
0 0.07421875 0.74765625 0.075 0.46875
0 0.121875 0.77578125 0.0484375 0.4109375
0 0.1703125 0.75078125 0.071875 0.4703125
0 0.23828125 0.73671875 0.0796875 0.5
0 0.30625 0.73984375 0.090625 0.5140625
0 0.38125 0.75078125 0.0671875 0.4859375
0 0.44921875 0.75 0.0859375 0.4984375
0 0.52734375 0.76328125 0.09375 0.471875
0 0.609375 0.75078125 0.0734375 0.496875
0 0.68125 0.753125 0.0875 0.4921875
0 0.753125 0.74765625 0.08125 0.503125
0 0.85546875 0.7484375 0.071875 0.5015625
0 0.9203125 0.759375 0.0828125 0.4765625
0 0.4 0.571875 0.025 0.0484375