0 0.03515625 0.16953125 0.0703125 0.140625
0 0.07265625 0.1484375 0.05 0.14375
0 0.10234375 0.15703125 0.04375 0.109375
0 0.3515625 0.1015625 0.0546875 0.084375
0 0.37578125 0.096875 0.04375 0.0734375
0 0.42421875 0.0890625 0.05 0.0671875
0 0.43984375 0.08515625 0.0453125 0.0609375
0 0.53828125 0.05390625 0.046875 0.09375
0 0.565625 0.05078125 0.0234375 0.08125
0 0.17734375 0.4734375 0.103125 0.29375
0 0.17890625 0.29921875 0.103125 0.1578125
0 0.3703125 0.2671875 0.0890625 0.1578125
0 0.375 0.45078125 0.1 0.278125
0 0.4765625 0.39921875 0.0859375 0.2390625
0 0.53203125 0.284375 0.0765625 0.2140625
0 0.559375 0.22890625 0.0578125 0.1875
0 0.59375 0.15703125 0.0703125 0.1796875
0 0.66171875 0.0359375 0.03125 0.0609375
0 0.67578125 0.04609375 0.04375 0.059375
0 0.6671875 0.02578125 0.028125 0.0484375
0 0.74140625 0.03984375 0.0328125 0.05
0 0.91640625 0.0359375 0.03125 0.0328125
0 0.9390625 0.03359375 0.0421875 0.04375
0 0.5828125 0.43671875 0.08125 0.25625
0 0.628125 0.37734375 0.0734375 0.271875
0 0.6828125 0.2640625 0.0796875 0.1890625
0 0.70234375 0.33828125 0.078125 0.190625
0 0.8375 0.25078125 0.0796875 0.19375
0 0.90078125 0.16640625 0.075 0.175
0 0.74921875 0.6390625 0.1 0.303125
0 0.9796875 0.31328125 0.0390625 0.153125
0 0.965625 0.02734375 0.0671875 0.0546875