0 0.3796875 0.60234375 0.3765625 0.6
0 0.40546875 0.5859375 0.26875 0.6234375
0 0.3375 0.3515625 0.125 0.2625
0 0.4828125 0.278125 0.0546875 0.1203125
0 0.5078125 0.30234375 0.05625 0.1234375
0 0.584375 0.22734375 0.075 0.1390625
0 0.5890625 0.21484375 0.065625 0.1140625
0 0.6390625 0.20703125 0.0484375 0.1015625
0 0.66484375 0.2078125 0.0375 0.0921875
0 0.70703125 0.140625 0.0828125 0.2265625
0 0.90859375 0.590625 0.18125 0.6328125
0 0.8 0.709375 0.3734375 0.40625
0 0.73671875 0.553125 0.3890625 0.7078125
0 0.71640625 0.36015625 0.1140625 0.19375
0 0.61015625 0.35 0.1171875 0.271875
0 0.76015625 0.2984375 0.08125 0.15625
0 0.95390625 0.24140625 0.059375 0.1
0 0.4140625 0.2609375 0.10625 0.13125
0 0.5 0.3890625 0.0984375 0.128125
0 0.5296875 0.19296875 0.01875 0.090625
0 0.465625 0.16640625 0.06875 0.06875
0 0.6 0.16171875 0.0109375 0.0390625
0 0.80703125 0.1546875 0.0640625 0.109375
0 0.8390625 0.24375 0.31875 0.1078125