0 0.04375 0.91484375 0.0875 0.1671875
0 0.1515625 0.9328125 0.153125 0.134375
0 0.37578125 0.91171875 0.165625 0.1765625
0 0.4984375 0.95078125 0.08125 0.0953125
0 0.59765625 0.90625 0.1125 0.1875
0 0.71875 0.915625 0.171875 0.165625
0 0.85859375 0.73203125 0.128125 0.16875
0 0.97734375 0.76484375 0.0453125 0.0828125
0 0.459375 0.9 0.021875 0.0921875
0 0.42109375 0.89609375 0.0234375 0.0640625
0 0.40625 0.89765625 0.0140625 0.0421875
0 0.48203125 0.878125 0.0203125 0.06875
0 0.46015625 0.85078125 0.01875 0.0421875
0 0.521875 0.7859375 0.0265625 0.05
0 0.540625 0.8265625 0.015625 0.078125
0 0.55390625 0.82890625 0.01875 0.0734375
0 0.56796875 0.83828125 0.0125 0.04375
0 0.5796875 0.80234375 0.015625 0.0546875
0 0.578125 0.84375 0.0234375 0.04375
0 0.59140625 0.8015625 0.0171875 0.046875
0 0.5765625 0.821875 0.0234375 0.0796875
0 0.4078125 0.82109375 0.015625 0.046875
0 0.2390625 0.89765625 0.025 0.0859375
0 0.2125 0.91796875 0.0265625 0.0953125
0 0.2328125 0.91953125 0.025 0.0890625
0 0.27109375 0.90546875 0.015625 0.075
0 0.2875 0.90078125 0.025 0.0890625
0 0.3171875 0.89375 0.0140625 0.0546875
0 0.321875 0.91953125 0.059375 0.1578125
0 0.10390625 0.89296875 0.01875 0.0703125
0 0.08359375 0.8890625 0.021875 0.04375
0 0.08203125 0.87734375 0.025 0.0390625
0 0.11171875 0.89453125 0.0171875 0.0625
0 0.29921875 0.8703125 0.00625 0.0203125
0 0.309375 0.88515625 0.015625 0.053125
0 0.03671875 0.896875 0.0734375 0.096875
0 0.1375 0.8640625 0.0328125 0.0109375
0 0.18125 0.89609375 0.0328125 0.0703125
0 0.21875 0.875 0.034375 0.025
0 0.2625 0.890625 0.0375 0.065625
0 0.32734375 0.8671875 0.0140625 0.015625
0 0.2203125 0.83515625 0.0203125 0.028125
0 0.3390625 0.8234375 0.1390625 0.0578125
0 0.1015625 0.8328125 0.028125 0.025