0 0.13984375 0.6671875 0.1578125 0.46875
0 0.20078125 0.49609375 0.084375 0.3484375
0 0.38359375 0.703125 0.1140625 0.484375
0 0.31484375 0.53828125 0.096875 0.3640625
0 0.30546875 0.3515625 0.0734375 0.1390625
0 0.37265625 0.37890625 0.06875 0.2671875
0 0.4359375 0.490625 0.0578125 0.3140625
0 0.44140625 0.3609375 0.0703125 0.246875
0 0.50625 0.365625 0.0765625 0.19375
0 0.5203125 0.5578125 0.1015625 0.378125
0 0.54609375 0.33125 0.0546875 0.225
0 0.5875 0.390625 0.053125 0.25625
0 0.6078125 0.48203125 0.0984375 0.359375
0 0.740625 0.36171875 0.059375 0.25625
0 0.6984375 0.4328125 0.0734375 0.3078125
0 0.77734375 0.46953125 0.0859375 0.278125
0 0.66953125 0.63515625 0.10625 0.3890625
0 0.86171875 0.61953125 0.1203125 0.434375