0 0.2515625 0.53203125 0.1890625 0.7
0 0.196875 0.7703125 0.3921875 0.45625
0 0.78828125 0.76328125 0.2609375 0.4703125
0 0.321875 0.384375 0.0859375 0.3640625
0 0.4046875 0.5234375 0.221875 0.671875
0 0.57578125 0.51171875 0.2453125 0.6703125
0 0.76328125 0.4765625 0.25625 0.6265625
0 0.6609375 0.36796875 0.078125 0.321875
0 0.85703125 0.2453125 0.05 0.1140625
0 0.89921875 0.51171875 0.1140625 0.2390625
0 0.9015625 0.41875 0.1 0.1765625
0 0.90703125 0.28203125 0.0625 0.1203125
0 0.94921875 0.38828125 0.1 0.371875
0 0.6234375 0.234375 0.0640625 0.1078125
0 0.96328125 0.21328125 0.071875 0.0703125
0 0.94921875 0.51171875 0.1 0.11875