0 0.2015625 0.68828125 0.2109375 0.3421875
0 0.340625 0.70234375 0.121875 0.3
0 0.4390625 0.68828125 0.1109375 0.3109375
0 0.53515625 0.696875 0.1328125 0.2828125
0 0.65 0.68125 0.159375 0.325
0 0.803125 0.67890625 0.196875 0.3359375
0 0.871875 0.6203125 0.190625 0.41875
0 0.721875 0.61640625 0.1296875 0.309375
0 0.659375 0.528125 0.2484375 0.2046875
0 0.5 0.5234375 0.134375 0.16875
0 0.334375 0.51015625 0.228125 0.1765625
0 0.2875 0.56328125 0.1140625 0.225
0 0.1625 0.64140625 0.175 0.415625
0 0.1609375 0.49375 0.2109375 0.3765625
0 0.22734375 0.4015625 0.1375 0.2375
0 0.28828125 0.34453125 0.109375 0.2421875
0 0.3625 0.4 0.1671875 0.2171875
0 0.41171875 0.26484375 0.0875 0.25625
0 0.51015625 0.3140625 0.1453125 0.3828125
0 0.571875 0.2828125 0.0859375 0.321875
0 0.634375 0.28046875 0.1234375 0.26875
0 0.60390625 0.40703125 0.20625 0.23125
0 0.70703125 0.3734375 0.1640625 0.253125
0 0.77109375 0.38046875 0.15625 0.196875
0 0.840625 0.4609375 0.2015625 0.296875