0 0.47734375 0.7625 0.2109375 0.471875
0 0.5890625 0.71171875 0.196875 0.5765625
0 0.68203125 0.690625 0.15 0.5
0 0.78984375 0.70078125 0.1359375 0.578125
0 0.4125 0.58828125 0.2609375 0.7234375
0 0.48125 0.471875 0.1296875 0.3796875
0 0.584375 0.384375 0.134375 0.3609375
0 0.6703125 0.3828125 0.109375 0.3625
0 0.7421875 0.37421875 0.1046875 0.29375
0 0.6109375 0.2140625 0.0828125 0.221875
0 0.4921875 0.26328125 0.140625 0.353125
0 0.42109375 0.24140625 0.071875 0.2484375
0 0.3546875 0.2203125 0.0921875 0.2703125
0 0.27109375 0.475 0.1640625 0.68125