0 0.73671875 0.79453125 0.321875 0.4078125
0 0.52734375 0.7578125 0.25 0.4390625
0 0.41484375 0.71171875 0.165625 0.3421875
0 0.271875 0.70078125 0.228125 0.353125
0 0.84140625 0.4890625 0.1921875 0.6140625
0 0.78984375 0.41875 0.196875 0.415625
0 0.6734375 0.459375 0.1828125 0.43125
0 0.59140625 0.39140625 0.14375 0.3703125
0 0.54140625 0.40546875 0.2203125 0.45
0 0.39140625 0.4140625 0.209375 0.44375
0 0.23671875 0.46171875 0.1609375 0.478125
0 0.14453125 0.45625 0.1578125 0.55625
0 0.39921875 0.25703125 0.103125 0.1125
0 0.43671875 0.21328125 0.0765625 0.1859375
0 0.54453125 0.2203125 0.071875 0.140625
0 0.64921875 0.1625 0.13125 0.30625
0 0.5375 0.12109375 0.1296875 0.2328125