0 0.12578125 0.578125 0.128125 0.3640625
0 0.3375 0.6265625 0.125 0.3875
0 0.6265625 0.4671875 0.078125 0.503125
0 0.64609375 0.6453125 0.103125 0.2375
0 0.684375 0.56796875 0.0671875 0.2390625
0 0.784375 0.60703125 0.0921875 0.290625
0 0.8890625 0.465625 0.071875 0.4625
0 0.93203125 0.53671875 0.0546875 0.14375
0 0.928125 0.4796875 0.0390625 0.0984375
0 0.88359375 0.58515625 0.05 0.1484375
0 0.84609375 0.50625 0.0140625 0.1375
0 0.78203125 0.51015625 0.0359375 0.1140625
0 0.75234375 0.521875 0.034375 0.165625
0 0.76640625 0.453125 0.0328125 0.0609375
0 0.70078125 0.4734375 0.028125 0.1171875
0 0.6828125 0.51171875 0.028125 0.1203125
0 0.6640625 0.46015625 0.0171875 0.090625
0 0.7109375 0.4828125 0.0390625 0.1140625
0 0.58125 0.49609375 0.0328125 0.1734375
0 0.55859375 0.50546875 0.0671875 0.225
0 0.58125 0.41171875 0.034375 0.0859375
0 0.56015625 0.42265625 0.0109375 0.034375
0 0.53359375 0.403125 0.0265625 0.1
0 0.52421875 0.5078125 0.04375 0.2125
0 0.521875 0.5 0.0359375 0.196875
0 0.47578125 0.390625 0.0390625 0.1078125
0 0.46953125 0.425 0.0421875 0.071875
0 0.4796875 0.50625 0.05625 0.215625
0 0.4453125 0.50390625 0.0671875 0.221875
0 0.43828125 0.3890625 0.03125 0.1171875
0 0.41171875 0.40859375 0.03125 0.1546875
0 0.40234375 0.4984375 0.0609375 0.09375
0 0.3890625 0.45703125 0.0546875 0.140625
0 0.36328125 0.43515625 0.03125 0.0796875
0 0.3390625 0.440625 0.0421875 0.0984375
0 0.3078125 0.4171875 0.028125 0.05625
0 0.27421875 0.4328125 0.0421875 0.1015625
0 0.2453125 0.42890625 0.0390625 0.1015625
0 0.1984375 0.43359375 0.0484375 0.09375
0 0.059375 0.50546875 0.046875 0.2296875
0 0.08125 0.453125 0.0421875 0.15
0 0.13125 0.42890625 0.0640625 0.1046875
0 0.19765625 0.3734375 0.0453125 0.1203125
0 0.16484375 0.425 0.040625 0.10625
0 0.1609375 0.365625 0.040625 0.1078125
0 0.1015625 0.37578125 0.0359375 0.128125
0 0.05078125 0.39375 0.0265625 0.0828125
0 0.2140625 0.4140625 0.0265625 0.0828125
0 0.95234375 0.48125 0.0203125 0.075
0 0.78515625 0.34453125 0.03125 0.0265625
0 0.78671875 0.38515625 0.0296875 0.025
0 0.7734375 0.42265625 0.0109375 0.021875