0 0.140625 0.58984375 0.28125 0.5859375
0 0.1796875 0.6546875 0.359375 0.6625
0 0.334375 0.475 0.0390625 0.071875
0 0.32734375 0.60546875 0.13125 0.303125
0 0.31953125 0.72890625 0.2203125 0.471875
0 0.4453125 0.52421875 0.071875 0.1609375
0 0.5109375 0.72890625 0.21875 0.4453125
0 0.575 0.52890625 0.1 0.1890625
0 0.59140625 0.41875 0.0609375 0.096875
0 0.7203125 0.47265625 0.2546875 0.35625
0 0.821875 0.49453125 0.353125 0.5921875
0 0.7828125 0.7109375 0.43125 0.5734375
0 0.41171875 0.48828125 0.0265625 0.065625
0 0.5015625 0.50078125 0.1140625 0.228125
0 0.56171875 0.415625 0.040625 0.0640625