0 0.103125 0.7125 0.046875 0.271875
0 0.2515625 0.7125 0.0546875 0.2609375
0 0.3234375 0.71328125 0.05 0.2015625
0 0.403125 0.61015625 0.1 0.2015625
0 0.41875 0.7046875 0.0625 0.2625
0 0.4609375 0.67578125 0.0546875 0.221875
0 0.55703125 0.68828125 0.078125 0.265625
0 0.55390625 0.5828125 0.0875 0.16875
0 0.5734375 0.67421875 0.0546875 0.2078125
0 0.69765625 0.590625 0.103125 0.1953125
0 0.70625 0.67578125 0.059375 0.26875
0 0.7109375 0.64921875 0.084375 0.215625
0 0.8859375 0.6515625 0.0671875 0.1953125