0 0.84296875 0.7390625 0.171875 0.51875
0 0.81953125 0.50859375 0.1265625 0.340625
0 0.91328125 0.625 0.146875 0.746875
0 0.86171875 0.278125 0.1765625 0.321875
0 0.7296875 0.5671875 0.1328125 0.8625
0 0.7234375 0.56640625 0.134375 0.8640625
0 0.62109375 0.58515625 0.1484375 0.8265625
0 0.51875 0.26328125 0.23125 0.2578125
0 0.52890625 0.64375 0.146875 0.709375
0 0.4234375 0.653125 0.15 0.690625
0 0.425 0.55859375 0.1859375 0.8796875
0 0.36875 0.26875 0.1140625 0.303125
0 0.3375 0.634375 0.15 0.728125
0 0.26171875 0.7109375 0.221875 0.575
0 0.2109375 0.7109375 0.221875 0.575
0 0.2140625 0.70859375 0.3078125 0.578125
0 0.3109375 0.28203125 0.103125 0.328125
0 0.25078125 0.2015625 0.075 0.134375
0 0.21953125 0.14921875 0.0515625 0.1046875
0 0.246875 0.28671875 0.0390625 0.1578125
0 0.2015625 0.35390625 0.09375 0.334375
0 0.14609375 0.4421875 0.0859375 0.4484375
0 0.15390625 0.190625 0.05625 0.1234375
0 0.10703125 0.503125 0.20625 0.990625
0 0.053125 0.234375 0.09375 0.353125