0 0.7171875 0.75859375 0.2203125 0.3484375
0 0.534375 0.8015625 0.20625 0.3296875
0 0.33515625 0.77734375 0.21875 0.375
0 0.175 0.6328125 0.284375 0.4765625
0 0.1765625 0.4640625 0.209375 0.653125
0 0.33046875 0.590625 0.2265625 0.5234375
0 0.47265625 0.603125 0.165625 0.4875
0 0.6203125 0.57421875 0.16875 0.290625
0 0.83828125 0.62578125 0.1875 0.4796875
0 0.83515625 0.490625 0.1765625 0.6328125
0 0.6953125 0.4703125 0.175 0.5953125
0 0.58046875 0.434375 0.153125 0.559375
0 0.44921875 0.44765625 0.196875 0.678125
0 0.31015625 0.453125 0.184375 0.6546875