0 0.9234375 0.48046875 0.1515625 0.3109375
0 0.8015625 0.55546875 0.0890625 0.25
0 0.7640625 0.48515625 0.05 0.0859375
0 0.6953125 0.4921875 0.059375 0.0828125
0 0.62109375 0.57109375 0.0609375 0.2390625
0 0.53359375 0.4765625 0.028125 0.034375
0 0.5515625 0.478125 0.01875 0.0265625
0 0.26640625 0.56328125 0.1421875 0.559375
0 0.3671875 0.5578125 0.1078125 0.48125
0 0.44921875 0.553125 0.08125 0.384375
0 0.515625 0.22109375 0.025 0.0328125
0 0.48203125 0.228125 0.0328125 0.0390625
0 0.3671875 0.16953125 0.05 0.0484375
0 0.31328125 0.11484375 0.028125 0.0453125
0 0.9046875 0.67890625 0.16875 0.109375
0 0.58203125 0.56328125 0.0484375 0.2265625
0 0.409375 0.56015625 0.05 0.41875
0 0.1671875 0.55390625 0.13125 0.6703125