0 0.25078125 0.609375 0.13125 0.353125
0 0.303125 0.5734375 0.0828125 0.325
0 0.3796875 0.6078125 0.128125 0.3890625
0 0.4921875 0.61875 0.11875 0.325
0 0.50234375 0.4984375 0.034375 0.1140625
0 0.55 0.415625 0.1359375 0.3078125
0 0.56796875 0.68359375 0.16875 0.3015625
0 0.61640625 0.6265625 0.078125 0.34375
0 0.72265625 0.61875 0.1765625 0.3640625
0 0.6703125 0.50859375 0.0484375 0.1234375
0 0.75390625 0.5640625 0.0875 0.3296875
0 0.83828125 0.609375 0.1234375 0.3640625
0 0.39609375 0.61875 0.046875 0.353125