0 0.1078125 0.42578125 0.128125 0.553125
0 0.1234375 0.56328125 0.15625 0.6453125
0 0.16796875 0.2234375 0.0796875 0.24375
0 0.21796875 0.4890625 0.1125 0.4515625
0 0.2140625 0.23828125 0.0421875 0.19375
0 0.24140625 0.23828125 0.0453125 0.19375
0 0.290625 0.39609375 0.0828125 0.4671875
0 0.32109375 0.178125 0.065625 0.2234375
0 0.3546875 0.13984375 0.0296875 0.0921875
0 0.3484375 0.403125 0.078125 0.4640625
0 0.3875 0.221875 0.03125 0.14375
0 0.403125 0.359375 0.075 0.33125
0 0.36015625 0.50078125 0.1625 0.2890625
0 0.465625 0.52109375 0.0828125 0.2703125
0 0.4390625 0.21875 0.0421875 0.1953125
0 0.4359375 0.1171875 0.0578125 0.175
0 0.48046875 0.3375 0.11875 0.35625
0 0.509375 0.3234375 0.0765625 0.328125
0 0.484375 0.140625 0.0453125 0.1046875
0 0.5140625 0.1421875 0.0296875 0.1046875
0 0.53125 0.20546875 0.046875 0.1796875
0 0.528125 0.5125 0.078125 0.2890625
0 0.55390625 0.55390625 0.1234375 0.2265625
0 0.57734375 0.34140625 0.0765625 0.346875
0 0.59453125 0.171875 0.059375 0.184375
0 0.61640625 0.26953125 0.0609375 0.271875
0 0.65 0.17578125 0.0546875 0.140625
0 0.66328125 0.596875 0.13125 0.6796875
0 0.61484375 0.53671875 0.0515625 0.2578125
0 0.64921875 0.5953125 0.0671875 0.1640625
0 0.67265625 0.3 0.0765625 0.21875
0 0.71796875 0.1859375 0.0671875 0.1984375
0 0.78046875 0.16484375 0.1109375 0.2265625
0 0.715625 0.29765625 0.0515625 0.2125
0 0.78515625 0.29921875 0.10625 0.2671875
0 0.74453125 0.4390625 0.08125 0.2984375
0 0.8265625 0.478125 0.1140625 0.353125
0 0.890625 0.5 0.1265625 0.5578125
0 0.77265625 0.73984375 0.1640625 0.51875
0 0.83984375 0.7421875 0.1453125 0.5125
0 0.0234375 0.59453125 0.0453125 0.5796875