0 0.13125 0.61875 0.1921875 0.7578125
0 0.2078125 0.696875 0.1609375 0.603125
0 0.26796875 0.4109375 0.0609375 0.334375
0 0.328125 0.38125 0.071875 0.2546875
0 0.29296875 0.69296875 0.14375 0.6109375
0 0.3625 0.71171875 0.1671875 0.571875
0 0.4515625 0.7078125 0.190625 0.5796875
0 0.6125 0.728125 0.21875 0.540625
0 0.4078125 0.384375 0.090625 0.2203125
0 0.48359375 0.4140625 0.1171875 0.26875
0 0.58984375 0.43828125 0.10625 0.3609375
0 0.6703125 0.3421875 0.121875 0.3078125
0 0.74140625 0.5609375 0.2078125 0.875
0 0.87734375 0.3140625 0.171875 0.3484375
0 0.38359375 0.234375 0.290625 0.396875
0 0.40625 0.278125 0.1234375 0.340625
0 0.4984375 0.1921875 0.059375 0.2078125
0 0.57265625 0.23828125 0.1046875 0.3796875
0 0.65625 0.159375 0.0859375 0.190625
0 0.75390625 0.1640625 0.128125 0.3125