0 0.89765625 0.78671875 0.203125 0.425
0 0.91171875 0.5703125 0.165625 0.2734375
0 0.6984375 0.825 0.56875 0.3484375
0 0.27578125 0.7984375 0.5109375 0.403125
0 0.0921875 0.79765625 0.184375 0.4046875
0 0.36796875 0.60859375 0.1875 0.78125
0 0.7359375 0.5484375 0.1734375 0.34375
0 0.61484375 0.6 0.121875 0.284375
0 0.82890625 0.47578125 0.1171875 0.1421875
0 0.7296875 0.46796875 0.0859375 0.1265625
0 0.74453125 0.4203125 0.0953125 0.065625
0 0.6484375 0.4515625 0.103125 0.209375
0 0.671875 0.41953125 0.0390625 0.103125
0 0.6046875 0.428125 0.0515625 0.09375
0 0.5421875 0.41015625 0.0578125 0.1453125
0 0.55 0.465625 0.059375 0.1609375
0 0.50390625 0.5265625 0.1359375 0.3125
0 0.47421875 0.446875 0.0375 0.1078125
0 0.49296875 0.4234375 0.04375 0.1
0 0.2890625 0.53828125 0.0953125 0.2734375
0 0.2640625 0.39921875 0.0640625 0.1546875
0 0.21328125 0.45546875 0.1046875 0.14375
0 0.1890625 0.5375 0.125 0.2296875
0 0.06328125 0.540625 0.1265625 0.2328125
0 0.29765625 0.42890625 0.0703125 0.0546875