0 0.8484375 0.89609375 0.140625 0.20625
0 0.9484375 0.8890625 0.103125 0.2203125
0 0.3734375 0.91015625 0.1234375 0.178125
0 0.43125 0.88125 0.0796875 0.146875
0 0.18359375 0.9234375 0.1296875 0.1515625
0 0.28046875 0.91171875 0.1140625 0.175
0 0.2796875 0.88359375 0.0953125 0.171875
0 0.11640625 0.88359375 0.15625 0.23125
0 0.8171875 0.6671875 0.1796875 0.253125
0 0.80390625 0.59140625 0.20625 0.3546875
0 0.77421875 0.56875 0.2234375 0.3796875
0 0.5703125 0.56875 0.1265625 0.353125
0 0.503125 0.65859375 0.284375 0.2390625
0 0.45 0.5390625 0.1109375 0.3953125
0 0.35078125 0.590625 0.159375 0.3421875
0 0.29921875 0.715625 0.2015625 0.2546875
0 0.1875 0.58359375 0.25625 0.384375
0 0.21953125 0.5765625 0.225 0.3515625
0 0.940625 0.85625 0.0515625 0.1140625
0 0.471875 0.9171875 0.0765625 0.1640625
0 0.4078125 0.8015625 0.0875 0.0671875
0 0.053125 0.8765625 0.1046875 0.2453125