0 0.81796875 0.725 0.303125 0.5484375
0 0.6390625 0.75390625 0.16875 0.4890625
0 0.7 0.68984375 0.1109375 0.5609375
0 0.92890625 0.52890625 0.06875 0.28125
0 0.86640625 0.415625 0.0671875 0.10625
0 0.7609375 0.46484375 0.0390625 0.171875
0 0.62578125 0.5328125 0.0578125 0.2171875
0 0.5484375 0.53828125 0.0515625 0.2265625
0 0.5953125 0.46484375 0.0265625 0.1078125
0 0.571875 0.4671875 0.0359375 0.1296875
0 0.48984375 0.5265625 0.046875 0.20625
0 0.51328125 0.51015625 0.0296875 0.1671875
0 0.5203125 0.4484375 0.01875 0.0609375
0 0.471875 0.45546875 0.01875 0.0703125
0 0.45859375 0.44921875 0.0109375 0.0421875
0 0.4140625 0.4765625 0.0265625 0.053125
0 0.4171875 0.46953125 0.015625 0.0671875
0 0.3984375 0.47578125 0.0171875 0.0703125
0 0.38515625 0.44921875 0.0109375 0.021875
0 0.33203125 0.51328125 0.0265625 0.125
0 0.29765625 0.49296875 0.028125 0.075
0 0.10625 0.55703125 0.05625 0.1859375
0 0.13046875 0.54296875 0.0390625 0.1015625
0 0.4515625 0.634375 0.090625 0.4
0 0.3796875 0.64609375 0.115625 0.4140625
0 0.29453125 0.740625 0.109375 0.5171875
0 0.19375 0.7375 0.1671875 0.5234375
0 0.70078125 0.42890625 0.0328125 0.075
0 0.3875 0.4484375 0.0453125 0.03125
0 0.43125 0.43828125 0.0203125 0.0265625
0 0.45546875 0.4375 0.0296875 0.03125
0 0.54609375 0.4265625 0.0359375 0.0296875
0 0.6234375 0.428125 0.028125 0.05625
0 0.596875 0.43828125 0.025 0.034375
0 0.34765625 0.51171875 0.015625 0.0265625
0 0.37890625 0.48046875 0.01875 0.0359375
0 0.48671875 0.43046875 0.0203125 0.0203125
0 0.18984375 0.52734375 0.078125 0.0984375