0 0.05078125 0.7671875 0.1015625 0.4625
0 0.115625 0.74296875 0.040625 0.1875
0 0.146875 0.79375 0.0984375 0.4109375
0 0.2125 0.775 0.1703125 0.446875
0 0.26328125 0.625 0.046875 0.1296875
0 0.315625 0.76640625 0.10625 0.465625
0 0.32578125 0.64140625 0.1 0.2421875
0 0.734375 0.79609375 0.1640625 0.4046875
0 0.69453125 0.57421875 0.0234375 0.1015625
0 0.68359375 0.59140625 0.025 0.096875
0 0.66328125 0.5953125 0.01875 0.0890625
0 0.6484375 0.57265625 0.0203125 0.078125
0 0.628125 0.5671875 0.0125 0.0828125
0 0.61953125 0.5546875 0.0109375 0.0484375
0 0.63984375 0.61796875 0.046875 0.1453125
0 0.29140625 0.56171875 0.0328125 0.0703125
0 0.27890625 0.56953125 0.0203125 0.1015625
0 0.259375 0.553125 0.015625 0.0390625
0 0.26875 0.54609375 0.0125 0.0421875
0 0.19921875 0.54609375 0.0265625 0.034375
0 0.75625 0.4828125 0.0203125 0.059375
0 0.81953125 0.47578125 0.0203125 0.05625
0 0.8671875 0.4671875 0.0234375 0.075
0 0.9859375 0.459375 0.0265625 0.0796875
0 0.6328125 0.5421875 0.0140625 0.0296875
0 0.20703125 0.54921875 0.0765625 0.0671875
0 0.51953125 0.546875 0.025 0.0328125