0 0.8296875 0.6296875 0.0859375 0.3546875
0 0.74609375 0.6171875 0.0890625 0.340625
0 0.6359375 0.61953125 0.0640625 0.3375
0 0.475 0.61953125 0.0875 0.3484375
0 0.34296875 0.61015625 0.0859375 0.365625
0 0.25 0.64921875 0.090625 0.340625
0 0.228125 0.57734375 0.0828125 0.3546875
0 0.07265625 0.66171875 0.053125 0.1890625
0 0.53359375 0.4625 0.04375 0.18125
0 0.51484375 0.4328125 0.0296875 0.1390625
0 0.60625 0.4296875 0.04375 0.1703125
0 0.59296875 0.446875 0.0203125 0.09375
0 0.678125 0.4828125 0.0546875 0.2125
0 0.7515625 0.4484375 0.0484375 0.11875
0 0.85859375 0.4890625 0.0484375 0.1703125
0 0.81171875 0.4390625 0.0359375 0.1484375
0 0.8359375 0.4171875 0.025 0.096875
0 0.8625 0.38984375 0.0453125 0.1046875
0 0.90234375 0.40390625 0.028125 0.0984375
0 0.975 0.38515625 0.01875 0.071875
0 0.75234375 0.38046875 0.01875 0.0421875
0 0.734375 0.39921875 0.0203125 0.0796875
0 0.7359375 0.36484375 0.0125 0.0234375
0 0.76640625 0.3796875 0.01875 0.059375
0 0.79921875 0.3734375 0.015625 0.053125
0 0.809375 0.3625 0.0109375 0.0328125
0 0.8140625 0.35390625 0.0125 0.0203125
0 0.825 0.36171875 0.0125 0.0359375
0 0.93125 0.34921875 0.0078125 0.0328125
0 0.9234375 0.3484375 0.0078125 0.028125
0 0.83515625 0.3609375 0.0140625 0.03125
0 0.85703125 0.35546875 0.0109375 0.025
0 0.83984375 0.3578125 0.0109375 0.0359375
0 0.8484375 0.346875 0.0078125 0.01875
0 0.896875 0.36015625 0.0109375 0.034375
0 0.90625 0.3609375 0.0125 0.0390625
0 0.91015625 0.34765625 0.009375 0.01875
0 0.890625 0.35234375 0.0109375 0.0375
0 0.8765625 0.35625 0.0109375 0.0234375
0 0.87890625 0.34453125 0.0125 0.015625
0 0.88203125 0.36328125 0.0109375 0.040625
0 0.890625 0.3375 0.05 0.0125
0 0.97578125 0.3359375 0.028125 0.0328125
0 0.79453125 0.334375 0.0140625 0.0203125
0 0.94140625 0.34140625 0.0046875 0.0140625