0 0.428125 0.90546875 0.0484375 0.178125
0 0.5453125 0.865625 0.0421875 0.1609375
0 0.5640625 0.80390625 0.021875 0.078125
0 0.7140625 0.7703125 0.046875 0.0875
0 0.725 0.8046875 0.0265625 0.1140625
0 0.7765625 0.8484375 0.0453125 0.13125
0 0.8171875 0.84609375 0.04375 0.146875
0 0.490625 0.7328125 0.034375 0.1296875
0 0.50234375 0.671875 0.0234375 0.059375
0 0.390625 0.69609375 0.025 0.1203125
0 0.41328125 0.6890625 0.0359375 0.1265625
0 0.39140625 0.63125 0.0234375 0.0421875
0 0.4234375 0.65390625 0.025 0.09375
0 0.34140625 0.62265625 0.03125 0.0953125
0 0.4 0.5921875 0.0265625 0.0859375
0 0.453125 0.6078125 0.025 0.0953125
0 0.5921875 0.5875 0.0234375 0.078125
0 0.6203125 0.5875 0.03125 0.0828125
0 0.64609375 0.5875 0.0234375 0.0890625
0 0.57109375 0.5140625 0.0203125 0.065625
0 0.55234375 0.51484375 0.0203125 0.0734375
0 0.53046875 0.52109375 0.015625 0.0546875
0 0.5125 0.5171875 0.01875 0.0609375
0 0.34453125 0.478125 0.021875 0.0625
0 0.3609375 0.459375 0.0203125 0.06875
0 0.37421875 0.465625 0.015625 0.06875
0 0.38984375 0.4625 0.0171875 0.0640625
0 0.46640625 0.44921875 0.01875 0.0421875
0 0.478125 0.4578125 0.015625 0.053125
0 0.49296875 0.44765625 0.0109375 0.0515625
0 0.503125 0.4515625 0.0125 0.05
0 0.39296875 0.39296875 0.0109375 0.0390625
0 0.34453125 0.3859375 0.0125 0.04375
0 0.3609375 0.38359375 0.0109375 0.03125
0 0.3703125 0.38125 0.0125 0.0390625
0 0.0796875 0.51796875 0.0203125 0.0734375
0 0.10625 0.52421875 0.0234375 0.0609375
0 0.1265625 0.5234375 0.025 0.0796875
0 0.20390625 0.25859375 0.0125 0.078125
0 0.215625 0.23671875 0.0328125 0.0515625
0 0.2328125 0.26015625 0.015625 0.071875
0 0.24453125 0.23515625 0.0234375 0.0484375
0 0.52265625 0.2765625 0.0125 0.0625
0 0.5265625 0.278125 0.015625 0.0515625
0 0.54609375 0.278125 0.015625 0.0546875
0 0.78984375 0.27109375 0.0234375 0.053125
0 0.409375 0.4140625 0.01875 0.034375
0 0.44375 0.41484375 0.0359375 0.0421875
0 0.48984375 0.43125 0.0390625 0.0734375
0 0.1578125 0.4375 0.053125 0.0890625
0 0.528125 0.2171875 0.0234375 0.05
0 0.67890625 0.2671875 0.0296875 0.03125
0 0.7078125 0.2734375 0.015625 0.0546875
0 0.7484375 0.28046875 0.028125 0.065625
0 0.9203125 0.2984375 0.1015625 0.0890625
0 0.8453125 0.75078125 0.0546875 0.1828125
0 0.72578125 0.6015625 0.0328125 0.1421875
0 0.68046875 0.53203125 0.0359375 0.159375
0 0.36640625 0.36875 0.015625 0.025
0 0.38046875 0.35234375 0.0078125 0.03125
0 0.53828125 0.25625 0.0140625 0.0296875
0 0.584375 0.26796875 0.0109375 0.040625