0 0.85078125 0.73203125 0.2234375 0.534375
0 0.7578125 0.8203125 0.090625 0.359375
0 0.6953125 0.48671875 0.05 0.31875
0 0.83671875 0.4 0.046875 0.134375
0 0.990625 0.4109375 0.01875 0.1578125
0 0.61796875 0.49765625 0.10625 0.396875
0 0.52734375 0.48046875 0.0703125 0.3140625
0 0.384375 0.51484375 0.0859375 0.3796875
0 0.33046875 0.60390625 0.190625 0.5921875
0 0.184375 0.509375 0.1 0.384375
0 0.54765625 0.35078125 0.0234375 0.0546875
0 0.14765625 0.88203125 0.2953125 0.053125
0 0.61875 0.98828125 0.2203125 0.0203125