0 0.40390625 0.73359375 0.2328125 0.4328125
0 0.24140625 0.72890625 0.159375 0.40625
0 0.165625 0.68828125 0.0828125 0.2640625
0 0.1015625 0.64296875 0.059375 0.15625
0 0.575 0.621875 0.065625 0.1359375
0 0.53359375 0.61953125 0.0984375 0.1375
0 0.28828125 0.5796875 0.075 0.059375
0 0.5890625 0.57421875 0.028125 0.028125
0 0.49765625 0.59765625 0.103125 0.0859375
0 0.4546875 0.525 0.0390625 0.0328125
0 0.58125 0.5265625 0.0375 0.034375
0 0.20390625 0.47265625 0.05625 0.0875
0 0.2890625 0.48828125 0.040625 0.0625
0 0.52890625 0.44609375 0.0375 0.0265625