0 0.87109375 0.8140625 0.165625 0.36875
0 0.9359375 0.5796875 0.096875 0.4390625
0 0.85703125 0.57421875 0.10625 0.35625
0 0.81640625 0.4890625 0.0859375 0.328125
0 0.7296875 0.4578125 0.0828125 0.3171875
0 0.6578125 0.48828125 0.1265625 0.35
0 0.6046875 0.496875 0.0546875 0.3671875
0 0.57578125 0.48046875 0.05625 0.3765625
0 0.5359375 0.42578125 0.0921875 0.253125
0 0.45390625 0.39140625 0.078125 0.190625
0 0.48125 0.340625 0.05 0.109375
0 0.38125 0.4 0.078125 0.2453125
0 0.309375 0.37109375 0.09375 0.2390625
0 0.24296875 0.42265625 0.1171875 0.3109375
0 0.18984375 0.32265625 0.0671875 0.1515625
0 0.2515625 0.26640625 0.0359375 0.021875
0 0.14296875 0.57421875 0.1546875 0.5671875
0 0.23359375 0.72109375 0.2 0.465625
0 0.3328125 0.63828125 0.1296875 0.4984375
0 0.38515625 0.55234375 0.1 0.3296875
0 0.47109375 0.55078125 0.1078125 0.2859375
0 0.52578125 0.50234375 0.0734375 0.203125
0 0.4296875 0.78125 0.1796875 0.4109375
0 0.54609375 0.75625 0.125 0.359375
0 0.640625 0.7296875 0.1296875 0.3265625
0 0.67578125 0.59609375 0.1140625 0.175
0 0.74296875 0.734375 0.121875 0.30625