0 0.03125 0.59765625 0.0625 0.20625
0 0.08203125 0.70625 0.1640625 0.390625
0 0.1640625 0.75546875 0.175 0.29375
0 0.29140625 0.80703125 0.25 0.3828125
0 0.01796875 0.3375 0.0359375 0.3765625
0 0.17265625 0.309375 0.0375 0.334375
0 0.40234375 0.14609375 0.015625 0.03125
0 0.5625 0.1515625 0.028125 0.071875
0 0.80625 0.634375 0.19375 0.728125
0 0.61875 0.6953125 0.24375 0.60625
0 0.46484375 0.5953125 0.1640625 0.5484375
0 0.32734375 0.540625 0.1859375 0.434375
0 0.23515625 0.4609375 0.11875 0.43125
0 0.41015625 0.30703125 0.1125 0.221875
0 0.478125 0.3453125 0.103125 0.271875
0 0.64765625 0.5765625 0.1875 0.5390625
0 0.609375 0.32109375 0.146875 0.3578125
0 0.71015625 0.3796875 0.1 0.4796875
0 0.8984375 0.6234375 0.1390625 0.75
0 0.95703125 0.55234375 0.084375 0.734375
0 0.0875 0.15546875 0.0203125 0.05625
0 0.65390625 0.22421875 0.06875 0.16875
0 0.471875 0.9078125 0.09375 0.1765625
0 0.97265625 0.68203125 0.053125 0.6109375