0 0.16953125 0.18671875 0.0203125 0.0578125
0 0.16328125 0.20859375 0.0265625 0.06875
0 0.0875 0.24140625 0.01875 0.0859375
0 0.184375 0.20234375 0.021875 0.06875
0 0.1859375 0.21640625 0.0234375 0.078125
0 0.1984375 0.2125 0.0203125 0.05
0 0.18125 0.259375 0.0265625 0.1078125
0 0.1671875 0.2421875 0.0296875 0.103125
0 0.21015625 0.328125 0.0671875 0.2359375
0 0.2890625 0.33984375 0.065625 0.2765625
0 0.31953125 0.26484375 0.034375 0.146875
0 0.34140625 0.33671875 0.0625 0.309375
0 0.13203125 0.46328125 0.1765625 0.5421875
0 0.38984375 0.559375 0.153125 0.684375
0 0.48984375 0.49140625 0.1328125 0.646875
0 0.6203125 0.47734375 0.121875 0.59375
0 0.71796875 0.52578125 0.16875 0.6640625
0 0.06875 0.1390625 0.0234375 0.0546875
0 0.1203125 0.159375 0.01875 0.0609375