0 0.90078125 0.65625 0.196875 0.6859375
0 0.89609375 0.35390625 0.184375 0.26875
0 0.659375 0.5515625 0.44375 0.8953125
0 0.4859375 0.5859375 0.175 0.675
0 0.30390625 0.65703125 0.6078125 0.6828125
0 0.28203125 0.55 0.178125 0.38125
0 0.30390625 0.54921875 0.234375 0.7140625
0 0.0796875 0.31171875 0.159375 0.4234375
0 0.16328125 0.27734375 0.0859375 0.1328125
0 0.77265625 0.32578125 0.159375 0.2921875
0 0.01328125 0.18984375 0.0265625 0.2015625
0 0.24453125 0.3078125 0.0265625 0.046875
0 0.36171875 0.36328125 0.115625 0.1484375
0 0.46484375 0.20703125 0.09375 0.1625