0 0.03203125 0.36171875 0.0640625 0.5203125
0 0.1 0.21171875 0.021875 0.0546875
0 0.11484375 0.21484375 0.0125 0.0484375
0 0.12265625 0.2140625 0.0125 0.0484375
0 0.2234375 0.2125 0.0171875 0.04375
0 0.23046875 0.22109375 0.015625 0.04375
0 0.1796875 0.3921875 0.175 0.603125
0 0.28828125 0.35546875 0.1109375 0.4578125
0 0.3296875 0.20078125 0.015625 0.0359375
0 0.3375 0.21640625 0.0078125 0.034375
0 0.3796875 0.19453125 0.0140625 0.025
0 0.38828125 0.3328125 0.0765625 0.2796875
0 0.48984375 0.54765625 0.328125 0.7109375
0 0.45234375 0.34609375 0.0875 0.3765625
0 0.5234375 0.240625 0.0875 0.2
0 0.60859375 0.3828125 0.11875 0.490625
0 0.80546875 0.33125 0.103125 0.365625
0 0.69765625 0.29765625 0.075 0.309375
0 0.65078125 0.28984375 0.059375 0.29375
0 0.6296875 0.2015625 0.0390625 0.071875
0 0.4890625 0.18828125 0.0203125 0.05625
0 0.46953125 0.2578125 0.0390625 0.18125
0 0.471875 0.18359375 0.034375 0.0625
0 0.55234375 0.221875 0.0625 0.109375
0 0.74375 0.2109375 0.0484375 0.015625