0 0.1640625 0.4546875 0.03125 0.0453125
0 0.19453125 0.45703125 0.0171875 0.01875
0 0.22265625 0.4640625 0.01875 0.028125
0 0.259375 0.49140625 0.090625 0.140625
0 0.3484375 0.4234375 0.0625 0.0625
0 0.3765625 0.428125 0.0328125 0.0546875
0 0.40859375 0.43125 0.0671875 0.0765625
0 0.48515625 0.63828125 0.5625 0.6703125
0 0.55625 0.38046875 0.2359375 0.1765625
0 0.64140625 0.39375 0.103125 0.1125
0 0.77109375 0.55859375 0.2796875 0.3421875
0 0.80234375 0.48359375 0.140625 0.3328125
0 0.853125 0.4796875 0.1171875 0.275
0 0.90078125 0.5140625 0.1921875 0.4296875
0 0.31796875 0.51484375 0.125 0.0859375
0 0.321875 0.41484375 0.0234375 0.0125
0 0.890625 0.53671875 0.090625 0.1375