0 0.12265625 0.4171875 0.1140625 0.25
0 0.184375 0.42734375 0.0765625 0.1640625
0 0.159375 0.475 0.0796875 0.1875
0 0.25390625 0.378125 0.0671875 0.096875
0 0.3171875 0.37734375 0.040625 0.08125
0 0.3375 0.43046875 0.0703125 0.0890625
0 0.37421875 0.3984375 0.115625 0.1671875
0 0.36953125 0.34453125 0.075 0.13125
0 0.26640625 0.4171875 0.109375 0.1609375
0 0.1046875 0.65625 0.10625 0.3625
0 0.171875 0.61875 0.10625 0.2140625
0 0.18984375 0.56796875 0.0671875 0.2203125
0 0.2515625 0.52578125 0.071875 0.1734375
0 0.3046875 0.56796875 0.0828125 0.24375
0 0.3484375 0.48515625 0.0546875 0.134375
0 0.3796875 0.62734375 0.071875 0.34375
0 0.4140625 0.34765625 0.0703125 0.115625
0 0.421875 0.415625 0.0796875 0.0984375
0 0.41640625 0.49765625 0.153125 0.328125
0 0.46171875 0.35390625 0.0390625 0.06875
0 0.48671875 0.37265625 0.075 0.16875
0 0.50234375 0.403125 0.078125 0.125
0 0.46171875 0.45703125 0.0765625 0.109375
0 0.45390625 0.59375 0.0875 0.309375
0 0.51953125 0.60390625 0.078125 0.2953125
0 0.55390625 0.5921875 0.0703125 0.325
0 0.52890625 0.45625 0.028125 0.0609375
0 0.58984375 0.48125 0.0421875 0.0796875
0 0.55859375 0.3875 0.0515625 0.109375
0 0.53828125 0.365625 0.05625 0.1109375
0 0.5953125 0.40703125 0.1015625 0.178125
0 0.62734375 0.42578125 0.090625 0.1515625
0 0.6203125 0.4234375 0.075 0.14375
0 0.671875 0.41171875 0.046875 0.1359375
0 0.69765625 0.428125 0.0625 0.0953125
0 0.70546875 0.459375 0.090625 0.1046875
0 0.66171875 0.61953125 0.065625 0.35
0 0.7515625 0.6359375 0.140625 0.4
0 0.75546875 0.34609375 0.15625 0.1359375
0 0.76171875 0.44375 0.05 0.1375
0 0.828125 0.39453125 0.13125 0.0703125
0 0.84609375 0.50390625 0.0609375 0.284375
0 0.80390625 0.4390625 0.121875 0.0953125
0 0.84375 0.53203125 0.096875 0.24375
0 0.80078125 0.6296875 0.078125 0.3328125
0 0.95703125 0.56171875 0.084375 0.16875
0 0.0953125 0.75390625 0.190625 0.2640625
0 0.2296875 0.7859375 0.1078125 0.3125
0 0.28671875 0.83515625 0.1421875 0.30625
0 0.271875 0.64375 0.0953125 0.203125
0 0.36171875 0.6703125 0.0890625 0.340625
0 0.43046875 0.7453125 0.0890625 0.2796875
0 0.50078125 0.828125 0.1078125 0.3046875
0 0.59609375 0.8359375 0.0796875 0.2953125
0 0.69296875 0.83515625 0.103125 0.3015625
0 0.91328125 0.78046875 0.171875 0.378125
0 0.7421875 0.44765625 0.04375 0.096875
0 0.62109375 0.61640625 0.1171875 0.309375
0 0.7234375 0.6296875 0.09375 0.2734375
0 0.14921875 0.40625 0.059375 0.1125
0 0.28984375 0.4046875 0.028125 0.075
0 0.13359375 0.07265625 0.025 0.046875
0 0.59140625 0.07890625 0.03125 0.0515625
0 0.93984375 0.08515625 0.0375 0.0453125