0 0.07421875 0.52890625 0.1484375 0.4953125
0 0.24140625 0.5609375 0.2015625 0.446875
0 0.43203125 0.59453125 0.2890625 0.3828125
0 0.56015625 0.55390625 0.1953125 0.465625
0 0.84609375 0.65546875 0.3 0.61875
0 0.6484375 0.49765625 0.1140625 0.4421875
0 0.75546875 0.45 0.1359375 0.346875
0 0.50546875 0.39609375 0.1109375 0.2875
0 0.3515625 0.359375 0.19375 0.346875
0 0.16796875 0.3078125 0.103125 0.225
0 0.21796875 0.35078125 0.1140625 0.2125
0 0.1046875 0.29296875 0.0703125 0.125
0 0.278125 0.28046875 0.0671875 0.103125
0 0.47421875 0.2578125 0.0546875 0.1125
0 0.5984375 0.27578125 0.0734375 0.1734375
0 0.6859375 0.29765625 0.0828125 0.1984375
0 0.859375 0.29140625 0.0828125 0.1125
0 0.940625 0.36796875 0.1171875 0.25
0 0.75390625 0.3078125 0.096875 0.146875
0 0.484375 0.19296875 0.0984375 0.175
0 0.85390625 0.26640625 0.0765625 0.1296875
0 0.40703125 0.19609375 0.0890625 0.103125
0 0.85 0.834375 0.2984375 0.328125
0 0.675 0.2390625 0.11875 0.1265625
0 0.80703125 0.2234375 0.0796875 0.075
0 0.94765625 0.43515625 0.1015625 0.4765625
0 0.55390625 0.23515625 0.046875 0.1015625
0 0.8484375 0.34375 0.0984375 0.171875
0 0.08203125 0.40625 0.0625 0.190625