0 0.1359375 0.54375 0.06875 0.2734375
0 0.19609375 0.56953125 0.0859375 0.26875
0 0.25859375 0.515625 0.04375 0.146875
0 0.2390625 0.490625 0.0234375 0.1171875
0 0.2640625 0.49609375 0.025 0.1421875
0 0.2796875 0.49609375 0.0234375 0.1296875
0 0.28359375 0.46015625 0.025 0.08125
0 0.31015625 0.59375 0.1171875 0.28125
0 0.39765625 0.5546875 0.0515625 0.2140625
0 0.44296875 0.5421875 0.0671875 0.253125
0 0.38046875 0.49296875 0.0328125 0.125
0 0.4640625 0.46640625 0.0234375 0.065625
0 0.478125 0.48046875 0.0171875 0.0890625
0 0.49296875 0.49921875 0.025 0.1265625
0 0.51484375 0.53515625 0.0578125 0.20625
0 0.53515625 0.453125 0.01875 0.0453125
0 0.55078125 0.4953125 0.03125 0.11875
0 0.56171875 0.4515625 0.015625 0.028125
0 0.5765625 0.47265625 0.034375 0.0515625
0 0.61640625 0.64765625 0.1296875 0.471875
0 0.63515625 0.459375 0.028125 0.075
0 0.65078125 0.471875 0.0328125 0.0953125
0 0.6828125 0.5 0.0484375 0.1578125
0 0.725 0.496875 0.0359375 0.1234375
0 0.77734375 0.52890625 0.0546875 0.23125
0 0.75546875 0.53671875 0.015625 0.1171875
0 0.8296875 0.53203125 0.059375 0.2375
0 0.41328125 0.45 0.028125 0.065625
0 0.51171875 0.440625 0.1453125 0.0296875
0 0.65 0.4359375 0.0453125 0.0375
0 0.7078125 0.5046875 0.025 0.0625
0 0.82421875 0.440625 0.0328125 0.0546875
0 0.93984375 0.48359375 0.109375 0.253125
0 0.29375 0.2890625 0.040625 0.053125
0 0.27265625 0.39140625 0.03125 0.046875
0 0.75390625 0.53359375 0.0171875 0.121875
0 0.02109375 0.45703125 0.0421875 0.325