0 0.0484375 0.77734375 0.096875 0.4421875
0 0.17578125 0.75546875 0.115625 0.4859375
0 0.115625 0.66796875 0.0796875 0.2265625
0 0.23984375 0.7640625 0.0640625 0.3671875
0 0.27265625 0.6359375 0.05 0.215625
0 0.33359375 0.74296875 0.13125 0.5109375
0 0.3890625 0.7828125 0.0546875 0.3671875
0 0.41640625 0.68046875 0.0609375 0.16875
0 0.446875 0.59609375 0.0375 0.071875
0 0.4625 0.80625 0.0875 0.384375
0 0.515625 0.76328125 0.06875 0.3453125
0 0.58203125 0.81953125 0.1078125 0.359375
0 0.60859375 0.67578125 0.065625 0.1234375
0 0.66015625 0.74765625 0.071875 0.2578125
0 0.6734375 0.66640625 0.0609375 0.20625
0 0.728125 0.79765625 0.1515625 0.4015625
0 0.8625 0.71015625 0.2734375 0.5765625
0 0.2828125 0.81796875 0.053125 0.3140625
0 0.36796875 0.80859375 0.06875 0.3796875
0 0.69609375 0.71328125 0.0234375 0.090625
0 0.484375 0.66796875 0.053125 0.1046875