0 0.7484375 0.546875 0.103125 0.4875
0 0.72421875 0.5421875 0.0765625 0.475
0 0.675 0.553125 0.078125 0.45
0 0.5953125 0.55078125 0.0953125 0.4734375
0 0.5625 0.53671875 0.0515625 0.44375
0 0.63125 0.54140625 0.034375 0.4046875
0 0.52265625 0.5234375 0.0640625 0.375
0 0.453125 0.55703125 0.090625 0.3671875
0 0.35703125 0.503125 0.125 0.5390625
0 0.44140625 0.3984375 0.03125 0.0671875
0 0.43671875 0.35703125 0.0265625 0.0390625
0 0.284375 0.525 0.0734375 0.371875
0 0.23515625 0.515625 0.0828125 0.3890625
0 0.159375 0.525 0.0453125 0.284375
0 0.18046875 0.51796875 0.0328125 0.2375
0 0.49609375 0.40390625 0.04375 0.0625
0 0.25859375 0.396875 0.0484375 0.1125
0 0.31640625 0.64375 0.0546875 0.109375
0 0.17734375 0.4 0.0703125 0.0796875
0 0.615625 0.33515625 0.0203125 0.0828125
0 0.5546875 0.321875 0.03125 0.028125
0 0.4859375 0.58984375 0.0328125 0.1453125
0 0.1296875 0.4125 0.0109375 0.0296875
0 0.12890625 0.609375 0.0109375 0.025
0 0.24921875 0.59453125 0.0234375 0.0875