0 0.96328125 0.7859375 0.0703125 0.428125
0 0.9828125 0.615625 0.0265625 0.11875
0 0.92578125 0.740625 0.0578125 0.34375
0 0.8765625 0.740625 0.0609375 0.31875
0 0.73515625 0.79296875 0.25625 0.4109375
0 0.715625 0.7203125 0.3703125 0.55625
0 0.59609375 0.765625 0.20625 0.465625
0 0.84296875 0.58671875 0.0421875 0.1171875
0 0.7015625 0.64296875 0.090625 0.1875
0 0.68515625 0.54296875 0.05 0.121875
0 0.66640625 0.61484375 0.05625 0.1375
0 0.7421875 0.56015625 0.028125 0.10625
0 0.7203125 0.53671875 0.021875 0.0359375
0 0.7328125 0.521875 0.0203125 0.0328125
0 0.70625 0.51875 0.0203125 0.05625
0 0.65 0.5765625 0.0390625 0.1203125
0 0.66015625 0.51875 0.03125 0.0671875
0 0.68125 0.49375 0.021875 0.0640625
0 0.6359375 0.52890625 0.03125 0.0734375
0 0.625 0.5078125 0.015625 0.034375
0 0.64921875 0.47890625 0.0390625 0.0890625
0 0.66328125 0.4453125 0.028125 0.0765625
0 0.615625 0.4953125 0.021875 0.071875
0 0.59296875 0.50234375 0.0125 0.0859375
0 0.61875 0.434375 0.0265625 0.0625
0 0.62578125 0.41796875 0.0171875 0.0296875
0 0.59375 0.428125 0.0125 0.071875
0 0.57890625 0.41640625 0.0109375 0.065625
0 0.50859375 0.76328125 0.1515625 0.46875
0 0.509375 0.60546875 0.0703125 0.15
0 0.47734375 0.61171875 0.05625 0.165625
0 0.57265625 0.5046875 0.0234375 0.0609375
0 0.54453125 0.5046875 0.0359375 0.053125
0 0.56171875 0.43515625 0.0125 0.103125
0 0.5578125 0.4390625 0.01875 0.0890625
0 0.528125 0.43984375 0.03125 0.06875
0 0.528125 0.48359375 0.01875 0.0515625
0 0.496875 0.534375 0.025 0.1015625
0 0.47890625 0.49453125 0.0296875 0.0578125
0 0.490625 0.46796875 0.0203125 0.0421875
0 0.47109375 0.484375 0.015625 0.05
0 0.4359375 0.52890625 0.0375 0.0796875
0 0.4234375 0.53515625 0.0203125 0.121875
0 0.45 0.50625 0.015625 0.05
0 0.4484375 0.48125 0.0203125 0.028125
0 0.45234375 0.50546875 0.0234375 0.10625
0 0.45390625 0.45234375 0.01875 0.0375
0 0.50390625 0.44296875 0.028125 0.071875
0 0.47421875 0.42890625 0.0234375 0.06875
0 0.48828125 0.43984375 0.0125 0.021875
0 0.45 0.43828125 0.0265625 0.0515625
0 0.53125 0.43203125 0.0265625 0.096875
0 0.5203125 0.39609375 0.01875 0.0390625
0 0.51171875 0.41640625 0.021875 0.0515625
0 0.49921875 0.41640625 0.021875 0.0546875
0 0.48515625 0.4078125 0.0171875 0.0421875
0 0.43984375 0.43359375 0.021875 0.0640625
0 0.46328125 0.3984375 0.01875 0.04375
0 0.41484375 0.78984375 0.1125 0.40625
0 0.44921875 0.6671875 0.0484375 0.171875
0 0.4453125 0.65703125 0.0546875 0.190625
0 0.3703125 0.76328125 0.0796875 0.4328125
0 0.36484375 0.56171875 0.0296875 0.0546875
0 0.3453125 0.60234375 0.04375 0.0828125
0 0.26328125 0.79765625 0.13125 0.4015625
0 0.3171875 0.76484375 0.0546875 0.4125
0 0.29375 0.5671875 0.0453125 0.0796875
0 0.27734375 0.57890625 0.0359375 0.05
0 0.2859375 0.5296875 0.0265625 0.05625
0 0.16953125 0.7734375 0.1046875 0.45
0 0.2328125 0.75625 0.0671875 0.41875
0 0.21640625 0.5625 0.0421875 0.0890625
0 0.259375 0.56328125 0.03125 0.0578125
0 0.1328125 0.76875 0.053125 0.39375
0 0.14765625 0.55234375 0.025 0.0484375
0 0.14609375 0.54453125 0.071875 0.059375
0 0.16875 0.5484375 0.021875 0.034375
0 0.0484375 0.77265625 0.096875 0.4515625
0 0.0796875 0.76328125 0.096875 0.46875
0 0.090625 0.57578125 0.03125 0.096875
0 0.0859375 0.55625 0.034375 0.1015625
0 0.03671875 0.559375 0.0203125 0.125
0 0.9921875 0.63984375 0.0140625 0.1640625
0 0.95 0.5921875 0.0234375 0.0640625
0 0.83046875 0.4734375 0.0203125 0.0234375
0 0.7203125 0.47265625 0.05625 0.0375
0 0.71484375 0.50703125 0.0140625 0.021875
0 0.5234375 0.59609375 0.025 0.0546875
0 0.5171875 0.49609375 0.0234375 0.06875
0 0.50390625 0.47265625 0.009375 0.021875
0 0.43125 0.46796875 0.03125 0.028125
0 0.475 0.46015625 0.0125 0.015625
0 0.4890625 0.39296875 0.0140625 0.021875
0 0.45859375 0.41875 0.0140625 0.03125
0 0.4125 0.390625 0.0640625 0.0328125
0 0.40078125 0.56328125 0.03125 0.0515625
0 0.315625 0.5546875 0.03125 0.0625
0 0.19609375 0.49296875 0.0453125 0.0578125