0 0.18671875 0.69140625 0.059375 0.3140625
0 0.24296875 0.69375 0.084375 0.3171875
0 0.3328125 0.69375 0.075 0.33125
0 0.4328125 0.6859375 0.0765625 0.3234375
0 0.5078125 0.69609375 0.0765625 0.2890625
0 0.59296875 0.7109375 0.078125 0.34375
0 0.68984375 0.7125 0.0984375 0.4125
0 0.72265625 0.73125 0.03125 0.1984375
0 0.76015625 0.68515625 0.071875 0.3171875
0 0.88203125 0.540625 0.0171875 0.071875
0 0.89296875 0.5234375 0.0265625 0.1125
0 0.946875 0.50078125 0.0375 0.109375
0 0.14765625 0.53203125 0.06875 0.03125
0 0.92578125 0.7390625 0.1140625 0.1609375