0 0.1984375 0.61015625 0.2796875 0.6
0 0.2390625 0.55703125 0.428125 0.6984375
0 0.5265625 0.68828125 0.246875 0.6234375
0 0.503125 0.34765625 0.1765625 0.3203125
0 0.75234375 0.6328125 0.2921875 0.734375
0 0.6921875 0.24140625 0.2109375 0.2375
0 0.865625 0.56875 0.2671875 0.8609375
0 0.95859375 0.39921875 0.08125 0.5875
0 0.440625 0.18984375 0.071875 0.1125
0 0.5421875 0.28203125 0.1578125 0.2578125
0 0.61171875 0.2015625 0.0546875 0.184375
0 0.66015625 0.1109375 0.075 0.1265625
0 0.7859375 0.1078125 0.0703125 0.109375
0 0.134375 0.31796875 0.2671875 0.30625
0 0.3203125 0.23359375 0.10625 0.0953125
0 0.5703125 0.19765625 0.0515625 0.0484375
0 0.41640625 0.190625 0.0203125 0.0171875
0 0.80703125 0.06875 0.3859375 0.1375
0 0.88125 0.17109375 0.1015625 0.053125