0 0.87265625 0.75390625 0.0234375 0.075
0 0.8453125 0.76953125 0.040625 0.11875
0 0.415625 0.5640625 0.0640625 0.1046875
0 0.4578125 0.67109375 0.04375 0.278125
0 0.67265625 0.696875 0.0390625 0.24375
0 0.540625 0.69453125 0.0390625 0.2203125
0 0.22265625 0.69453125 0.040625 0.1828125
0 0.17734375 0.690625 0.0421875 0.2296875
0 0.01796875 0.63671875 0.0359375 0.1953125
0 0.0609375 0.6875 0.046875 0.2234375
0 0.08515625 0.68515625 0.0359375 0.221875
0 0.0921875 0.72890625 0.028125 0.1328125
0 0.7671875 0.76796875 0.11875 0.084375
0 0.8578125 0.63359375 0.0484375 0.10625
0 0.45625 0.746875 0.409375 0.1203125
0 0.29296875 0.6484375 0.0828125 0.0796875
0 0.23359375 0.7515625 0.025 0.0890625
0 0.1375 0.67578125 0.053125 0.2421875
0 0.0625 0.73671875 0.09375 0.1125