0 0.909375 0.2578125 0.075 0.353125
0 0.8265625 0.31015625 0.1046875 0.4875
0 0.70234375 0.65859375 0.3109375 0.6796875
0 0.5078125 0.6484375 0.33125 0.703125
0 0.2390625 0.63046875 0.378125 0.7359375
0 0.0546875 0.453125 0.109375 0.6375
0 0.215625 0.275 0.1453125 0.3875
0 0.11875 0.3078125 0.0609375 0.1734375
0 0.06953125 0.3015625 0.0390625 0.1203125
0 0.27578125 0.2890625 0.0375 0.078125
0 0.309375 0.25703125 0.0359375 0.0703125
0 0.5515625 0.403125 0.078125 0.1046875
0 0.625 0.2484375 0.0546875 0.234375
0 0.575 0.3109375 0.0703125 0.3484375
0 0.64921875 0.2328125 0.04375 0.184375
0 0.6859375 0.2640625 0.0328125 0.1
0 0.67109375 0.2671875 0.0203125 0.10625
0 0.090625 0.28671875 0.025 0.0875
0 0.9453125 0.2609375 0.10625 0.51875
0 0.08359375 0.5421875 0.0328125 0.0359375
0 0.1484375 0.325 0.0203125 0.121875
0 0.11015625 0.25703125 0.0515625 0.034375
0 0.60546875 0.34375 0.0359375 0.2828125