0 0.6078125 0.8046875 0.0046875 0.015625
0 0.61171875 0.8078125 0.0046875 0.01875
0 0.62109375 0.8046875 0.00625 0.021875
0 0.45390625 0.7765625 0.0125 0.04375
0 0.46171875 0.77109375 0.0109375 0.0265625
0 0.5015625 0.7625 0.009375 0.015625
0 0.48203125 0.7828125 0.0125 0.05625
0 0.46640625 0.79140625 0.025 0.078125
0 0.49765625 0.79140625 0.0234375 0.078125
0 0.4 0.7859375 0.0359375 0.1015625
0 0.37890625 0.80546875 0.03125 0.1359375
0 0.3609375 0.82890625 0.0546875 0.15625
0 0.30390625 0.8328125 0.05 0.18125
0 0.5703125 0.775 0.0734375 0.03125
0 0.47890625 0.7828125 0.0328125 0.0484375
0 0.50234375 0.7796875 0.0109375 0.053125
0 0.39765625 0.80234375 0.021875 0.065625