0 0.11875 0.615625 0.075 0.2796875
0 0.44453125 0.628125 0.03125 0.121875
0 0.46171875 0.57578125 0.025 0.075
0 0.48359375 0.62109375 0.04375 0.140625
0 0.53046875 0.6296875 0.0421875 0.184375
0 0.5953125 0.65 0.0265625 0.165625
0 0.61875 0.60078125 0.046875 0.125
0 0.5546875 0.784375 0.075 0.2578125
0 0.5546875 0.79375 0.0734375 0.2484375
0 0.63984375 0.76875 0.071875 0.4171875
0 0.65234375 0.76015625 0.109375 0.4640625
0 0.72734375 0.540625 0.0359375 0.0546875
0 0.7140625 0.7796875 0.075 0.4390625
0 0.765625 0.578125 0.0453125 0.1109375
0 0.76171875 0.7703125 0.1734375 0.4578125
0 0.815625 0.78671875 0.0515625 0.4234375
0 0.85078125 0.63515625 0.0609375 0.1875
0 0.88671875 0.77109375 0.08125 0.45625
0 0.90390625 0.67890625 0.09375 0.2109375
0 0.92265625 0.77109375 0.153125 0.45625
0 0.55546875 0.61484375 0.0515625 0.1203125
0 0.94453125 0.55234375 0.040625 0.0515625
0 0.15 0.615625 0.0421875 0.1921875
0 0.5 0.5578125 0.196875 0.1171875