0 0.0859375 0.584375 0.171875 0.69375
0 0.184375 0.5578125 0.14375 0.7484375
0 0.27578125 0.51015625 0.0796875 0.6234375
0 0.31875 0.5734375 0.115625 0.659375
0 0.421875 0.5359375 0.115625 0.7296875
0 0.46015625 0.603125 0.1375 0.7203125
0 0.51015625 0.28984375 0.0421875 0.1734375
0 0.534375 0.371875 0.0484375 0.26875
0 0.584375 0.55703125 0.1328125 0.73125
0 0.68359375 0.56640625 0.1046875 0.765625
0 0.7453125 0.29375 0.0828125 0.2671875
0 0.75078125 0.51640625 0.0703125 0.5578125
0 0.82265625 0.55390625 0.165625 0.7015625
0 0.8796875 0.46796875 0.0765625 0.615625
0 0.9453125 0.490625 0.1078125 0.74375
0 0.24453125 0.28828125 0.0453125 0.109375
0 0.37890625 0.27421875 0.03125 0.1046875
0 0.15078125 0.72421875 0.03125 0.1890625
0 0.19921875 0.728125 0.028125 0.153125
0 0.240625 0.72421875 0.0265625 0.2203125
0 0.15078125 0.26796875 0.021875 0.0609375
0 0.31953125 0.2515625 0.034375 0.040625
0 0.37734375 0.6875 0.0375 0.190625
0 0.465625 0.253125 0.0671875 0.08125
0 0.6265625 0.25 0.1078125 0.109375
0 0.603125 0.77421875 0.0328125 0.14375
0 0.546875 0.81875 0.0296875 0.146875
0 0.83359375 0.23828125 0.028125 0.1171875