0 0.81015625 0.6140625 0.0859375 0.3859375
0 0.6515625 0.615625 0.0828125 0.4109375
0 0.58125 0.61953125 0.096875 0.440625
0 0.4390625 0.58046875 0.1875 0.43125
0 0.32890625 0.6234375 0.1109375 0.36875
0 0.16640625 0.4515625 0.0640625 0.08125
0 0.39921875 0.609375 0.09375 0.346875
0 0.05078125 0.65390625 0.1015625 0.0296875
0 0.27578125 0.65703125 0.0171875 0.0140625
0 0.34921875 0.653125 0.00625 0.009375
0 0.5296875 0.725 0.0125 0.0171875
0 0.509375 0.69765625 0.0046875 0.0125
0 0.52109375 0.63671875 0.003125 0.0109375
0 0.45234375 0.7234375 0.003125 0.0125