0 0.0640625 0.7953125 0.0953125 0.4078125
0 0.20390625 0.63671875 0.0609375 0.096875
0 0.33984375 0.63515625 0.0609375 0.2125
0 0.3921875 0.63671875 0.0703125 0.215625
0 0.45625 0.63828125 0.0609375 0.2125
0 0.47421875 0.5671875 0.034375 0.1015625
0 0.5359375 0.6453125 0.040625 0.1984375
0 0.53515625 0.64140625 0.05625 0.16875
0 0.51328125 0.5765625 0.0265625 0.10625
0 0.546875 0.55703125 0.01875 0.075
0 0.56953125 0.53515625 0.01875 0.034375
0 0.575 0.559375 0.0234375 0.0625
0 0.6015625 0.5328125 0.021875 0.028125
0 0.61953125 0.56171875 0.0328125 0.0734375
0 0.6375 0.5453125 0.0203125 0.04375
0 0.653125 0.56328125 0.0203125 0.065625
0 0.6671875 0.5671875 0.040625 0.0703125
0 0.63203125 0.61796875 0.05 0.1296875
0 0.58984375 0.5765625 0.040625 0.0671875
0 0.5828125 0.6828125 0.08125 0.2625
0 0.72578125 0.6453125 0.046875 0.203125
0 0.7765625 0.6140625 0.046875 0.10625
0 0.79921875 0.6578125 0.0875 0.1796875
0 0.8234375 0.80546875 0.121875 0.3859375
0 0.96171875 0.790625 0.075 0.415625
0 0.66015625 0.78984375 0.1359375 0.41875
0 0.709375 0.653125 0.0484375 0.153125
0 0.0078125 0.9234375 0.015625 0.134375
0 0.59296875 0.528125 0.159375 0.04375
0 0.52734375 0.559375 0.01875 0.025
0 0.64140625 0.565625 0.0125 0.0375