0 0.8125 0.634375 0.125 0.725
0 0.73515625 0.5546875 0.065625 0.390625
0 0.875 0.5140625 0.046875 0.309375
0 0.57421875 0.584375 0.071875 0.475
0 0.5109375 0.6078125 0.109375 0.5828125
0 0.371875 0.715625 0.15 0.565625
0 0.2375 0.646875 0.1015625 0.4578125
0 0.1515625 0.65625 0.090625 0.4796875
0 0.1828125 0.421875 0.01875 0.1
0 0.19609375 0.4265625 0.0171875 0.09375
0 0.2328125 0.428125 0.0296875 0.075
0 0.25078125 0.43515625 0.021875 0.121875
0 0.16015625 0.41328125 0.0140625 0.0828125
0 0.275 0.415625 0.0140625 0.078125
0 0.41875 0.41875 0.021875 0.0765625
0 0.45 0.40859375 0.0140625 0.0671875
0 0.64296875 0.4578125 0.0265625 0.1625
0 0.66171875 0.459375 0.028125 0.1578125
0 0.675 0.45 0.034375 0.1609375
0 0.628125 0.453125 0.015625 0.125
0 0.615625 0.4234375 0.0140625 0.0859375
0 0.6015625 0.41640625 0.0140625 0.08125
0 0.76328125 0.4078125 0.0109375 0.05625
0 0.77890625 0.3953125 0.0109375 0.0546875
0 0.7875 0.390625 0.0109375 0.0546875
0 0.2640625 0.41484375 0.015625 0.0765625
0 0.225 0.403125 0.015625 0.046875
0 0.94296875 0.40859375 0.1125 0.078125
0 0.84375 0.3921875 0.0203125 0.0375
0 0.7046875 0.38671875 0.0515625 0.046875
0 0.5515625 0.3859375 0.028125 0.053125
0 0.625 0.371875 0.0546875 0.0203125
0 0.05546875 0.48828125 0.1109375 0.29375
0 0.1328125 0.4078125 0.0453125 0.06875
0 0.2578125 0.3734375 0.01875 0.028125
0 0.34375 0.3953125 0.128125 0.0765625
0 0.4828125 0.3859375 0.0515625 0.05625
0 0.425 0.37890625 0.0375 0.0453125
0 0.2109375 0.403125 0.0171875 0.0375
0 0.2296875 0.37578125 0.021875 0.0265625
0 0.19375 0.3734375 0.0109375 0.015625
0 0.171875 0.4046875 0.009375 0.0546875
0 0.23984375 0.39609375 0.0078125 0.028125