0 0.81015625 0.61796875 0.271875 0.7609375
0 0.7234375 0.63671875 0.09375 0.5046875
0 0.953125 0.50078125 0.0515625 0.2
0 0.93359375 0.47265625 0.01875 0.0859375
0 0.91328125 0.46484375 0.03125 0.0734375
0 0.8875 0.45078125 0.01875 0.05625
0 0.67890625 0.4828125 0.0328125 0.153125
0 0.7203125 0.4453125 0.0203125 0.0890625
0 0.634375 0.57734375 0.090625 0.428125
0 0.571875 0.6625 0.121875 0.671875
0 0.4640625 0.60703125 0.084375 0.6484375
0 0.32265625 0.52890625 0.4703125 0.9390625
0 0.40234375 0.4265625 0.196875 0.734375
0 0.1828125 0.70234375 0.090625 0.3953125
0 0.0859375 0.64375 0.171875 0.709375
0 0.77109375 0.421875 0.025 0.071875