0 0.83828125 0.7109375 0.0859375 0.3890625
0 0.884375 0.71484375 0.0484375 0.1234375
0 0.69921875 0.62109375 0.034375 0.1046875
0 0.5984375 0.6828125 0.0421875 0.246875
0 0.4984375 0.6390625 0.046875 0.1625
0 0.45859375 0.63515625 0.0484375 0.1625
0 0.48203125 0.60546875 0.0171875 0.0734375
0 0.41953125 0.63515625 0.0390625 0.159375
0 0.375 0.62890625 0.0546875 0.171875
0 0.3328125 0.60078125 0.01875 0.0671875
0 0.359375 0.6015625 0.0171875 0.06875
0 0.30390625 0.64296875 0.0328125 0.1328125
0 0.225 0.65234375 0.0296875 0.0875
0 0.2109375 0.6296875 0.0296875 0.1296875
0 0.2484375 0.61640625 0.021875 0.10625
0 0.2671875 0.61171875 0.0296875 0.1125
0 0.2984375 0.58359375 0.0234375 0.0484375
0 0.3140625 0.57578125 0.015625 0.0328125
0 0.321875 0.59140625 0.0109375 0.0421875
0 0.61875 0.615625 0.0234375 0.075
0 0.40703125 0.60078125 0.0140625 0.0515625
0 0.27890625 0.58515625 0.015625 0.03125
0 0.0796875 0.58515625 0.0171875 0.0578125
0 0.3046875 0.575 0.0109375 0.0234375
0 0.44609375 0.58984375 0.0125 0.0296875