0 0.09921875 0.503125 0.0359375 0.053125
0 0.1734375 0.490625 0.05 0.0421875
0 0.15 0.49296875 0.0234375 0.0171875
0 0.18203125 0.5734375 0.1140625 0.178125
0 0.27265625 0.5796875 0.128125 0.2078125
0 0.325 0.5109375 0.046875 0.065625
0 0.4375 0.56484375 0.1015625 0.1890625
0 0.37734375 0.709375 0.2046875 0.4625
0 0.459375 0.5140625 0.0515625 0.059375
0 0.51171875 0.53046875 0.103125 0.1078125
0 0.5640625 0.76328125 0.309375 0.4703125
0 0.6765625 0.72890625 0.1921875 0.540625
0 0.7359375 0.65 0.121875 0.3265625
0 0.87578125 0.65703125 0.2390625 0.3625
0 0.9359375 0.78359375 0.125 0.4296875
0 0.253125 0.50234375 0.034375 0.0359375
0 0.334375 0.48046875 0.0359375 0.0203125
0 0.209375 0.48828125 0.0453125 0.0171875
0 0.5734375 0.5046875 0.059375 0.0671875
0 0.97109375 0.5421875 0.0546875 0.096875
0 0.8265625 0.56796875 0.0734375 0.0625
0 0.8140625 0.49921875 0.0453125 0.0484375
0 0.85234375 0.4984375 0.028125 0.0265625