0 0.2375 0.5453125 0.0625 0.115625
0 0.28125 0.509375 0.0359375 0.040625
0 0.32578125 0.503125 0.115625 0.078125
0 0.3890625 0.50703125 0.04375 0.0546875
0 0.4109375 0.528125 0.053125 0.0828125
0 0.35078125 0.62421875 0.190625 0.26875
0 0.47890625 0.6640625 0.109375 0.1796875
0 0.50078125 0.5890625 0.1671875 0.23125
0 0.60078125 0.63125 0.1328125 0.2671875
0 0.64453125 0.58515625 0.115625 0.1390625
0 0.6296875 0.5171875 0.0390625 0.059375
0 0.70234375 0.55859375 0.065625 0.1421875
0 0.7578125 0.57421875 0.084375 0.1515625
0 0.79609375 0.54609375 0.065625 0.1375
0 0.82890625 0.540625 0.034375 0.1
0 0.859375 0.5265625 0.0546875 0.075
0 0.9046875 0.50859375 0.05 0.0390625
0 0.9578125 0.503125 0.053125 0.0390625
0 0.9578125 0.5734375 0.0828125 0.1625
0 0.8859375 0.57890625 0.125 0.1625
0 0.14453125 0.4734375 0.0640625 0.034375
0 0.2890625 0.48203125 0.0484375 0.01875
0 0.3015625 0.4953125 0.0265625 0.0125
0 0.3578125 0.4921875 0.028125 0.0171875
0 0.5671875 0.49765625 0.0625 0.0328125
0 0.61171875 0.4921875 0.0234375 0.0140625
0 0.6671875 0.50234375 0.046875 0.0375
0 0.7265625 0.5015625 0.0296875 0.028125
0 0.77109375 0.4984375 0.03125 0.0171875
0 0.9890625 0.52265625 0.0203125 0.0578125