0 0.3171875 0.15859375 0.0140625 0.078125
0 0.48671875 0.18359375 0.0265625 0.146875
0 0.4921875 0.1765625 0.0390625 0.1671875
0 0.534375 0.20078125 0.0234375 0.165625
0 0.54375 0.20546875 0.0359375 0.178125
0 0.58515625 0.12421875 0.0203125 0.0625
0 0.60546875 0.1375 0.015625 0.075
0 0.6203125 0.1375 0.015625 0.0421875
0 0.5953125 0.2234375 0.0578125 0.2453125
0 0.6515625 0.1484375 0.0125 0.0921875
0 0.65 0.153125 0.0203125 0.0796875
0 0.7265625 0.23515625 0.06875 0.29375
0 0.12265625 0.43203125 0.140625 0.55625
0 0.1984375 0.4265625 0.1203125 0.625
0 0.4453125 0.571875 0.2 0.853125
0 0.890625 0.59296875 0.2078125 0.8109375