0 0.22734375 0.590625 0.040625 0.1078125
0 0.24296875 0.5765625 0.0296875 0.1109375
0 0.265625 0.575 0.01875 0.08125
0 0.27890625 0.59140625 0.03125 0.10625
0 0.27265625 0.5421875 0.0078125 0.0125
0 0.27578125 0.734375 0.0671875 0.2640625
0 0.3421875 0.71015625 0.1 0.31875
0 0.85234375 0.5546875 0.0328125 0.05
0 0.38671875 0.52421875 0.009375 0.028125
0 0.30625 0.521875 0.009375 0.0203125
0 0.253125 0.5609375 0.015625 0.040625
0 0.23203125 0.54765625 0.00625 0.015625
0 0.271875 0.52890625 0.0515625 0.025