0 0.18984375 0.49609375 0.3765625 0.9921875
0 0.73046875 0.49921875 0.396875 0.9984375
0 0.51640625 0.3734375 0.5234375 0.746875
0 0.63515625 0.4953125 0.6234375 0.9796875
0 0.20234375 0.49921875 0.353125 0.9984375
0 0.0765625 0.2546875 0.153125 0.509375
0 0.75859375 0.3484375 0.371875 0.2421875
0 0.728125 0.81953125 0.21875 0.359375
0 0.66015625 0.1109375 0.20625 0.221875
0 0.4109375 0.7890625 0.2953125 0.4140625
0 0.35546875 0.1515625 0.040625 0.303125
0 0.91796875 0.7328125 0.1640625 0.5328125
0 0.97109375 0.43046875 0.05625 0.075
0 0.39375 0.42109375 0.1546875 0.1421875