0 0.2796875 0.57265625 0.1328125 0.3625
0 0.32421875 0.41640625 0.0578125 0.2328125
0 0.41953125 0.390625 0.053125 0.1921875
0 0.40546875 0.4609375 0.09375 0.121875
0 0.4046875 0.465625 0.09375 0.1140625
0 0.5796875 0.47734375 0.0671875 0.128125
0 0.53515625 0.63359375 0.1359375 0.2859375
0 0.66953125 0.51875 0.1078125 0.1359375
0 0.90078125 0.4875 0.0875 0.1546875
0 0.9671875 0.4921875 0.0609375 0.1421875
0 0.79296875 0.6890625 0.2390625 0.4296875
0 0.490625 0.7265625 0.228125 0.4828125
0 0.634375 0.4265625 0.0671875 0.2234375
0 0.76953125 0.27734375 0.021875 0.0421875
0 0.7 0.3921875 0.034375 0.028125
0 0.9484375 0.71953125 0.1015625 0.2390625
0 0.30859375 0.2828125 0.0390625 0.0546875
0 0.371875 0.28125 0.0296875 0.05
0 0.4171875 0.2765625 0.034375 0.0546875
0 0.51953125 0.315625 0.040625 0.0734375
0 0.92890625 0.47734375 0.0203125 0.0421875
0 0.8671875 0.51015625 0.034375 0.0671875
0 0.78515625 0.59375 0.040625 0.103125
0 0.475 0.3890625 0.040625 0.0484375
0 0.93359375 0.34609375 0.078125 0.1078125