0 0.765625 0.39609375 0.0140625 0.0515625
0 0.5515625 0.44453125 0.1015625 0.3625
0 0.49453125 0.36328125 0.0484375 0.10625
0 0.45859375 0.45234375 0.065625 0.2484375
0 0.44765625 0.47890625 0.0828125 0.30625
0 0.39453125 0.43515625 0.05625 0.2703125
0 0.3078125 0.43828125 0.0453125 0.234375
0 0.2875 0.43359375 0.0375 0.2171875
0 0.34765625 0.42734375 0.08125 0.3609375
0 0.22890625 0.4234375 0.053125 0.2734375
0 0.25078125 0.44765625 0.0859375 0.334375
0 0.1921875 0.4515625 0.0359375 0.21875
0 0.16484375 0.4828125 0.0671875 0.2859375
0 0.11640625 0.45625 0.0546875 0.2546875
0 0.08046875 0.41953125 0.0546875 0.265625
0 0.05546875 0.4265625 0.0296875 0.246875
0 0.03046875 0.47578125 0.0609375 0.3828125
0 0.9109375 0.390625 0.1390625 0.0484375
0 0.6703125 0.37578125 0.0515625 0.0234375
0 0.62890625 0.3859375 0.015625 0.0171875
0 0.6125 0.37890625 0.0125 0.01875
0 0.7984375 0.378125 0.0078125 0.0234375
0 0.74140625 0.38046875 0.025 0.0375