0 0.40234375 0.50546875 0.0390625 0.096875
0 0.4640625 0.47578125 0.0296875 0.0328125
0 0.584375 0.56171875 0.0359375 0.1125
0 0.60625 0.54375 0.0234375 0.0375
0 0.63359375 0.58203125 0.015625 0.0703125
0 0.79140625 0.63046875 0.0390625 0.2140625
0 0.83671875 0.54609375 0.04375 0.0609375
0 0.8296875 0.60078125 0.0578125 0.1515625
0 0.83671875 0.6328125 0.04375 0.146875
0 0.8875 0.6765625 0.0546875 0.25
0 0.91796875 0.5671875 0.03125 0.0859375
0 0.94375 0.75546875 0.0734375 0.4859375
0 0.9609375 0.72890625 0.0765625 0.278125
0 0.88125 0.7609375 0.0765625 0.465625
0 0.84296875 0.85703125 0.0484375 0.2828125
0 0.82578125 0.76796875 0.0328125 0.178125
0 0.7140625 0.80234375 0.140625 0.3921875
0 0.40546875 0.778125 0.1328125 0.440625
0 0.34453125 0.6328125 0.065625 0.09375
0 0.2875 0.7734375 0.146875 0.45
0 0.34921875 0.55859375 0.0515625 0.109375
0 0.54453125 0.5921875 0.03125 0.0484375
0 0.4765625 0.66796875 0.071875 0.2953125
0 0.3078125 0.578125 0.04375 0.140625
0 0.284375 0.52578125 0.034375 0.0484375
0 0.23359375 0.5421875 0.0296875 0.078125
0 0.215625 0.63984375 0.0453125 0.2609375
0 0.184375 0.575 0.0375 0.0828125
0 0.18046875 0.5578125 0.0375 0.0828125
0 0.16328125 0.521875 0.0171875 0.028125
0 0.15546875 0.55234375 0.0203125 0.075
0 0.13203125 0.603125 0.071875 0.175
0 0.1109375 0.590625 0.0375 0.121875
0 0.10078125 0.53125 0.0453125 0.05625
0 0.07109375 0.78828125 0.1421875 0.41875
0 0.01875 0.60625 0.0375 0.159375
0 0.009375 0.77890625 0.0171875 0.28125
0 0.08671875 0.6375 0.028125 0.075
0 0.09296875 0.58046875 0.0265625 0.0640625
0 0.0390625 0.57890625 0.0375 0.090625
0 0.0171875 0.5296875 0.034375 0.0859375
0 0.375 0.540625 0.034375 0.03125
0 0.4203125 0.53671875 0.021875 0.0296875
0 0.57265625 0.53125 0.009375 0.021875
0 0.61875 0.55078125 0.0234375 0.0296875
0 0.634375 0.540625 0.0078125 0.0125
0 0.6625 0.55859375 0.0125 0.0171875
0 0.696875 0.58046875 0.05 0.059375
0 0.771875 0.57421875 0.028125 0.0890625
0 0.81015625 0.565625 0.0203125 0.090625
0 0.81171875 0.690625 0.0125 0.053125
0 0.85859375 0.55546875 0.0203125 0.0453125
0 0.82421875 0.54375 0.0109375 0.015625
0 0.88984375 0.5328125 0.040625 0.04375
0 0.97734375 0.57421875 0.04375 0.0984375
0 0.6203125 0.46328125 0.0203125 0.0140625
0 0.97421875 0.83125 0.0484375 0.334375
0 0.43515625 0.61015625 0.0171875 0.05625
0 0.371875 0.58984375 0.0546875 0.059375
0 0.31640625 0.5875 0.0296875 0.0515625
0 0.32890625 0.54375 0.0078125 0.028125
0 0.25625 0.5515625 0.0390625 0.0703125
0 0.22421875 0.534375 0.015625 0.025
0 0.16171875 0.54921875 0.0359375 0.078125
0 0.11953125 0.525 0.0140625 0.009375
0 0.103125 0.53671875 0.0171875 0.0203125
0 0.05859375 0.55234375 0.015625 0.0484375
0 0.0375 0.52265625 0.028125 0.0265625
0 0.10703125 0.90625 0.0234375 0.0359375