0 0.984375 0.69609375 0.0296875 0.2
0 0.96953125 0.5890625 0.059375 0.31875
0 0.946875 0.5734375 0.0515625 0.271875
0 0.9453125 0.5671875 0.0609375 0.2359375
0 0.89375 0.559375 0.0453125 0.2640625
0 0.86796875 0.575 0.0546875 0.3390625
0 0.834375 0.57109375 0.05625 0.2734375
0 0.771875 0.46171875 0.015625 0.0484375
0 0.784375 0.5984375 0.078125 0.365625
0 0.73359375 0.603125 0.0984375 0.425
0 0.62265625 0.63515625 0.103125 0.48125
0 0.678125 0.621875 0.0453125 0.3640625
0 0.61015625 0.71484375 0.05625 0.2421875
0 0.55546875 0.46640625 0.0375 0.1390625
0 0.5359375 0.63515625 0.071875 0.471875
0 0.4671875 0.709375 0.1453125 0.5734375
0 0.4171875 0.5796875 0.0546875 0.3078125
0 0.365625 0.5609375 0.0625 0.2515625
0 0.290625 0.7 0.1453125 0.5328125
0 0.24765625 0.51640625 0.04375 0.1328125
0 0.1703125 0.65234375 0.1421875 0.553125
0 0.21484375 0.609375 0.0671875 0.3671875
0 0.21953125 0.47734375 0.03125 0.090625
0 0.12734375 0.66484375 0.1015625 0.425
0 0.0515625 0.60078125 0.0671875 0.365625
0 0.0578125 0.59140625 0.0546875 0.284375
0 0.9203125 0.61484375 0.0171875 0.059375
0 0.91171875 0.521875 0.01875 0.18125
0 0.9328125 0.50859375 0.0203125 0.1390625
0 0.98046875 0.46796875 0.0078125 0.025
0 0.49140625 0.459375 0.0359375 0.0828125
0 0.31015625 0.45 0.015625 0.0484375
0 0.19453125 0.4203125 0.0234375 0.0234375
0 0.11953125 0.459375 0.0265625 0.0390625