0 0.090625 0.69453125 0.0265625 0.13125
0 0.15546875 0.628125 0.0171875 0.0734375
0 0.24609375 0.578125 0.0125 0.0296875
0 0.2703125 0.653125 0.021875 0.0875
0 0.29765625 0.68671875 0.0234375 0.0984375
0 0.309375 0.67734375 0.015625 0.1140625
0 0.290625 0.775 0.0515625 0.1609375
0 0.73515625 0.6171875 0.0203125 0.0921875
0 0.775 0.70625 0.046875 0.1515625
0 0.5328125 0.72734375 0.0453125 0.1453125
0 0.55 0.653125 0.0234375 0.0828125
0 0.58984375 0.7578125 0.059375 0.1953125
0 0.55390625 0.7109375 0.021875 0.1296875
0 0.56484375 0.7328125 0.0265625 0.1578125
0 0.8453125 0.659375 0.0265625 0.121875
0 0.79921875 0.625 0.0171875 0.0765625
0 0.81796875 0.6515625 0.0328125 0.10625
0 0.98671875 0.7109375 0.025 0.153125
0 0.965625 0.66953125 0.03125 0.10625
0 0.9921875 0.628125 0.0140625 0.0578125
0 0.96171875 0.61484375 0.028125 0.0515625
0 0.0265625 0.70703125 0.053125 0.196875
0 0.19375 0.60390625 0.0359375 0.078125
0 0.28828125 0.56171875 0.059375 0.046875
0 0.6703125 0.58203125 0.01875 0.065625
0 0.8421875 0.5875 0.0515625 0.040625
0 0.89609375 0.61796875 0.025 0.10625
0 0.9625 0.62109375 0.040625 0.0515625
0 0.81328125 0.6203125 0.01875 0.08125
0 0.71796875 0.54765625 0.0140625 0.028125
0 0.4171875 0.5515625 0.0140625 0.028125
0 0.6015625 0.56484375 0.0484375 0.0625