0 0.1296875 0.59375 0.08125 0.2734375
0 0.24453125 0.56640625 0.075 0.2484375
0 0.29296875 0.6125 0.1125 0.2421875
0 0.36796875 0.33125 0.109375 0.265625
0 0.52109375 0.29375 0.08125 0.2359375
0 0.59453125 0.3953125 0.10625 0.234375
0 0.440625 0.3828125 0.1015625 0.234375
0 0.4796875 0.45390625 0.0953125 0.2625
0 0.49609375 0.84140625 0.078125 0.0984375
0 0.615625 0.7546875 0.1296875 0.2609375
0 0.596875 0.6875 0.065625 0.20625
0 0.69609375 0.575 0.0984375 0.246875
0 0.74609375 0.64140625 0.1203125 0.2828125
0 0.81953125 0.7078125 0.0890625 0.1828125
0 0.159375 0.15390625 0.175 0.3078125
0 0.96171875 0.04453125 0.0640625 0.0890625