0 0.0359375 0.696875 0.071875 0.25
0 0.10703125 0.65859375 0.1953125 0.240625
0 0.2390625 0.5859375 0.1109375 0.1890625
0 0.23046875 0.5734375 0.090625 0.1625
0 0.38359375 0.55234375 0.0625 0.109375
0 0.06640625 0.4625 0.03125 0.1046875
0 0.17109375 0.4171875 0.021875 0.0234375
0 0.20234375 0.4296875 0.0140625 0.0109375
0 0.20703125 0.42265625 0.01875 0.025
0 0.2390625 0.4515625 0.0265625 0.078125
0 0.3390625 0.49453125 0.0203125 0.040625
0 0.35859375 0.496875 0.03125 0.0515625
0 0.39609375 0.49765625 0.0234375 0.04375
0 0.421875 0.50390625 0.03125 0.0546875
0 0.40703125 0.49140625 0.01875 0.040625
0 0.36171875 0.4859375 0.0328125 0.0421875
0 0.43046875 0.4984375 0.021875 0.0578125
0 0.43671875 0.47578125 0.0109375 0.01875
0 0.375 0.48125 0.0171875 0.03125
0 0.45703125 0.51484375 0.0125 0.03125
0 0.49765625 0.4921875 0.025 0.05
0 0.51796875 0.4984375 0.028125 0.0578125
0 0.53671875 0.4765625 0.015625 0.0421875
0 0.55078125 0.48046875 0.0171875 0.0234375
0 0.5609375 0.515625 0.03125 0.0953125
0 0.5796875 0.51640625 0.0234375 0.0765625
0 0.58984375 0.48671875 0.0203125 0.040625
0 0.64296875 0.51484375 0.0421875 0.0953125
0 0.64921875 0.471875 0.0109375 0.01875
0 0.6546875 0.48515625 0.009375 0.0359375
0 0.66875 0.48828125 0.015625 0.0421875
0 0.72421875 0.484375 0.0125 0.025
0 0.715625 0.49609375 0.01875 0.0625
0 0.753125 0.47265625 0.015625 0.034375
0 0.7703125 0.49453125 0.01875 0.0671875
0 0.84609375 0.484375 0.028125 0.0390625
0 0.8515625 0.47578125 0.0171875 0.0421875
0 0.85 0.47578125 0.0171875 0.0421875
0 0.92421875 0.509375 0.03125 0.0890625
0 0.95625 0.49375 0.0375 0.0578125
0 0.9703125 0.49609375 0.05625 0.1296875
0 0.121875 0.421875 0.065625 0.025
0 0.165625 0.41875 0.0078125 0.0109375
0 0.28515625 0.4296875 0.0203125 0.0140625
0 0.33203125 0.4421875 0.053125 0.01875
0 0.3890625 0.47734375 0.0359375 0.0234375
0 0.6046875 0.484375 0.0125 0.0390625
0 0.709375 0.48046875 0.0078125 0.0390625