0 0.9609375 0.49609375 0.075 0.2625
0 0.91015625 0.47421875 0.078125 0.2890625
0 0.86484375 0.40546875 0.0234375 0.0625
0 0.98203125 0.4109375 0.015625 0.084375
0 0.83671875 0.578125 0.1 0.390625
0 0.684375 0.5890625 0.109375 0.378125
0 0.56328125 0.5390625 0.078125 0.29375
0 0.62265625 0.5265625 0.059375 0.26875
0 0.53046875 0.42265625 0.0234375 0.06875
0 0.54140625 0.4125 0.015625 0.0625
0 0.4734375 0.4078125 0.0171875 0.059375
0 0.4296875 0.4609375 0.05625 0.065625
0 0.38515625 0.4640625 0.0609375 0.0875
0 0.34609375 0.46640625 0.05 0.0875
0 0.2890625 0.6 0.1140625 0.390625
0 0.225 0.63515625 0.078125 0.1484375
0 0.2390625 0.4640625 0.0671875 0.1625
0 0.2140625 0.45390625 0.034375 0.1078125
0 0.2578125 0.4140625 0.0171875 0.0296875
0 0.14765625 0.47890625 0.0546875 0.0578125
0 0.16171875 0.4609375 0.0453125 0.06875
0 0.09140625 0.42734375 0.0203125 0.059375
0 0.0796875 0.42578125 0.01875 0.0625
0 0.04296875 0.50234375 0.0546875 0.0984375
0 0.55390625 0.390625 0.025 0.0375
0 0.64375 0.4078125 0.0234375 0.075
0 0.62265625 0.384375 0.015625 0.028125
0 0.19921875 0.446875 0.0265625 0.040625
0 0.128125 0.41875 0.0125 0.0328125
0 0.9765625 0.37421875 0.0296875 0.0359375
0 0.0125 0.51015625 0.025 0.0890625
0 0.57578125 0.4109375 0.03125 0.0734375
0 0.66015625 0.39765625 0.025 0.065625
0 0.609375 0.4078125 0.015625 0.028125
0 0.70078125 0.4453125 0.059375 0.140625
0 0.69375 0.64453125 0.04375 0.075
0 0.51875 0.4078125 0.0125 0.0390625
0 0.8015625 0.3375 0.0296875 0.0875