0 0.6953125 0.6765625 0.1515625 0.4640625
0 0.8203125 0.66953125 0.1796875 0.475
0 0.84296875 0.51015625 0.04375 0.1484375
0 0.89296875 0.5015625 0.0515625 0.15
0 0.93046875 0.48046875 0.0203125 0.0421875
0 0.91484375 0.4609375 0.0140625 0.025
0 0.91640625 0.48046875 0.025 0.05
0 0.7515625 0.5109375 0.01875 0.0328125
0 0.6640625 0.53984375 0.028125 0.0359375
0 0.6640625 0.5125 0.0359375 0.0921875
0 0.625 0.5453125 0.05625 0.1796875
0 0.59140625 0.62109375 0.0703125 0.1671875
0 0.58515625 0.56796875 0.0640625 0.196875
0 0.53125 0.59140625 0.0734375 0.234375
0 0.48515625 0.609375 0.075 0.2140625
0 0.38828125 0.6140625 0.0734375 0.3390625
0 0.3 0.63515625 0.0890625 0.340625
0 0.22265625 0.61640625 0.0734375 0.3125
0 0.16484375 0.571875 0.04375 0.1875
0 0.125 0.5859375 0.034375 0.15
0 0.07109375 0.58984375 0.0578125 0.1984375
0 0.26484375 0.58203125 0.0359375 0.1953125
0 0.3359375 0.56015625 0.0609375 0.15625
0 0.35390625 0.521875 0.021875 0.0984375
0 0.33671875 0.50390625 0.0140625 0.059375
0 0.44375 0.5421875 0.025 0.028125
0 0.47578125 0.509375 0.025 0.0734375
0 0.496875 0.5265625 0.0265625 0.1078125
0 0.45859375 0.4859375 0.021875 0.0328125
0 0.278125 0.49765625 0.009375 0.0390625
0 0.32734375 0.48515625 0.009375 0.015625
0 0.22734375 0.1125 0.190625 0.21875
0 0.421875 0.1625 0.075 0.1390625
0 0.55859375 0.1328125 0.071875 0.1453125
0 0.7703125 0.29375 0.1609375 0.190625