0 0.484375 0.6453125 0.215625 0.646875
0 0.62421875 0.7 0.103125 0.3625
0 0.58828125 0.6171875 0.0625 0.3859375
0 0.66484375 0.60703125 0.08125 0.396875
0 0.69765625 0.60078125 0.140625 0.5703125
0 0.77109375 0.60390625 0.040625 0.2140625
0 0.8046875 0.59765625 0.0515625 0.2234375
0 0.84140625 0.56953125 0.0328125 0.1328125
0 0.8625 0.575 0.0390625 0.1484375
0 0.89609375 0.57734375 0.0453125 0.159375
0 0.9234375 0.56640625 0.034375 0.103125
0 0.98125 0.5625 0.0265625 0.128125
0 0.8296875 0.56953125 0.0171875 0.0921875
0 0.39609375 0.575 0.0453125 0.140625
0 0.38515625 0.5390625 0.0140625 0.03125
0 0.375 0.590625 0.0171875 0.1328125
0 0.3609375 0.59375 0.03125 0.13125
0 0.33984375 0.59375 0.01875 0.1296875
0 0.33984375 0.59453125 0.021875 0.125
0 0.3265625 0.609375 0.0390625 0.1703125
0 0.28203125 0.634375 0.0703125 0.234375
0 0.25625 0.628125 0.05625 0.246875
0 0.24296875 0.6109375 0.0359375 0.15625
0 0.20703125 0.634375 0.0609375 0.278125
0 0.1828125 0.66875 0.0265625 0.2109375
0 0.15078125 0.63515625 0.06875 0.2796875
0 0.12734375 0.6140625 0.021875 0.1453125
0 0.0890625 0.6359375 0.05625 0.2109375
0 0.053125 0.5875 0.0234375 0.11875
0 0.03125 0.578125 0.0234375 0.03125
0 0.06328125 0.5609375 0.0078125 0.0203125
0 0.88515625 0.575 0.0203125 0.109375
0 0.9515625 0.56953125 0.0328125 0.0921875
0 0.1328125 0.534375 0.0109375 0.015625
0 0.015625 0.60859375 0.021875 0.0734375
0 0.8203125 0.18125 0.0765625 0.1125