0 0.06015625 0.5359375 0.0890625 0.1171875
0 0.14765625 0.4890625 0.0203125 0.0515625
0 0.16953125 0.69921875 0.115625 0.4234375
0 0.2609375 0.6875 0.109375 0.3671875
0 0.34296875 0.5953125 0.0484375 0.1765625
0 0.384375 0.5328125 0.0546875 0.0875
0 0.3828125 0.67890625 0.08125 0.328125
0 0.45 0.58515625 0.05625 0.2125
0 0.421875 0.61953125 0.034375 0.240625
0 0.37421875 0.51171875 0.0328125 0.0828125
0 0.4109375 0.52734375 0.0234375 0.0546875
0 0.46796875 0.5703125 0.0296875 0.16875
0 0.48984375 0.58515625 0.0640625 0.215625
0 0.52265625 0.50859375 0.021875 0.046875
0 0.5234375 0.50390625 0.021875 0.0375
0 0.55390625 0.50859375 0.04375 0.0765625
0 0.57421875 0.50234375 0.0171875 0.040625
0 0.625 0.5078125 0.015625 0.034375
0 0.6359375 0.5171875 0.0234375 0.0515625
0 0.6484375 0.51796875 0.0234375 0.05625
0 0.57734375 0.58515625 0.128125 0.05
0 0.6140625 0.5875 0.0578125 0.0515625
0 0.73359375 0.68203125 0.090625 0.4578125
0 0.85234375 0.6765625 0.1125 0.4640625
0 0.8609375 0.59375 0.0734375 0.1546875
0 0.81171875 0.66796875 0.0515625 0.365625
0 0.778125 0.55859375 0.0421875 0.1296875
0 0.7046875 0.56015625 0.025 0.10625
0 0.73359375 0.6390625 0.0546875 0.2984375
0 0.215625 0.49765625 0.053125 0.05625
0 0.4046875 0.48515625 0.034375 0.025
0 0.50703125 0.50859375 0.028125 0.0625
0 0.5375 0.4984375 0.0203125 0.034375
0 0.58515625 0.49609375 0.0546875 0.0546875
0 0.70390625 0.58828125 0.021875 0.24375
0 0.78359375 0.59921875 0.0765625 0.26875
0 0.17734375 0.87890625 0.053125 0.05625