0 0.740625 0.83125 0.2875 0.3359375
0 0.7296875 0.82890625 0.3328125 0.340625
0 0.5109375 0.9375 0.140625 0.1234375
0 0.03125 0.7796875 0.0625 0.325
0 0.07578125 0.7515625 0.071875 0.23125
0 0.04296875 0.72421875 0.046875 0.2
0 0.15078125 0.68203125 0.0453125 0.1375
0 0.1859375 0.6859375 0.0390625 0.16875
0 0.13515625 0.65390625 0.0265625 0.096875
0 0.0984375 0.66640625 0.0296875 0.134375
0 0.0609375 0.67734375 0.0390625 0.15
0 0.02109375 0.6390625 0.034375 0.0890625
0 0.11484375 0.628125 0.025 0.059375
0 0.228125 0.684375 0.04375 0.16875
0 0.2625 0.6828125 0.0515625 0.175
0 0.2796875 0.68046875 0.0203125 0.1640625
0 0.2921875 0.66796875 0.0265625 0.1375
0 0.234375 0.61171875 0.015625 0.025
0 0.3125 0.6625 0.021875 0.1171875
0 0.3234375 0.68125 0.0375 0.1734375
0 0.3515625 0.66328125 0.028125 0.0984375
0 0.3734375 0.65859375 0.03125 0.125
0 0.3984375 0.659375 0.0359375 0.121875
0 0.4171875 0.6828125 0.0375 0.075
0 0.4421875 0.66484375 0.0359375 0.1171875
0 0.4625 0.68125 0.028125 0.090625
0 0.484375 0.6734375 0.0234375 0.10625
0 0.50625 0.67421875 0.028125 0.10625
0 0.5359375 0.67890625 0.0390625 0.159375
0 0.46875 0.62734375 0.01875 0.03125
0 0.55 0.67109375 0.028125 0.1171875
0 0.57265625 0.65859375 0.0375 0.1375
0 0.62421875 0.70078125 0.0515625 0.19375
0 0.671875 0.65859375 0.0359375 0.05625
0 0.64453125 0.659375 0.034375 0.0828125
0 0.684375 0.6453125 0.034375 0.075
0 0.75546875 0.73125 0.10625 0.23125
0 0.6 0.66953125 0.015625 0.0515625
0 0.9796875 0.70859375 0.0390625 0.184375
0 0.97734375 0.6359375 0.025 0.040625
0 0.965625 0.6375 0.0171875 0.046875
0 0.934375 0.68515625 0.05 0.16875
0 0.90625 0.65859375 0.0265625 0.1015625
0 0.88125 0.6796875 0.0390625 0.1328125
0 0.828125 0.69140625 0.0421875 0.1546875
0 0.8125 0.6875 0.021875 0.146875
0 0.79375 0.66640625 0.01875 0.090625
0 0.7796875 0.66015625 0.0359375 0.10625
0 0.04453125 0.6765625 0.0890625 0.16875
0 0.14921875 0.6484375 0.0578125 0.1015625
0 0.20546875 0.70703125 0.0328125 0.075
0 0.35 0.69140625 0.040625 0.04375
0 0.9578125 0.6578125 0.0171875 0.09375
0 0.90546875 0.659375 0.0359375 0.09375
0 0.8453125 0.6546875 0.0296875 0.0890625
0 0.4875 0.56015625 0.625 0.221875