0 0.1625 0.4140625 0.084375 0.2828125
0 0.21484375 0.53984375 0.084375 0.25
0 0.35859375 0.50234375 0.0890625 0.3609375
0 0.42890625 0.51640625 0.0671875 0.3359375
0 0.471875 0.51640625 0.059375 0.3484375
0 0.50234375 0.5171875 0.0875 0.384375
0 0.578125 0.5 0.090625 0.384375
0 0.3859375 0.39140625 0.0234375 0.134375
0 0.4015625 0.39296875 0.025 0.1359375
0 0.41015625 0.33203125 0.028125 0.08125
0 0.440625 0.3640625 0.0265625 0.075
0 0.809375 0.284375 0.0171875 0.0296875
0 0.84609375 0.2828125 0.0140625 0.025
0 0.90234375 0.2953125 0.0234375 0.075
0 0.95078125 0.29453125 0.015625 0.059375
0 0.99296875 0.2640625 0.0125 0.0375
0 0.39140625 0.34375 0.125 0.10625
0 0.80078125 0.28125 0.0203125 0.040625
0 0.90546875 0.47109375 0.08125 0.11875