0 0.43359375 0.509375 0.2578125 0.8515625
0 0.25234375 0.53671875 0.203125 0.6234375
0 0.46484375 0.4890625 0.1046875 0.41875
0 0.58671875 0.4578125 0.1171875 0.478125
0 0.6203125 0.50546875 0.0265625 0.171875
0 0.6421875 0.48515625 0.0234375 0.1609375
0 0.68203125 0.48046875 0.059375 0.1859375
0 0.7078125 0.4546875 0.0125 0.0296875
0 0.55390625 0.565625 0.0421875 0.0671875
0 0.73046875 0.45546875 0.04375 0.0625
0 0.6609375 0.49609375 0.015625 0.1015625
0 0.396875 0.7234375 0.3609375 0.103125
0 0.16875 0.9234375 0.3375 0.1375