0 0.0453125 0.84609375 0.065625 0.209375
0 0.13203125 0.85546875 0.05 0.178125
0 0.2875 0.853125 0.0453125 0.1921875
0 0.31953125 0.85625 0.0421875 0.1703125
0 0.3734375 0.85703125 0.05625 0.2140625
0 0.4265625 0.86640625 0.0421875 0.1890625
0 0.4546875 0.77265625 0.009375 0.0328125
0 0.46171875 0.771875 0.009375 0.034375
0 0.46953125 0.7734375 0.0078125 0.03125
0 0.47109375 0.77109375 0.00625 0.03125
0 0.478125 0.7734375 0.0078125 0.034375
0 0.48359375 0.77265625 0.009375 0.0328125
0 0.4921875 0.79609375 0.0140625 0.0609375
0 0.5203125 0.7953125 0.015625 0.0609375
0 0.5453125 0.8 0.0234375 0.071875
0 0.5625 0.79140625 0.015625 0.0546875
0 0.57890625 0.80234375 0.015625 0.0671875
0 0.58828125 0.81171875 0.015625 0.05625
0 0.64375 0.79140625 0.0234375 0.05
0 0.790625 0.8734375 0.0890625 0.25
0 0.88046875 0.803125 0.034375 0.065625
0 0.9578125 0.7859375 0.0375 0.05625
0 0.50234375 0.79296875 0.0171875 0.06875
0 0.4859375 0.77421875 0.009375 0.0296875
0 0.72109375 0.7640625 0.0203125 0.01875
0 0.315625 0.76328125 0.00625 0.01875
0 0.18671875 0.7578125 0.0484375 0.0578125
0 0.09140625 0.7375 0.0125 0.028125