0 0.13515625 0.47734375 0.1265625 0.5765625
0 0.2109375 0.43359375 0.1015625 0.525
0 0.22109375 0.3828125 0.0796875 0.3390625
0 0.3234375 0.465625 0.146875 0.6125
0 0.3859375 0.39140625 0.059375 0.403125
0 0.43671875 0.4484375 0.096875 0.5546875
0 0.48359375 0.240625 0.053125 0.1015625
0 0.44375 0.42734375 0.0828125 0.4671875
0 0.515625 0.47578125 0.121875 0.578125
0 0.61875 0.484375 0.10625 0.51875
0 0.66640625 0.43046875 0.0515625 0.4078125
0 0.7265625 0.259375 0.0703125 0.14375
0 0.71484375 0.49296875 0.0828125 0.5234375
0 0.78828125 0.58203125 0.1953125 0.8171875
0 0.87890625 0.45 0.0703125 0.5015625
0 0.909375 0.42109375 0.05 0.3515625
0 0.96640625 0.3953125 0.0671875 0.45625
0 0.77578125 0.275 0.0375 0.1015625
0 0.0984375 0.23359375 0.015625 0.046875
0 0.2984375 0.578125 0.0125 0.065625
0 0.36484375 0.6375 0.0078125 0.0203125