0 0.153125 0.359375 0.0328125 0.04375
0 0.10625 0.465625 0.1625 0.2671875
0 0.20234375 0.496875 0.153125 0.3140625
0 0.29140625 0.36796875 0.103125 0.09375
0 0.48984375 0.3484375 0.05625 0.046875
0 0.65078125 0.3578125 0.0421875 0.03125
0 0.734375 0.36875 0.046875 0.071875
0 0.78203125 0.36640625 0.040625 0.0671875
0 0.8109375 0.3921875 0.0765625 0.1375
0 0.853125 0.3828125 0.059375 0.109375
0 0.9421875 0.4328125 0.1140625 0.209375
0 0.709375 0.49921875 0.1875 0.36875
0 0.40546875 0.6203125 0.36875 0.640625
0 0.53046875 0.6203125 0.4484375 0.646875