0 0.1796875 0.57265625 0.1796875 0.7828125
0 0.24140625 0.2796875 0.0453125 0.115625
0 0.296875 0.5484375 0.1328125 0.5453125
0 0.3875 0.46484375 0.09375 0.384375
0 0.42421875 0.29921875 0.05 0.1265625
0 0.471875 0.5234375 0.1359375 0.553125
0 0.51640625 0.38828125 0.0609375 0.2921875
0 0.5578125 0.28671875 0.0515625 0.1609375
0 0.59921875 0.54140625 0.159375 0.7046875
0 0.615625 0.49921875 0.153125 0.61875
0 0.715625 0.503125 0.1015625 0.5546875
0 0.84296875 0.5875 0.246875 0.8234375
0 0.96484375 0.41953125 0.06875 0.371875
0 0.94140625 0.2453125 0.0359375 0.1171875
0 0.9671875 0.26484375 0.0515625 0.175
0 0.49765625 0.26328125 0.021875 0.0875
0 0.70078125 0.26640625 0.196875 0.178125
0 0.5203125 0.225 0.0546875 0.0828125
0 0.87578125 0.184375 0.025 0.034375