0 0.0953125 0.559375 0.1796875 0.7578125
0 0.2546875 0.51015625 0.153125 0.6734375
0 0.384375 0.49921875 0.1359375 0.69375
0 0.48671875 0.5109375 0.1375 0.59375
0 0.61328125 0.51328125 0.1515625 0.646875
0 0.7265625 0.4953125 0.125 0.59375
0 0.83828125 0.5078125 0.1390625 0.6234375
0 0.921875 0.44453125 0.15625 0.6328125
0 0.8 0.44375 0.109375 0.5796875
0 0.675 0.22578125 0.109375 0.215625
0 0.54296875 0.484375 0.0890625 0.546875
0 0.46328125 0.4453125 0.09375 0.5703125
0 0.16484375 0.31015625 0.109375 0.1
0 0.32578125 0.28515625 0.078125 0.103125
0 0.99453125 0.321875 0.009375 0.09375
0 0.965625 0.35703125 0.0234375 0.040625