0 0.08203125 0.60390625 0.1515625 0.4625
0 0.1453125 0.7015625 0.1703125 0.3125
0 0.15703125 0.54765625 0.1203125 0.2734375
0 0.221875 0.55859375 0.1078125 0.475
0 0.315625 0.69765625 0.1390625 0.3046875
0 0.32890625 0.5859375 0.13125 0.4125
0 0.465625 0.67421875 0.1421875 0.2578125
0 0.42421875 0.5828125 0.084375 0.296875
0 0.53671875 0.56640625 0.1578125 0.425
0 0.65234375 0.60546875 0.1 0.378125
0 0.76484375 0.5875 0.153125 0.4265625
0 0.94765625 0.478125 0.1 0.65625
0 0.86875 0.4734375 0.1140625 0.659375
0 0.86953125 0.475 0.10625 0.6296875
0 0.77109375 0.28125 0.090625 0.3515625
0 0.7359375 0.44609375 0.0828125 0.4546875
0 0.66328125 0.3828125 0.109375 0.3796875
0 0.61640625 0.49765625 0.0390625 0.5625
0 0.61796875 0.19609375 0.04375 0.059375
0 0.58046875 0.478125 0.096875 0.5796875
0 0.53046875 0.31875 0.096875 0.2828125
0 0.5453125 0.19453125 0.0703125 0.1484375
0 0.47890625 0.41171875 0.1515625 0.5296875
0 0.38515625 0.37109375 0.0828125 0.3296875
0 0.3890625 0.17734375 0.2984375 0.303125
0 0.30078125 0.35078125 0.1015625 0.31875
0 0.26015625 0.2421875 0.0515625 0.1421875
0 0.22265625 0.32578125 0.096875 0.2234375
0 0.17421875 0.32890625 0.0546875 0.23125
0 0.11796875 0.3640625 0.1078125 0.2796875
0 0.109375 0.290625 0.1015625 0.253125
0 0.040625 0.38203125 0.08125 0.3671875