0 0.81875 0.63046875 0.11875 0.11875
0 0.67890625 0.60703125 0.0703125 0.26875
0 0.45234375 0.5625 0.05625 0.1890625
0 0.50234375 0.575 0.0515625 0.1625
0 0.553125 0.5421875 0.0359375 0.0984375
0 0.52578125 0.54453125 0.0234375 0.1
0 0.503125 0.54765625 0.0328125 0.1046875
0 0.41640625 0.534375 0.0234375 0.0875
0 0.42734375 0.53046875 0.0171875 0.0765625
0 0.27265625 0.5546875 0.046875 0.1171875
0 0.37890625 0.51640625 0.0203125 0.059375
0 0.38828125 0.5125 0.015625 0.05625
0 0.42734375 0.49765625 0.0140625 0.025
0 0.43515625 0.49453125 0.0078125 0.0125
0 0.53359375 0.5046875 0.015625 0.0375
0 0.35859375 0.50703125 0.03125 0.046875
0 0.309375 0.50234375 0.015625 0.028125
0 0.403125 0.5078125 0.01875 0.040625
0 0.57578125 0.51796875 0.0203125 0.071875
0 0.784375 0.52265625 0.09375 0.06875
0 0.0546875 0.5640625 0.0328125 0.046875