0 0.97265625 0.67109375 0.0546875 0.65625
0 0.7171875 0.55078125 0.0421875 0.2671875
0 0.69765625 0.49375 0.0234375 0.1421875
0 0.66875 0.521875 0.0390625 0.2234375
0 0.62265625 0.45 0.0484375 0.1609375
0 0.6140625 0.5640625 0.05625 0.2609375
0 0.546875 0.49453125 0.1109375 0.4578125
0 0.4984375 0.64921875 0.1359375 0.4125
0 0.45546875 0.44609375 0.0515625 0.1875
0 0.46015625 0.5484375 0.0359375 0.1796875
0 0.4078125 0.56328125 0.09375 0.434375
0 0.3390625 0.6234375 0.109375 0.3421875
0 0.2671875 0.56796875 0.121875 0.44375
0 0.24296875 0.56640625 0.04375 0.2984375
0 0.221875 0.4828125 0.034375 0.1875
0 0.19140625 0.49609375 0.053125 0.175
0 0.215625 0.4109375 0.025 0.09375
0 0.1703125 0.4796875 0.040625 0.184375
0 0.14296875 0.475 0.03125 0.1765625
0 0.11015625 0.4484375 0.0625 0.1484375
0 0.0578125 0.41640625 0.04375 0.1578125
0 0.0234375 0.39296875 0.0390625 0.1390625
0 0.6953125 0.19140625 0.0421875 0.1203125
0 0.6265625 0.18671875 0.034375 0.14375
0 0.60703125 0.190625 0.028125 0.1359375
0 0.509375 0.1765625 0.0375 0.10625
0 0.68125 0.52265625 0.025 0.203125
0 0.90703125 0.44375 0.0375 0.0359375
0 0.45703125 0.41171875 0.459375 0.09375
0 0.30390625 0.53203125 0.034375 0.1484375
0 0.36484375 0.5171875 0.0359375 0.1203125
0 0.47890625 0.5171875 0.015625 0.1203125
0 0.66484375 0.571875 0.0140625 0.0703125