0 0.1109375 0.903125 0.075 0.1015625
0 0.5171875 0.96796875 0.025 0.03125
0 0.51796875 0.9640625 0.0375 0.040625
0 0.2703125 0.9453125 0.0375 0.0296875
0 0.2984375 0.95078125 0.0328125 0.0234375
0 0.16796875 0.92265625 0.0359375 0.05
0 0.21015625 0.9328125 0.0375 0.021875
0 0.1734375 0.8703125 0.0171875 0.0171875
0 0.37890625 0.9546875 0.0265625 0.034375
0 0.34296875 0.9421875 0.0234375 0.0234375
0 0.03515625 0.9328125 0.0703125 0.040625
0 0.14296875 0.925 0.0265625 0.05
0 0.0828125 0.91953125 0.01875 0.0484375
0 0.1875 0.9265625 0.01875 0.0296875
0 0.1546875 0.46640625 0.0734375 0.675
0 0.20078125 0.815625 0.1046875 0.0265625
0 0.2203125 0.8546875 0.1 0.0546875
0 0.29921875 0.88046875 0.0546875 0.0734375
0 0.37734375 0.9015625 0.1046875 0.0703125
0 0.35859375 0.9453125 0.0234375 0.021875
0 0.384375 0.940625 0.015625 0.0109375