0 0.36015625 0.6015625 0.0359375 0.1796875
0 0.3953125 0.57890625 0.0546875 0.240625
0 0.43515625 0.59453125 0.05 0.2078125
0 0.4796875 0.540625 0.021875 0.1
0 0.4953125 0.51171875 0.0203125 0.0390625
0 0.50703125 0.52578125 0.028125 0.0703125
0 0.5359375 0.56015625 0.046875 0.1828125
0 0.5671875 0.565625 0.0375 0.16875
0 0.59453125 0.5546875 0.034375 0.146875
0 0.61875 0.5390625 0.0375 0.140625
0 0.63671875 0.51484375 0.015625 0.0640625
0 0.646875 0.50859375 0.0140625 0.053125
0 0.490625 0.48515625 0.009375 0.025
0 0.49765625 0.4875 0.009375 0.0375
0 0.4296875 0.48828125 0.0125 0.0265625
0 0.58125 0.4984375 0.015625 0.025
0 0.0359375 0.5015625 0.0109375 0.0203125
0 0.1046875 0.4921875 0.0359375 0.021875
0 0.8390625 0.5609375 0.0203125 0.028125
0 0.603125 0.4296875 0.009375 0.01875