0 0.03125 0.75859375 0.0625 0.4796875
0 0.0921875 0.7625 0.1 0.471875
0 0.1703125 0.73671875 0.23125 0.5234375
0 0.05234375 0.74609375 0.0671875 0.4125
0 0.034375 0.55390625 0.0609375 0.0984375
0 0.07421875 0.56796875 0.0390625 0.1140625
0 0.209375 0.54140625 0.025 0.04375
0 0.23515625 0.4984375 0.0328125 0.065625
0 0.2625 0.74453125 0.0765625 0.453125
0 0.2390625 0.64921875 0.08125 0.184375
0 0.271875 0.53515625 0.0453125 0.1265625
0 0.32109375 0.6078125 0.090625 0.2078125
0 0.31953125 0.6078125 0.0921875 0.21875
0 0.375 0.61953125 0.1609375 0.396875
0 0.52734375 0.6328125 0.46875 0.73125
0 0.85 0.66015625 0.1015625 0.496875
0 0.909375 0.709375 0.1609375 0.5796875
0 0.87734375 0.58359375 0.0453125 0.29375
0 0.9765625 0.690625 0.0453125 0.615625
0 0.01328125 0.92421875 0.0234375 0.1078125
0 0.09375 0.5390625 0.0453125 0.0640625
0 0.290625 0.51875 0.0296875 0.059375
0 0.45546875 0.5359375 0.0890625 0.16875
0 0.9640625 0.45859375 0.0453125 0.1515625
0 0.98984375 0.5640625 0.0171875 0.0734375
0 0.67578125 0.61875 0.2953125 0.759375
0 0.88828125 0.8375 0.1265625 0.2390625
0 0.85859375 0.49296875 0.0171875 0.0390625