0 0.61328125 0.57734375 0.0171875 0.06875
0 0.6203125 0.55234375 0.0125 0.025
0 0.63046875 0.590625 0.0265625 0.09375
0 0.640625 0.5765625 0.0140625 0.0671875
0 0.65078125 0.58125 0.0109375 0.0125
0 0.64765625 0.5546875 0.00625 0.0125
0 0.65625 0.575 0.0125 0.059375
0 0.6703125 0.5703125 0.0140625 0.053125
0 0.6796875 0.5578125 0.0140625 0.0375
0 0.6890625 0.5859375 0.025 0.075
0 0.75390625 0.5921875 0.025 0.0984375
0 0.73203125 0.72578125 0.1046875 0.3875
0 0.8453125 0.70078125 0.1375 0.4140625
0 0.6484375 0.559375 0.009375 0.01875
0 0.6765625 0.5515625 0.0078125 0.0078125
0 0.80546875 0.55 0.0171875 0.0234375
0 0.778125 0.678125 0.0421875 0.034375
0 0.87578125 0.86875 0.246875 0.08125
0 0.66015625 0.565625 0.009375 0.0359375