0 0.84765625 0.47890625 0.021875 0.1203125
0 0.82421875 0.48046875 0.0296875 0.1390625
0 0.7921875 0.4734375 0.0203125 0.1125
0 0.7640625 0.478125 0.0265625 0.13125
0 0.953125 0.55703125 0.0890625 0.3359375
0 0.69765625 0.4734375 0.0203125 0.115625
0 0.67421875 0.47109375 0.025 0.1203125
0 0.665625 0.46796875 0.0125 0.084375
0 0.65234375 0.471875 0.0125 0.0984375
0 0.63125 0.46640625 0.0125 0.096875
0 0.63828125 0.4953125 0.0234375 0.1390625
0 0.61640625 0.46171875 0.0125 0.0703125
0 0.59453125 0.48671875 0.03125 0.153125
0 0.55703125 0.57890625 0.090625 0.459375
0 0.51640625 0.503125 0.03125 0.171875
0 0.50625 0.44921875 0.0109375 0.05
0 0.4953125 0.49609375 0.01875 0.10625
0 0.49765625 0.43984375 0.009375 0.0265625
0 0.4875 0.46015625 0.0140625 0.078125
0 0.46875 0.48515625 0.0296875 0.1359375
0 0.44140625 0.484375 0.028125 0.1390625
0 0.415625 0.4859375 0.028125 0.14375
0 0.1234375 0.53046875 0.0828125 0.3
0 0.2109375 0.6453125 0.1625 0.6046875
0 0.234375 0.39296875 0.01875 0.05625
0 0.31484375 0.46015625 0.0203125 0.075
0 0.37265625 0.46328125 0.028125 0.0796875
0 0.6234375 0.4484375 0.0078125 0.0359375
0 0.60625 0.4484375 0.0140625 0.0453125
0 0.7984375 0.48359375 0.0171875 0.08125
0 0.7078125 0.4671875 0.0078125 0.0796875
0 0.65859375 0.4296875 0.0078125 0.0171875
0 0.64765625 0.44375 0.00625 0.0234375
0 0.6390625 0.4234375 0.0078125 0.0140625
0 0.58671875 0.37109375 0.0046875 0.025
0 0.53125 0.4359375 0.015625 0.01875
0 0.4828125 0.440625 0.00625 0.034375
0 0.68359375 0.06796875 0.015625 0.040625