0 0.2578125 0.63125 0.053125 0.128125
0 0.278125 0.58984375 0.025 0.0453125
0 0.52265625 0.609375 0.0359375 0.0703125
0 0.55703125 0.61015625 0.034375 0.0703125
0 0.59609375 0.60390625 0.0234375 0.05625
0 0.6140625 0.6 0.0234375 0.046875
0 0.63515625 0.60078125 0.028125 0.0546875
0 0.65703125 0.6046875 0.0203125 0.046875
0 0.696875 0.603125 0.0203125 0.0328125
0 0.71015625 0.60234375 0.015625 0.015625
0 0.69140625 0.60390625 0.0171875 0.028125
0 0.74453125 0.60390625 0.0125 0.03125
0 0.84765625 0.6265625 0.05625 0.103125
0 0.8984375 0.63515625 0.053125 0.10625
0 0.77578125 0.59140625 0.025 0.03125