0 0.05234375 0.83671875 0.0296875 0.13125
0 0.06640625 0.83515625 0.028125 0.121875
0 0.08671875 0.840625 0.0390625 0.15625
0 0.115625 0.840625 0.03125 0.14375
0 0.07734375 0.7734375 0.0109375 0.0359375
0 0.1046875 0.778125 0.0109375 0.04375
0 0.1671875 0.77890625 0.0125 0.053125
0 0.1703125 0.78984375 0.015625 0.0515625
0 0.1828125 0.7828125 0.0140625 0.0515625
0 0.2203125 0.78046875 0.0109375 0.034375
0 0.23828125 0.78828125 0.021875 0.046875
0 0.2296875 0.77734375 0.0078125 0.0390625
0 0.27421875 0.7640625 0.0109375 0.0171875
0 0.3484375 0.7765625 0.0078125 0.0390625
0 0.36328125 0.79453125 0.015625 0.053125
0 0.37890625 0.7953125 0.0125 0.0546875
0 0.39765625 0.78984375 0.0171875 0.0625
0 0.44609375 0.81015625 0.0359375 0.1125
0 0.4796875 0.8109375 0.028125 0.1140625
0 0.503125 0.81640625 0.0265625 0.1109375
0 0.534375 0.81953125 0.05 0.11875
0 0.5515625 0.78984375 0.0125 0.0515625
0 0.57734375 0.7796875 0.0203125 0.0296875
0 0.6125 0.79765625 0.0234375 0.040625
0 0.66953125 0.76796875 0.009375 0.0171875
0 0.6875 0.77421875 0.0125 0.0296875
0 0.7171875 0.7921875 0.0171875 0.071875
0 0.71328125 0.77578125 0.0109375 0.0265625
0 0.728125 0.790625 0.015625 0.0640625
0 0.74296875 0.79375 0.015625 0.0703125
0 0.75625 0.79375 0.009375 0.0703125
0 0.78203125 0.83046875 0.0453125 0.13125
0 0.79140625 0.83125 0.03125 0.140625
0 0.8140625 0.79375 0.0140625 0.0484375
0 0.8328125 0.790625 0.0171875 0.0546875
0 0.86953125 0.796875 0.03125 0.0734375
0 0.88828125 0.790625 0.0125 0.05
0 0.9046875 0.7890625 0.0140625 0.0484375
0 0.94453125 0.83515625 0.0578125 0.1921875
0 0.9171875 0.7890625 0.0125 0.0515625
0 0.96328125 0.7875 0.0109375 0.046875
0 0.97578125 0.8015625 0.0265625 0.0734375
0 0.990625 0.7984375 0.0171875 0.084375
0 0.74921875 0.79609375 0.0109375 0.0625
0 0.8 0.79609375 0.009375 0.046875
0 0.03671875 0.77734375 0.03125 0.034375
0 0.06328125 0.771875 0.009375 0.0203125
0 0.07890625 0.7734375 0.0234375 0.03125
0 0.11953125 0.7515625 0.03125 0.0390625
0 0.2578125 0.7703125 0.0046875 0.009375
0 0.3734375 0.76953125 0.009375 0.015625
0 0.38671875 0.76796875 0.0078125 0.0171875
0 0.559375 0.771875 0.03125 0.028125
0 0.46875 0.7921875 0.0109375 0.0515625
0 0.5 0.765625 0.04375 0.025
0 0.9796875 0.77421875 0.03125 0.025
0 0.95390625 0.696875 0.0125 0.028125
0 0.93125 0.76875 0.0140625 0.0125
0 0.77109375 0.77734375 0.0796875 0.0421875
0 0.98671875 0.8 0.009375 0.0265625