0 0.721875 0.6296875 0.453125 0.7375
0 0.40703125 0.6015625 0.309375 0.79375
0 0.209375 0.59765625 0.30625 0.8015625
0 0.7375 0.378125 0.0640625 0.228125
0 0.696875 0.3671875 0.109375 0.209375
0 0.065625 0.409375 0.05 0.228125
0 0.853125 0.44140625 0.0609375 0.2390625
0 0.853125 0.43984375 0.0546875 0.234375
0 0.14609375 0.46796875 0.05 0.3453125
0 0.1859375 0.35234375 0.08125 0.1453125
0 0.334375 0.35078125 0.046875 0.046875
0 0.75546875 0.4109375 0.028125 0.165625
0 0.1390625 0.47421875 0.034375 0.046875
0 0.02421875 0.41171875 0.0484375 0.215625