0 0.03984375 0.7640625 0.0359375 0.0765625
0 0.1046875 0.8421875 0.103125 0.315625
0 0.14609375 0.78828125 0.028125 0.140625
0 0.1734375 0.771875 0.028125 0.1109375
0 0.253125 0.81015625 0.0640625 0.234375
0 0.3921875 0.86953125 0.18125 0.2609375
0 0.32890625 0.7671875 0.0453125 0.090625
0 0.29609375 0.74609375 0.021875 0.0421875
0 0.4765625 0.85078125 0.053125 0.246875
0 0.4515625 0.7375 0.021875 0.0328125
0 0.509375 0.82265625 0.040625 0.228125
0 0.54765625 0.84609375 0.090625 0.3078125
0 0.5984375 0.7875 0.0234375 0.1203125
0 0.62109375 0.79140625 0.0265625 0.11875
0 0.6625 0.81953125 0.0375 0.184375
0 0.309375 0.73828125 0.0140625 0.0359375
0 0.71171875 0.8046875 0.040625 0.153125
0 0.7234375 0.80234375 0.0453125 0.1546875
0 0.75625 0.81953125 0.0546875 0.2375
0 0.81796875 0.803125 0.0484375 0.178125
0 0.871875 0.809375 0.04375 0.15
0 0.93515625 0.81953125 0.0421875 0.1953125
0 0.97578125 0.8265625 0.0484375 0.2
0 0.68125 0.784375 0.025 0.1015625
0 0.6859375 0.740625 0.0078125 0.0125
0 0.9703125 0.7171875 0.0125 0.0140625
0 0.9484375 0.7203125 0.009375 0.0125
0 0.95703125 0.7359375 0.0109375 0.0421875
0 0.92109375 0.72109375 0.009375 0.0109375
0 0.87890625 0.74765625 0.0203125 0.0359375
0 0.8515625 0.7734375 0.0171875 0.0703125
0 0.83203125 0.7734375 0.0140625 0.08125
0 0.84609375 0.73984375 0.0125 0.0234375
0 0.86484375 0.759375 0.0109375 0.0640625
0 0.80078125 0.77109375 0.0140625 0.08125
0 0.79296875 0.775 0.01875 0.078125
0 0.77890625 0.771875 0.0171875 0.078125
0 0.6609375 0.78515625 0.0140625 0.0984375
0 0.6359375 0.8 0.0203125 0.1
0 0.578125 0.8 0.028125 0.1640625
0 0.50859375 0.8234375 0.0375 0.2140625
0 0.35625 0.72734375 0.0203125 0.0234375
0 0.29296875 0.80078125 0.0296875 0.1328125
0 0.7359375 0.72890625 0.0203125 0.0265625
0 0.8515625 0.76015625 0.021875 0.065625
0 0.90234375 0.7609375 0.03125 0.0734375
0 0.42421875 0.50390625 0.03125 0.1046875
0 0.965625 0.74140625 0.0671875 0.0390625
0 0.50390625 0.6609375 0.0203125 0.040625
0 0.2328125 0.7484375 0.0203125 0.06875