0 0.03359375 0.58671875 0.0578125 0.271875
0 0.07421875 0.565625 0.065625 0.3
0 0.1203125 0.6875 0.10625 0.496875
0 0.1953125 0.60234375 0.10625 0.4484375
0 0.2640625 0.57421875 0.084375 0.3875
0 0.315625 0.61875 0.065625 0.30625
0 0.40234375 0.615625 0.1 0.571875
0 0.15546875 0.57578125 0.0296875 0.2453125
0 0.30703125 0.4484375 0.0421875 0.0828125
0 0.26875 0.40625 0.05 0.065625
0 0.32578125 0.42890625 0.03125 0.046875
0 0.34296875 0.46484375 0.040625 0.1265625
0 0.346875 0.55390625 0.0359375 0.30625
0 0.340625 0.4171875 0.021875 0.0515625
0 0.4359375 0.4109375 0.03125 0.0546875
0 0.4609375 0.41484375 0.0421875 0.075
0 0.49140625 0.590625 0.11875 0.5125
0 0.46015625 0.4125 0.0390625 0.0703125
0 0.52734375 0.5828125 0.053125 0.396875
0 0.54609375 0.55703125 0.040625 0.3890625
0 0.5890625 0.6046875 0.1015625 0.5453125
0 0.628125 0.57265625 0.05625 0.3515625
0 0.64375 0.54296875 0.0296875 0.30625
0 0.671875 0.453125 0.046875 0.1625
0 0.69296875 0.565625 0.0671875 0.44375
0 0.74609375 0.5921875 0.14375 0.5796875
0 0.79609375 0.56796875 0.0390625 0.390625
0 0.82421875 0.575 0.0921875 0.5109375
0 0.88125 0.6234375 0.1671875 0.728125
0 0.9609375 0.5609375 0.0765625 0.390625
0 0.11796875 0.56796875 0.0609375 0.2578125
0 0.16796875 0.44609375 0.0171875 0.0234375
0 0.30625 0.44140625 0.040625 0.065625
0 0.325 0.4296875 0.03125 0.0484375
0 0.65859375 0.4234375 0.0171875 0.0203125
0 0.67109375 0.53125 0.040625 0.3140625
0 0.6953125 0.55390625 0.0734375 0.4203125
0 0.79609375 0.534375 0.0328125 0.3234375
0 0.21640625 0.44140625 0.025 0.0203125
0 0.37890625 0.4140625 0.0296875 0.0234375
0 0.5171875 0.3859375 0.0375 0.028125
0 0.6015625 0.3984375 0.0765625 0.0546875
0 0.81328125 0.73359375 0.05625 0.046875
0 0.95078125 0.70703125 0.096875 0.09375
0 0.96484375 0.4171875 0.015625 0.03125