0 0.76875 0.7609375 0.128125 0.4765625
0 0.61328125 0.35 0.0390625 0.14375
0 0.61875 0.3078125 0.03125 0.0578125
0 0.53046875 0.46796875 0.0671875 0.228125
0 0.534375 0.3578125 0.059375 0.1
0 0.53046875 0.41171875 0.0421875 0.134375
0 0.5125 0.36953125 0.0625 0.1859375
0 0.02265625 0.8078125 0.0453125 0.3828125
0 0.10078125 0.75078125 0.1859375 0.4984375
0 0.1921875 0.81640625 0.0875 0.365625
0 0.22734375 0.74609375 0.0984375 0.38125
0 0.27265625 0.746875 0.06875 0.334375
0 0.29453125 0.72578125 0.0703125 0.3203125
0 0.315625 0.678125 0.046875 0.2734375
0 0.296875 0.5265625 0.065625 0.1046875
0 0.32421875 0.5078125 0.059375 0.153125
0 0.3265625 0.44609375 0.059375 0.1171875
0 0.3359375 0.42890625 0.0515625 0.1421875
0 0.346875 0.3578125 0.040625 0.115625
0 0.3671875 0.359375 0.046875 0.159375
0 0.4109375 0.32421875 0.0453125 0.090625
0 0.67890625 0.2859375 0.0203125 0.0390625
0 0.378125 0.30703125 0.028125 0.0703125