0 0.4984375 0.5 0.3234375 0.8109375
0 0.0625 0.4609375 0.125 0.66875
0 0.14921875 0.44609375 0.153125 0.6265625
0 0.24765625 0.4734375 0.140625 0.5625
0 0.3375 0.478125 0.10625 0.5265625
0 0.40390625 0.4578125 0.071875 0.515625
0 0.46953125 0.26015625 0.0484375 0.0875
0 0.80625 0.44765625 0.10625 0.4421875
0 0.78203125 0.35859375 0.0890625 0.3375
0 0.8078125 0.42734375 0.121875 0.3609375
0 0.9390625 0.4359375 0.1109375 0.4421875
0 0.90234375 0.4078125 0.0578125 0.3453125
0 0.98125 0.228125 0.0359375 0.1609375
0 0.4515625 0.26328125 0.0234375 0.0640625
0 0.3671875 0.2734375 0.04375 0.1234375
0 0.365625 0.27578125 0.0359375 0.1171875
0 0.2765625 0.265625 0.0421875 0.09375
0 0.26171875 0.26796875 0.034375 0.075
0 0.19375 0.25390625 0.025 0.0703125
0 0.171875 0.26640625 0.040625 0.0609375
0 0.0828125 0.2609375 0.034375 0.0859375
0 0.05546875 0.24453125 0.025 0.0953125