0 0.07734375 0.690625 0.1546875 0.4296875
0 0.01796875 0.51015625 0.0359375 0.221875
0 0.1140625 0.50546875 0.03125 0.1390625
0 0.1453125 0.8046875 0.078125 0.196875
0 0.18359375 0.7390625 0.1125 0.19375
0 0.2640625 0.65546875 0.11875 0.484375
0 0.35 0.665625 0.0921875 0.221875
0 0.409375 0.62578125 0.090625 0.1875
0 0.4453125 0.61640625 0.0703125 0.1546875
0 0.48203125 0.58359375 0.0828125 0.134375
0 0.490625 0.57890625 0.0828125 0.128125
0 0.51328125 0.5765625 0.0484375 0.1140625
0 0.5734375 0.559375 0.0671875 0.2109375
0 0.5484375 0.55703125 0.0296875 0.096875
0 0.521875 0.4875 0.034375 0.103125
0 0.6921875 0.59453125 0.078125 0.328125
0 0.64296875 0.50625 0.03125 0.0890625
0 0.76953125 0.50390625 0.0265625 0.0921875
0 0.7359375 0.49375 0.01875 0.071875
0 0.74453125 0.49375 0.0140625 0.059375
0 0.72734375 0.49375 0.0125 0.05625
0 0.71953125 0.48671875 0.0125 0.04375
0 0.628125 0.48203125 0.0140625 0.053125
0 0.6375 0.47265625 0.0109375 0.0328125
0 0.5453125 0.49140625 0.0203125 0.04375
0 0.50703125 0.4984375 0.01875 0.04375
0 0.4828125 0.48203125 0.021875 0.046875
0 0.49140625 0.48203125 0.015625 0.0484375
0 0.434375 0.50546875 0.021875 0.0359375
0 0.44765625 0.5046875 0.01875 0.0390625
0 0.4625 0.48046875 0.0125 0.040625
0 0.1671875 0.47265625 0.0171875 0.040625
0 0.19140625 0.47265625 0.0234375 0.05
0 0.21171875 0.478125 0.015625 0.0453125
0 0.003125 0.41953125 0.00625 0.0171875
0 0.31796875 0.7359375 0.021875 0.0859375
0 0.709375 0.47734375 0.0234375 0.0328125
0 0.671875 0.47734375 0.0140625 0.025
0 0.6515625 0.47265625 0.028125 0.040625
0 0.22421875 0.49296875 0.01875 0.078125
0 0.3703125 0.48046875 0.203125 0.096875
0 0.040625 0.45234375 0.0046875 0.015625
0 0.13046875 0.415625 0.009375 0.0078125
0 0.11640625 0.415625 0.003125 0.0078125
0 0.5484375 0.48046875 0.028125 0.034375
0 0.59921875 0.51328125 0.0515625 0.1328125
0 0.75 0.50234375 0.0296875 0.0890625
0 0.72421875 0.46640625 0.0046875 0.0078125