0 0.1359375 0.90078125 0.1640625 0.1984375
0 0.41796875 0.8921875 0.1421875 0.2125
0 0.33046875 0.90234375 0.0859375 0.1953125
0 0.4734375 0.8953125 0.096875 0.20625
0 0.5640625 0.8984375 0.11875 0.2
0 0.6921875 0.8828125 0.125 0.234375
0 0.771875 0.89375 0.1890625 0.2109375
0 0.94453125 0.87890625 0.109375 0.18125
0 0.85234375 0.87109375 0.0890625 0.171875
0 0.89921875 0.8171875 0.0828125 0.0609375
0 0.95 0.9296875 0.1 0.140625
0 0.63203125 0.93515625 0.0359375 0.078125
0 0.815625 0.75703125 0.2875 0.0546875
0 0.61015625 0.7765625 0.1125 0.0515625
0 0.62109375 0.8359375 0.078125 0.0640625
0 0.18828125 0.7984375 0.059375 0.1140625
0 0.1125 0.77734375 0.0890625 0.0578125
0 0.0890625 0.83125 0.0359375 0.046875
0 0.4265625 0.76875 0.078125 0.0625
0 0.74765625 0.809375 0.053125 0.0453125
0 0.98671875 0.8046875 0.0265625 0.06875
0 0.36875 0.44921875 0.1328125 0.16875
0 0.84765625 0.6671875 0.053125 0.06875
0 0.96953125 0.6171875 0.01875 0.0484375