0 0.134375 0.4484375 0.05625 0.20625
0 0.14921875 0.45390625 0.0515625 0.2203125
0 0.25234375 0.51640625 0.0875 0.14375
0 0.47265625 0.34296875 0.0265625 0.0453125
0 0.50703125 0.4375 0.08125 0.228125
0 0.50625 0.39453125 0.0546875 0.1546875
0 0.73359375 0.5921875 0.1234375 0.3578125
0 0.55390625 0.3328125 0.015625 0.0828125
0 0.565625 0.3359375 0.01875 0.078125
0 0.5828125 0.34140625 0.0234375 0.0765625
0 0.59765625 0.35078125 0.0171875 0.059375
0 0.61796875 0.3375 0.0234375 0.075
0 0.653125 0.32421875 0.0125 0.065625
0 0.65546875 0.3578125 0.0234375 0.0546875
0 0.696875 0.32265625 0.015625 0.0546875
0 0.703125 0.32578125 0.009375 0.0453125
0 0.753125 0.3703125 0.028125 0.1140625
0 0.76640625 0.37890625 0.025 0.109375
0 0.7875 0.38671875 0.0375 0.1296875
0 0.8203125 0.3859375 0.059375 0.1484375
0 0.79765625 0.32578125 0.0109375 0.0390625
0 0.84140625 0.3125 0.0078125 0.0234375
0 0.88984375 0.41328125 0.0359375 0.1046875
0 0.9015625 0.32109375 0.0109375 0.0453125
0 0.90859375 0.3265625 0.0140625 0.028125
0 0.91640625 0.3296875 0.0140625 0.03125
0 0.93125 0.32265625 0.0171875 0.046875
0 0.6078125 0.3296875 0.015625 0.078125
0 0.63203125 0.32421875 0.0125 0.046875
0 0.67578125 0.32265625 0.015625 0.0546875
0 0.7875 0.31640625 0.0109375 0.015625
0 0.74921875 0.33515625 0.0140625 0.0625
0 0.7703125 0.3171875 0.0125 0.01875
0 0.86796875 0.31796875 0.0390625 0.0484375
0 0.97265625 0.31875 0.0546875 0.0484375
0 0.61328125 0.4328125 0.125 0.0921875
0 0.83203125 0.50390625 0.1421875 0.1078125
0 0.5046875 0.65078125 0.090625 0.20625
0 0.21484375 0.67109375 0.2171875 0.2234375