0 0.01875 0.896875 0.0375 0.15625
0 0.0578125 0.90078125 0.0390625 0.146875
0 0.034375 0.87109375 0.028125 0.1421875
0 0.07265625 0.87265625 0.028125 0.1296875
0 0.12578125 0.83671875 0.021875 0.078125
0 0.1625 0.88359375 0.0484375 0.1546875
0 0.1765625 0.8578125 0.025 0.1
0 0.20078125 0.84453125 0.01875 0.0765625
0 0.27734375 0.87421875 0.0328125 0.065625
0 0.28359375 0.8265625 0.0203125 0.0421875
0 0.2984375 0.84453125 0.0234375 0.0765625
0 0.3234375 0.85078125 0.03125 0.1
0 0.31484375 0.84765625 0.0171875 0.084375
0 0.3578125 0.84765625 0.0296875 0.103125
0 0.38359375 0.85234375 0.0234375 0.0921875
0 0.37109375 0.84921875 0.0140625 0.084375
0 0.3984375 0.8453125 0.01875 0.0796875
0 0.403125 0.84765625 0.028125 0.084375
0 0.421875 0.84921875 0.0265625 0.0984375
0 0.45859375 0.8609375 0.025 0.1140625
0 0.51796875 0.84375 0.0265625 0.090625
0 0.534375 0.82578125 0.015625 0.0578125
0 0.55703125 0.82421875 0.0140625 0.0546875
0 0.58203125 0.85 0.028125 0.0953125
0 0.5984375 0.82890625 0.015625 0.0515625
0 0.6171875 0.8359375 0.01875 0.06875
0 0.634375 0.83515625 0.0171875 0.06875
0 0.66953125 0.846875 0.025 0.1
0 0.690625 0.859375 0.028125 0.0953125
0 0.70859375 0.8453125 0.028125 0.0984375
0 0.73125 0.853125 0.03125 0.10625
0 0.76328125 0.85078125 0.028125 0.0953125
0 0.76640625 0.8125 0.025 0.0421875
0 0.75546875 0.82109375 0.0171875 0.0609375
0 0.68203125 0.81796875 0.0125 0.025
0 0.79765625 0.8375 0.0296875 0.096875
0 0.840625 0.8953125 0.0546875 0.190625
0 0.821875 0.8359375 0.0171875 0.0734375
0 0.865625 0.8453125 0.0390625 0.071875
0 0.9703125 0.86796875 0.0375 0.1484375
0 0.990625 0.85859375 0.0171875 0.165625
0 0.62421875 0.828125 0.0140625 0.0640625
0 0.5796875 0.8078125 0.015625 0.021875
0 0.50078125 0.82890625 0.084375 0.078125
0 0.36796875 0.82734375 0.18125 0.065625
0 0.18359375 0.8328125 0.109375 0.0859375
0 0.2640625 0.83515625 0.021875 0.0765625
0 0.38515625 0.6875 0.0125 0.0265625
0 0.59609375 0.4390625 0.0125 0.0421875