0 0.8359375 0.465625 0.053125 0.190625
0 0.68359375 0.46875 0.0390625 0.1765625
0 0.71640625 0.4734375 0.0421875 0.1859375
0 0.73203125 0.4703125 0.0265625 0.1859375
0 0.74921875 0.459375 0.0203125 0.1609375
0 0.7640625 0.46015625 0.0453125 0.1640625
0 0.76328125 0.475 0.0328125 0.1765625
0 0.81171875 0.42265625 0.01875 0.0703125
0 0.59609375 0.47265625 0.128125 0.1921875
0 0.50546875 0.46328125 0.0296875 0.1734375
0 0.77734375 0.4046875 0.0171875 0.025
0 0.70390625 0.3953125 0.028125 0.0390625
0 0.671875 0.41171875 0.015625 0.025
0 0.7 0.5265625 0.0390625 0.034375
0 0.68515625 0.38125 0.009375 0.0046875