0 0.01328125 0.50390625 0.0140625 0.1
0 0.00859375 0.52734375 0.0171875 0.0859375
0 0.03046875 0.51171875 0.025 0.115625
0 0.0390625 0.5234375 0.040625 0.1359375
0 0.05546875 0.5140625 0.0171875 0.109375
0 0.19296875 0.4765625 0.0546875 0.075
0 0.275 0.471875 0.0328125 0.0859375
0 0.1125 0.6328125 0.1921875 0.734375
0 0.42578125 0.6921875 0.1265625 0.5890625
0 0.53828125 0.70625 0.125 0.5859375
0 0.6765625 0.71015625 0.1484375 0.578125
0 0.2875 0.45546875 0.0171875 0.034375
0 0.38125 0.4671875 0.03125 0.0359375
0 0.4046875 0.47734375 0.0109375 0.025
0 0.471875 0.48046875 0.0234375 0.0421875
0 0.4859375 0.47890625 0.021875 0.0578125
0 0.50546875 0.4765625 0.0359375 0.0734375
0 0.55859375 0.48671875 0.0140625 0.025
0 0.57109375 0.490625 0.01875 0.0515625
0 0.58046875 0.503125 0.0171875 0.0515625
0 0.59765625 0.53125 0.0265625 0.1671875
0 0.6125 0.50078125 0.0078125 0.0359375
0 0.61484375 0.490625 0.0078125 0.0359375
0 0.61796875 0.4859375 0.0078125 0.0234375
0 0.23828125 0.703125 0.1296875 0.5921875
0 0.334375 0.69609375 0.1546875 0.60625
0 0.70234375 0.48515625 0.015625 0.0453125
0 0.71953125 0.48828125 0.015625 0.0421875
0 0.70703125 0.51015625 0.021875 0.0359375
0 0.73046875 0.48125 0.0109375 0.0296875
0 0.7453125 0.51953125 0.0234375 0.1390625
0 0.75859375 0.5359375 0.0203125 0.1
0 0.77734375 0.53671875 0.0421875 0.1921875
0 0.796875 0.51796875 0.0203125 0.1296875
0 0.81796875 0.58828125 0.0328125 0.121875
0 0.82890625 0.55 0.0484375 0.1953125
0 0.82265625 0.484375 0.034375 0.0828125
0 0.84609375 0.475 0.0171875 0.0265625
0 0.859375 0.47265625 0.0140625 0.0265625
0 0.8609375 0.51796875 0.0328125 0.1328125
0 0.8796875 0.51953125 0.0609375 0.1453125
0 0.890625 0.49140625 0.0140625 0.0515625
0 0.90625 0.48359375 0.01875 0.0546875
0 0.91875 0.48125 0.009375 0.0171875
0 0.9234375 0.48828125 0.0109375 0.025
0 0.9421875 0.528125 0.0265625 0.1265625
0 0.95234375 0.53359375 0.0265625 0.121875
0 0.9703125 0.55390625 0.059375 0.171875
0 0.9734375 0.53515625 0.0484375 0.1390625
0 0.4171875 0.49609375 0.015625 0.059375
0 0.0359375 0.46796875 0.071875 0.040625
0 0.2515625 0.46171875 0.1484375 0.046875
0 0.39140625 0.46875 0.0390625 0.0359375
0 0.47265625 0.47890625 0.0328125 0.05
0 0.58359375 0.484375 0.0640625 0.0484375
0 0.846875 0.4828125 0.3046875 0.046875
0 0.99453125 0.5953125 0.0109375 0.0125