0 0.27265625 0.54765625 0.08125 0.1296875
0 0.56796875 0.66875 0.2984375 0.35
0 0.32265625 0.5171875 0.0390625 0.0640625
0 0.35625 0.5265625 0.046875 0.0546875
0 0.3671875 0.515625 0.034375 0.06875
0 0.39453125 0.5171875 0.0390625 0.075
0 0.53203125 0.525 0.0390625 0.0640625
0 0.58046875 0.48828125 0.0296875 0.01875
0 0.59375 0.4875 0.0296875 0.0234375
0 0.45703125 0.5046875 0.021875 0.034375
0 0.46484375 0.50390625 0.0171875 0.0375
0 0.4859375 0.50546875 0.0234375 0.0359375
0 0.48984375 0.50390625 0.021875 0.0359375
0 0.53984375 0.4921875 0.021875 0.025
0 0.75234375 0.49921875 0.025 0.0421875
0 0.890625 0.496875 0.0421875 0.05625
0 0.18046875 0.50703125 0.028125 0.046875