0 0.0875 0.71953125 0.171875 0.5578125
0 0.24609375 0.6890625 0.15625 0.621875
0 0.0484375 0.50859375 0.0390625 0.078125
0 0.17265625 0.50859375 0.0359375 0.1125
0 0.2015625 0.4828125 0.0375 0.075
0 0.29140625 0.47890625 0.025 0.05625
0 0.30390625 0.484375 0.0078125 0.0171875
0 0.37109375 0.49609375 0.0171875 0.065625
0 0.3828125 0.503125 0.0140625 0.0515625
0 0.40703125 0.534375 0.04375 0.2
0 0.4265625 0.478125 0.01875 0.0546875
0 0.43203125 0.47109375 0.0046875 0.0125
0 0.43515625 0.4734375 0.003125 0.0171875
0 0.45859375 0.4703125 0.003125 0.015625
0 0.44375 0.59765625 0.0609375 0.29375
0 0.4734375 0.54296875 0.021875 0.2078125
0 0.48359375 0.54765625 0.021875 0.2453125
0 0.46171875 0.515625 0.015625 0.1125
0 0.5296875 0.4984375 0.015625 0.0640625
0 0.5203125 0.48671875 0.0109375 0.0390625
0 0.51328125 0.46796875 0.0046875 0.0171875
0 0.51640625 0.4703125 0.0046875 0.01875
0 0.5234375 0.46171875 0.00625 0.009375
0 0.5328125 0.46328125 0.00625 0.015625
0 0.53671875 0.48125 0.009375 0.0453125
0 0.53984375 0.4703125 0.0046875 0.0265625
0 0.54296875 0.478125 0.0078125 0.0375
0 0.55 0.47890625 0.0046875 0.0390625
0 0.553125 0.48125 0.00625 0.040625
0 0.55859375 0.4796875 0.0078125 0.040625
0 0.5625 0.4703125 0.0046875 0.0296875
0 0.5625 0.47734375 0.00625 0.028125
0 0.59609375 0.47265625 0.0109375 0.0328125
0 0.5765625 0.5953125 0.0609375 0.3390625
0 0.6234375 0.58125 0.059375 0.3578125
0 0.73359375 0.61015625 0.065625 0.3671875
0 0.7640625 0.55625 0.028125 0.2015625
0 0.8140625 0.534375 0.0515625 0.184375
0 0.8625 0.596875 0.0734375 0.3171875
0 0.98984375 0.553125 0.0203125 0.1359375
0 0.3359375 0.6328125 0.090625 0.4296875
0 0.50078125 0.58515625 0.0625 0.3765625
0 0.54609375 0.47890625 0.0046875 0.0390625
0 0.3140625 0.475 0.0125 0.0203125
0 0.353125 0.47578125 0.0078125 0.0078125
0 0.35703125 0.45859375 0.015625 0.025
0 0.4171875 0.46640625 0.0046875 0.0078125
0 0.4328125 0.4625 0.0046875 0.0109375
0 0.48125 0.45859375 0.009375 0.0234375
0 0.515625 0.4625 0.0140625 0.0078125
0 0.528125 0.4640625 0.0078125 0.009375
0 0.540625 0.46171875 0.015625 0.00625
0 0.53984375 0.484375 0.0015625 0.0078125
0 0.5578125 0.4640625 0.003125 0.00625
0 0.56953125 0.47109375 0.0109375 0.0265625
0 0.58984375 0.475 0.0046875 0.0109375