0 0.41796875 0.51796875 0.146875 0.3203125
0 0.44375 0.51796875 0.0765625 0.2859375
0 0.50859375 0.51484375 0.078125 0.340625
0 0.5640625 0.50859375 0.084375 0.3203125
0 0.95 0.49765625 0.1 0.28125
0 0.87265625 0.38671875 0.0140625 0.0484375
0 0.9390625 0.3703125 0.021875 0.053125
0 0.91484375 0.38984375 0.01875 0.059375
0 0.8921875 0.40078125 0.0109375 0.0875
0 0.865625 0.39765625 0.015625 0.071875
0 0.91171875 0.39140625 0.015625 0.053125
0 0.91796875 0.38359375 0.0078125 0.04375
0 0.8359375 0.39921875 0.009375 0.046875
0 0.846875 0.4 0.0046875 0.015625
0 0.08125 0.0703125 0.0265625 0.0671875