0 0.8546875 0.60625 0.2890625 0.7859375
0 0.6921875 0.58203125 0.1515625 0.6
0 0.5921875 0.54765625 0.2390625 0.6609375
0 0.3734375 0.47578125 0.30625 0.675
0 0.1359375 0.40390625 0.271875 0.4171875
0 0.9515625 0.29140625 0.075 0.15
0 0.72265625 0.23515625 0.0890625 0.1234375
0 0.503125 0.3 0.075 0.23125
0 0.44921875 0.22734375 0.0546875 0.0796875
0 0.4546875 0.20625 0.059375 0.1125
0 0.28984375 0.21640625 0.0609375 0.1109375
0 0.2328125 0.25859375 0.0671875 0.18125
0 0.8890625 0.384375 0.203125 0.346875
0 0.21484375 0.75234375 0.39375 0.4640625
0 0.7984375 0.2109375 0.0515625 0.0609375
0 0.69453125 0.22109375 0.03125 0.075
0 0.90703125 0.26875 0.084375 0.0921875
0 0.41484375 0.1984375 0.034375 0.06875
0 0.0984375 0.23125 0.1921875 0.1640625
0 0.2359375 0.28359375 0.05625 0.096875