0 0.91171875 0.6984375 0.05 0.1828125
0 0.821875 0.66953125 0.0359375 0.13125
0 0.77578125 0.66015625 0.0171875 0.0765625
0 0.76484375 0.684375 0.0328125 0.115625
0 0.759375 0.67890625 0.0203125 0.1140625
0 0.671875 0.734375 0.078125 0.165625
0 0.571875 0.696875 0.040625 0.1609375
0 0.5828125 0.6890625 0.0203125 0.10625
0 0.5625 0.68125 0.01875 0.0953125
0 0.54296875 0.70390625 0.0375 0.14375
0 0.48515625 0.659375 0.021875 0.046875
0 0.4671875 0.665625 0.01875 0.040625
0 0.4515625 0.66640625 0.0171875 0.0453125
0 0.4375 0.7015625 0.0390625 0.0578125
0 0.4421875 0.6859375 0.0125 0.0359375
0 0.42890625 0.71171875 0.0265625 0.1125
0 0.40390625 0.725 0.03125 0.1796875
0 0.4078125 0.715625 0.04375 0.1890625
0 0.4046875 0.71171875 0.0390625 0.1765625
0 0.3640625 0.71953125 0.0296875 0.1609375
0 0.33828125 0.7265625 0.0234375 0.1546875
0 0.3171875 0.72421875 0.04375 0.1734375
0 0.27890625 0.72890625 0.0453125 0.1859375
0 0.3 0.7109375 0.01875 0.1453125
0 0.2921875 0.65703125 0.0140625 0.0359375
0 0.27421875 0.71328125 0.0328125 0.1578125
0 0.3109375 0.71015625 0.0234375 0.14375
0 0.2671875 0.6578125 0.0109375 0.0125
0 0.24140625 0.74375 0.0625 0.2453125
0 0.21796875 0.73046875 0.025 0.1640625
0 0.20390625 0.72109375 0.0296875 0.1609375
0 0.1984375 0.66796875 0.0140625 0.0234375
0 0.18515625 0.68984375 0.0203125 0.075
0 0.17421875 0.709375 0.028125 0.10625
0 0.159375 0.6953125 0.0171875 0.0703125
0 0.14453125 0.69375 0.0203125 0.0734375
0 0.15390625 0.6921875 0.0109375 0.065625
0 0.125 0.6828125 0.0125 0.040625
0 0.121875 0.70703125 0.0203125 0.0484375
0 0.1203125 0.7046875 0.03125 0.0515625
0 0.1203125 0.7 0.0140625 0.034375
0 0.06953125 0.696875 0.01875 0.0703125
0 0.0640625 0.77421875 0.09375 0.125
0 0.08828125 0.76953125 0.1 0.1140625
0 0.0875 0.765625 0.059375 0.1203125
0 0.040625 0.69375 0.0609375 0.103125
0 0.16640625 0.6671875 0.0078125 0.015625
0 0.28984375 0.63515625 0.015625 0.0171875
0 0.37890625 0.67265625 0.0125 0.021875
0 0.2296875 0.6515625 0.0078125 0.0109375
0 0.178125 0.66796875 0.00625 0.009375
0 0.13125 0.6828125 0.00625 0.0171875