0 0.071875 0.471875 0.0890625 0.2890625
0 0.21328125 0.45390625 0.075 0.240625
0 0.17265625 0.353125 0.015625 0.065625
0 0.5078125 0.56796875 0.1109375 0.4453125
0 0.66484375 0.553125 0.1390625 0.4359375
0 0.76953125 0.5921875 0.121875 0.49375
0 0.91640625 0.590625 0.1265625 0.56875
0 0.884375 0.35703125 0.0453125 0.1140625
0 0.8609375 0.409375 0.0453125 0.2015625
0 0.81640625 0.40859375 0.040625 0.2046875
0 0.79140625 0.33828125 0.028125 0.0671875
0 0.759375 0.3421875 0.04375 0.0953125
0 0.728125 0.37109375 0.0421875 0.15625
0 0.703125 0.353125 0.0265625 0.0734375
0 0.63828125 0.359375 0.0296875 0.090625
0 0.684375 0.35390625 0.01875 0.0953125
0 0.6703125 0.3265625 0.021875 0.0359375
0 0.621875 0.33828125 0.0203125 0.059375
0 0.94453125 0.37265625 0.03125 0.053125
0 0.65390625 0.32578125 0.0203125 0.0296875
0 0.69140625 0.37890625 0.0109375 0.0359375
0 0.6171875 0.32109375 0.0125 0.0203125
0 0.3703125 0.3484375 0.059375 0.0625
0 0.43359375 0.33203125 0.059375 0.028125
0 0.509375 0.32421875 0.0640625 0.01875
0 0.08125 0.32890625 0.0203125 0.021875
0 0.2703125 0.32734375 0.05625 0.0234375
0 0.68359375 0.31640625 0.0203125 0.021875