0 0.92109375 0.76484375 0.059375 0.26875
0 0.8796875 0.759375 0.0765625 0.25
0 0.87109375 0.68828125 0.05 0.090625
0 0.75859375 0.73671875 0.04375 0.190625
0 0.7453125 0.73046875 0.0515625 0.196875
0 0.78828125 0.66328125 0.03125 0.0703125
0 0.70546875 0.7125 0.046875 0.1375
0 0.66328125 0.76796875 0.0546875 0.159375
0 0.63515625 0.7203125 0.0265625 0.1171875
0 0.58671875 0.740625 0.0609375 0.228125
0 0.5953125 0.73125 0.0515625 0.2125
0 0.60546875 0.72890625 0.0375 0.203125
0 0.565625 0.65859375 0.021875 0.0484375
0 0.5640625 0.69375 0.0203125 0.1296875
0 0.55625 0.68515625 0.0203125 0.103125
0 0.4734375 0.825 0.0875 0.346875
0 0.52890625 0.7484375 0.0625 0.221875
0 0.54296875 0.68828125 0.0265625 0.125
0 0.50703125 0.67265625 0.0296875 0.09375
0 0.4515625 0.66953125 0.0390625 0.0984375
0 0.475 0.65078125 0.0171875 0.015625
0 0.43828125 0.70546875 0.0296875 0.1421875
0 0.37890625 0.82890625 0.090625 0.3390625
0 0.390625 0.67734375 0.0609375 0.1109375
0 0.340625 0.675 0.0375 0.0859375
0 0.309375 0.796875 0.0734375 0.3234375
0 0.26796875 0.71875 0.0328125 0.1828125
0 0.25390625 0.75078125 0.040625 0.2125
0 0.2328125 0.78828125 0.0625 0.328125
0 0.1734375 0.79375 0.0984375 0.409375
0 0.2078125 0.653125 0.025 0.0484375
0 0.103125 0.8140625 0.0828125 0.36875
0 0.134375 0.65703125 0.0328125 0.0484375
0 0.10390625 0.775 0.0734375 0.290625
0 0.12734375 0.67265625 0.021875 0.0703125
0 0.07734375 0.6796875 0.0203125 0.053125
0 0.05234375 0.7140625 0.025 0.1328125
0 0.0125 0.65859375 0.0171875 0.028125
0 0.01328125 0.66171875 0.0171875 0.034375
0 0.77421875 0.68046875 0.0265625 0.0890625
0 0.67109375 0.63984375 0.0234375 0.028125
0 0.67265625 0.77265625 0.0125 0.0171875
0 0.5484375 0.64296875 0.0171875 0.028125
0 0.45078125 0.70703125 0.0296875 0.059375
0 0.4828125 0.6484375 0.0375 0.0453125
0 0.41484375 0.67265625 0.0375 0.0765625
0 0.359375 0.6796875 0.0375 0.096875
0 0.28359375 0.6640625 0.040625 0.0703125
0 0.24140625 0.64609375 0.0140625 0.03125
0 0.19609375 0.65234375 0.0171875 0.046875
0 0.159375 0.65234375 0.021875 0.04375
0 0.0109375 0.80859375 0.021875 0.2140625