0 0.096875 0.72890625 0.1921875 0.534375
0 0.14140625 0.59921875 0.0921875 0.153125
0 0.25390625 0.63515625 0.1203125 0.334375
0 0.36953125 0.5625 0.1296875 0.225
0 0.45390625 0.51328125 0.06875 0.1796875
0 0.3921875 0.7359375 0.2109375 0.40625
0 0.50078125 0.628125 0.128125 0.3359375
0 0.609375 0.653125 0.1109375 0.2578125
0 0.66796875 0.6640625 0.084375 0.278125
0 0.84609375 0.6203125 0.1375 0.340625
0 0.9375 0.57890625 0.1 0.1203125
0 0.84765625 0.440625 0.13125 0.271875
0 0.846875 0.4953125 0.0546875 0.146875
0 0.91015625 0.38828125 0.13125 0.215625
0 0.95859375 0.39375 0.08125 0.209375
0 0.80546875 0.33046875 0.0359375 0.0921875
0 0.7 0.38203125 0.028125 0.209375
0 0.61953125 0.3125 0.071875 0.075
0 0.5484375 0.4625 0.0890625 0.4
0 0.47578125 0.309375 0.084375 0.096875
0 0.35078125 0.30625 0.0546875 0.0953125
0 0.38984375 0.296875 0.0578125 0.1015625
0 0.29921875 0.30234375 0.103125 0.0953125
0 0.2328125 0.3140625 0.0828125 0.1578125
0 0.16328125 0.34765625 0.103125 0.134375
0 0.08359375 0.35859375 0.084375 0.125
0 0.05859375 0.36953125 0.1 0.20625
0 0.025 0.36875 0.05 0.1953125
0 0.2671875 0.2671875 0.0375 0.059375
0 0.46484375 0.29609375 0.084375 0.103125
0 0.47109375 0.284375 0.090625 0.121875
0 0.5515625 0.2828125 0.075 0.109375
0 0.62421875 0.284375 0.090625 0.13125
0 0.95546875 0.48984375 0.0875 0.1046875
0 0.05078125 0.2984375 0.071875 0.084375
0 0.57890625 0.2828125 0.034375 0.071875
0 0.42578125 0.303125 0.0421875 0.0703125
0 0.89296875 0.2921875 0.165625 0.096875