0 0.9625 0.81875 0.0734375 0.3609375
0 0.7421875 0.8265625 0.15 0.34375
0 0.62578125 0.90859375 0.0921875 0.18125
0 0.70546875 0.9140625 0.0953125 0.16875
0 0.46953125 0.928125 0.1296875 0.140625
0 0.48515625 0.86640625 0.0796875 0.1171875
0 0.20859375 0.8109375 0.2609375 0.375
0 0.0921875 0.92421875 0.0984375 0.15
0 0.02578125 0.79609375 0.0515625 0.171875
0 0.0359375 0.809375 0.0703125 0.203125
0 0.103125 0.821875 0.0671875 0.171875
0 0.07578125 0.79375 0.0515625 0.1796875
0 0.11328125 0.79921875 0.046875 0.1296875
0 0.14453125 0.78125 0.0484375 0.159375
0 0.2921875 0.80234375 0.03125 0.1453125
0 0.2984375 0.8015625 0.028125 0.1515625
0 0.3015625 0.790625 0.0390625 0.1671875
0 0.3390625 0.765625 0.0546875 0.103125
0 0.3421875 0.8390625 0.059375 0.2265625
0 0.3890625 0.84609375 0.05 0.246875
0 0.43125 0.84375 0.0546875 0.1390625
0 0.43828125 0.76015625 0.06875 0.140625
0 0.4671875 0.76328125 0.034375 0.1046875
0 0.5046875 0.78671875 0.0546875 0.1859375
0 0.5609375 0.84296875 0.0609375 0.3125
0 0.603125 0.71015625 0.1171875 0.321875
0 0.6703125 0.7703125 0.0515625 0.1875