0 0.18984375 0.590625 0.1296875 0.4125
0 0.3453125 0.56796875 0.0578125 0.2890625
0 0.403125 0.5796875 0.1046875 0.371875
0 0.428125 0.52578125 0.075 0.225
0 0.62421875 0.5171875 0.0421875 0.1859375
0 0.66640625 0.54453125 0.071875 0.2546875
0 0.65 0.53671875 0.04375 0.19375
0 0.69375 0.52734375 0.0375 0.1875
0 0.721875 0.52578125 0.0390625 0.1671875
0 0.7484375 0.52265625 0.025 0.1015625
0 0.7671875 0.51953125 0.025 0.096875
0 0.778125 0.51640625 0.0171875 0.078125
0 0.7859375 0.5125 0.0125 0.0515625
0 0.803125 0.51484375 0.025 0.0734375
0 0.81171875 0.51171875 0.0109375 0.05
0 0.846875 0.5 0.0421875 0.1015625
0 0.80546875 0.36171875 0.046875 0.0390625
0 0.83515625 0.53359375 0.0140625 0.0359375
0 0.78046875 0.51484375 0.0109375 0.05
0 0.70625 0.52109375 0.0203125 0.134375