0 0.071875 0.65859375 0.0921875 0.215625
0 0.22890625 0.77265625 0.13125 0.375
0 0.2625 0.80078125 0.16875 0.3953125
0 0.16875 0.6234375 0.0671875 0.1234375
0 0.1390625 0.60859375 0.065625 0.1328125
0 0.52734375 0.746875 0.0953125 0.3203125
0 0.47421875 0.653125 0.0421875 0.090625
0 0.4609375 0.65078125 0.0609375 0.1546875
0 0.61953125 0.75859375 0.10625 0.3109375
0 0.6125 0.62421875 0.05 0.0984375
0 0.5921875 0.62109375 0.0515625 0.1046875
0 0.528125 0.628125 0.0546875 0.1203125
0 0.5375 0.575 0.0484375 0.153125
0 0.5359375 0.575 0.05 0.15625
0 0.590625 0.55546875 0.0453125 0.140625
0 0.67265625 0.58203125 0.05 0.0765625
0 0.7046875 0.63046875 0.0265625 0.1546875
0 0.7609375 0.58046875 0.0296875 0.059375
0 0.8484375 0.7 0.08125 0.1921875
0 0.92109375 0.6890625 0.0734375 0.225
0 0.85546875 0.57265625 0.0453125 0.071875
0 0.87421875 0.6 0.0578125 0.1109375
0 0.9703125 0.67421875 0.0578125 0.1421875
0 0.94375 0.65859375 0.04375 0.1640625
0 0.96171875 0.628125 0.0453125 0.109375
0 0.978125 0.6015625 0.0421875 0.09375
0 0.8984375 0.5609375 0.0296875 0.065625
0 0.81796875 0.55078125 0.034375 0.078125
0 0.85078125 0.5203125 0.0375 0.034375
0 0.03203125 0.5546875 0.0484375 0.1
0 0.203125 0.54296875 0.0453125 0.090625
0 0.4625 0.52421875 0.0765625 0.0921875
0 0.33046875 0.565625 0.0609375 0.090625