0 0.99296875 0.3859375 0.0125 0.0359375
0 0.96171875 0.3890625 0.015625 0.021875
0 0.946875 0.38984375 0.0171875 0.03125
0 0.925 0.40546875 0.0234375 0.05625
0 0.89765625 0.409375 0.0171875 0.059375
0 0.78671875 0.4203125 0.01875 0.078125
0 0.77734375 0.41640625 0.0125 0.078125
0 0.746875 0.41796875 0.015625 0.0953125
0 0.696875 0.390625 0.0125 0.034375
0 0.67109375 0.40546875 0.015625 0.0640625
0 0.83359375 0.67578125 0.296875 0.6453125
0 0.60859375 0.659375 0.1359375 0.6484375
0 0.49609375 0.65390625 0.134375 0.6890625
0 0.42421875 0.56875 0.078125 0.4046875
0 0.3828125 0.5140625 0.0515625 0.33125
0 0.36015625 0.51171875 0.03125 0.265625
0 0.34296875 0.4984375 0.0609375 0.275
0 0.31796875 0.66328125 0.1453125 0.615625
0 0.265625 0.5109375 0.034375 0.296875
0 0.21875 0.43984375 0.0359375 0.1203125
0 0.1640625 0.65546875 0.14375 0.6453125
0 0.084375 0.40703125 0.03125 0.075
0 0.80703125 0.41640625 0.01875 0.1078125
0 0.76171875 0.4140625 0.0171875 0.090625
0 0.73046875 0.41328125 0.028125 0.096875
0 0.64375 0.40703125 0.0203125 0.059375
0 0.3640625 0.38125 0.015625 0.025
0 0.56484375 0.4 0.0625 0.0625
0 0.4671875 0.39375 0.065625 0.046875
0 0.1234375 0.40859375 0.0265625 0.0390625
0 0.18203125 0.41015625 0.028125 0.065625
0 0.05546875 0.4390625 0.046875 0.125