0 0.3953125 0.81640625 0.0359375 0.1984375
0 0.42734375 0.8125 0.0375 0.209375
0 0.540625 0.80703125 0.05 0.1734375
0 0.5828125 0.7984375 0.0421875 0.1875
0 0.6046875 0.784375 0.028125 0.1359375
0 0.52421875 0.78828125 0.0203125 0.13125
0 0.55234375 0.765625 0.0234375 0.0765625
0 0.546875 0.7328125 0.0203125 0.0453125
0 0.46640625 0.78046875 0.01875 0.0984375
0 0.484375 0.775 0.021875 0.1015625
0 0.459375 0.76640625 0.01875 0.0890625
0 0.44765625 0.7671875 0.0171875 0.1015625
0 0.43359375 0.775 0.0171875 0.0875
0 0.5 0.75390625 0.0140625 0.075
0 0.51171875 0.75859375 0.0125 0.065625
0 0.503125 0.7390625 0.0640625 0.046875