0 0.965625 0.7859375 0.0671875 0.365625
0 0.94765625 0.7734375 0.0734375 0.33125
0 0.86875 0.7 0.078125 0.3
0 0.659375 0.75390625 0.075 0.3890625
0 0.621875 0.7203125 0.0515625 0.296875
0 0.596875 0.7171875 0.040625 0.253125
0 0.5609375 0.725 0.0796875 0.2875
0 0.55703125 0.71015625 0.0515625 0.2734375
0 0.48984375 0.76875 0.1109375 0.409375
0 0.37421875 0.7625 0.090625 0.403125
0 0.3265625 0.71796875 0.05 0.278125
0 0.25546875 0.7125 0.0671875 0.3453125
0 0.1859375 0.78671875 0.1234375 0.4078125
0 0.15703125 0.70546875 0.071875 0.3515625
0 0.034375 0.78046875 0.06875 0.3984375
0 0.015625 0.60859375 0.03125 0.0828125
0 0.540625 0.6046875 0.0234375 0.08125
0 0.4515625 0.6203125 0.0421875 0.08125
0 0.5125 0.60234375 0.0390625 0.0765625
0 0.58828125 0.58671875 0.0484375 0.0421875
0 0.63359375 0.58515625 0.0234375 0.0515625
0 0.43828125 0.178125 0.0390625 0.35625
0 0.4046875 0.590625 0.028125 0.08125