0 0.31484375 0.6 0.0671875 0.2875
0 0.3640625 0.621875 0.0953125 0.33125
0 0.70390625 0.5921875 0.059375 0.221875
0 0.75859375 0.62734375 0.0828125 0.2890625
0 0.7859375 0.53125 0.053125 0.109375
0 0.8265625 0.6375 0.078125 0.296875
0 0.9125 0.575 0.0765625 0.2203125
0 0.965625 0.57421875 0.0671875 0.209375
0 0.98125 0.4953125 0.0265625 0.0484375
0 0.94375 0.4984375 0.0203125 0.028125
0 0.94453125 0.484375 0.0140625 0.0265625
0 0.8875 0.509375 0.021875 0.0703125
0 0.86796875 0.5109375 0.01875 0.078125
0 0.859375 0.51015625 0.0265625 0.0890625
0 0.83671875 0.50546875 0.025 0.0609375
0 0.8421875 0.50234375 0.0234375 0.0703125
0 0.17734375 0.48125 0.2671875 0.2984375
0 0.3640625 0.43671875 0.0390625 0.08125
0 0.52578125 0.46640625 0.121875 0.21875
0 0.73046875 0.48515625 0.0375 0.103125
0 0.78984375 0.46953125 0.0375 0.084375
0 0.9015625 0.37890625 0.025 0.0484375
0 0.90234375 0.2859375 0.015625 0.046875
0 0.90703125 0.45390625 0.021875 0.0375
0 0.990625 0.51015625 0.01875 0.09375
0 0.9515625 0.48515625 0.009375 0.0328125
0 0.928125 0.484375 0.0203125 0.0375
0 0.89609375 0.48984375 0.009375 0.0234375
0 0.81875 0.48515625 0.021875 0.034375