0 0.88828125 0.40390625 0.040625 0.109375
0 0.83359375 0.40390625 0.040625 0.1296875
0 0.8109375 0.415625 0.0328125 0.1015625
0 0.64296875 0.515625 0.134375 0.40625
0 0.45859375 0.51640625 0.1140625 0.4171875
0 0.33984375 0.47578125 0.090625 0.2984375
0 0.2765625 0.52109375 0.15 0.3875
0 0.23984375 0.46328125 0.096875 0.321875
0 0.55234375 0.39609375 0.028125 0.084375
0 0.15234375 0.41328125 0.0515625 0.14375
0 0.0921875 0.390625 0.0328125 0.09375
0 0.03203125 0.38359375 0.0265625 0.0625
0 0.01796875 0.37890625 0.0171875 0.0625
0 0.55546875 0.39921875 0.025 0.090625
0 0.11015625 0.38046875 0.1265625 0.06875
0 0.30078125 0.37109375 0.0453125 0.0546875
0 0.38359375 0.39765625 0.04375 0.0921875
0 0.4328125 0.37421875 0.01875 0.028125
0 0.509375 0.4125 0.025 0.071875
0 0.68515625 0.409375 0.046875 0.103125