0 0.32265625 0.35859375 0.028125 0.05
0 0.340625 0.35 0.015625 0.0328125
0 0.159375 0.50234375 0.075 0.371875
0 0.15859375 0.52578125 0.06875 0.3609375
0 0.21953125 0.55625 0.1453125 0.446875
0 0.37421875 0.528125 0.1265625 0.428125
0 0.5703125 0.55078125 0.14375 0.4984375
0 0.615625 0.39296875 0.034375 0.1484375
0 0.659375 0.47265625 0.1015625 0.3421875
0 0.65859375 0.34140625 0.0234375 0.0546875
0 0.77578125 0.48046875 0.0796875 0.353125
0 0.80546875 0.49453125 0.1109375 0.38125
0 0.928125 0.54921875 0.1421875 0.515625
0 0.97734375 0.38828125 0.0421875 0.1609375
0 0.02578125 0.384375 0.0359375 0.0859375
0 0.2265625 0.37265625 0.046875 0.1
0 0.709375 0.34921875 0.08125 0.0390625