0 0.334375 0.88671875 0.1 0.2234375
0 0.36875 0.86875 0.1609375 0.259375
0 0.496875 0.859375 0.1234375 0.2796875
0 0.553125 0.846875 0.103125 0.3046875
0 0.5953125 0.84375 0.0875 0.309375
0 0.634375 0.7203125 0.0546875 0.1765625
0 0.671875 0.79296875 0.0734375 0.4109375
0 0.7109375 0.734375 0.0484375 0.33125
0 0.73515625 0.7203125 0.0625 0.321875
0 0.759375 0.7015625 0.059375 0.2453125
0 0.78203125 0.6515625 0.046875 0.15625
0 0.79375 0.6671875 0.0390625 0.215625
0 0.8015625 0.659375 0.046875 0.203125
0 0.8140625 0.63671875 0.040625 0.2125
0 0.834375 0.6328125 0.0453125 0.196875
0 0.8578125 0.609375 0.0328125 0.196875
0 0.8953125 0.7 0.05 0.309375
0 0.9265625 0.65625 0.040625 0.2765625
0 0.0921875 0.9578125 0.0671875 0.0828125
0 0.9125 0.959375 0.084375 0.078125
0 0.9890625 0.896875 0.0203125 0.203125
0 0.64765625 0.65546875 0.034375 0.071875
0 0.71953125 0.80625 0.075 0.31875
0 0.840625 0.559375 0.0234375 0.046875
0 0.875 0.56640625 0.034375 0.125
0 0.9140625 0.53671875 0.028125 0.0546875