0 0.2625 0.64375 0.09375 0.3828125
0 0.36875 0.659375 0.059375 0.3671875
0 0.4234375 0.63203125 0.125 0.4546875
0 0.5 0.64765625 0.090625 0.390625
0 0.48671875 0.47421875 0.0265625 0.0640625
0 0.5171875 0.4671875 0.0265625 0.0734375
0 0.58046875 0.6453125 0.0875 0.403125
0 0.53984375 0.621875 0.059375 0.403125
0 0.70546875 0.71171875 0.1375 0.5328125
0 0.6640625 0.5359375 0.0359375 0.109375
0 0.81328125 0.75234375 0.1015625 0.4625
0 0.6 0.4671875 0.0203125 0.0875
0 0.6125 0.4671875 0.015625 0.0671875
0 0.58984375 0.43828125 0.015625 0.0375
0 0.5703125 0.434375 0.021875 0.034375