0 0.83828125 0.53828125 0.0328125 0.115625
0 0.81015625 0.528125 0.0234375 0.08125
0 0.78359375 0.48203125 0.015625 0.0484375
0 0.7421875 0.55234375 0.08125 0.2921875
0 0.7640625 0.55859375 0.065625 0.246875
0 0.68515625 0.5375 0.04375 0.2078125
0 0.6171875 0.54921875 0.046875 0.2359375
0 0.58046875 0.56015625 0.04375 0.225
0 0.53359375 0.525 0.0359375 0.1921875
0 0.5484375 0.51328125 0.0125 0.0859375
0 0.50546875 0.5375 0.0375 0.1796875
0 0.46953125 0.540625 0.03125 0.15625
0 0.46953125 0.525 0.028125 0.1125
0 0.446875 0.50859375 0.0140625 0.059375
0 0.43671875 0.5 0.0140625 0.071875
0 0.41640625 0.515625 0.0234375 0.10625
0 0.3578125 0.53984375 0.0234375 0.125
0 0.31796875 0.63359375 0.0796875 0.3875
0 0.30546875 0.50859375 0.0296875 0.121875
0 0.22734375 0.51484375 0.0234375 0.1046875
0 0.2046875 0.48125 0.028125 0.071875
0 0.18515625 0.65234375 0.0984375 0.4671875
0 0.7296875 0.47265625 0.028125 0.0546875
0 0.6640625 0.484375 0.0375 0.13125
0 0.484375 0.49140625 0.0265625 0.0671875
0 0.428125 0.49453125 0.015625 0.059375
0 0.3953125 0.49609375 0.0421875 0.0671875
0 0.1140625 0.13828125 0.078125 0.190625
0 0.096875 0.484375 0.0671875 0.15625
0 0.028125 0.66328125 0.05625 0.4265625
0 0.45859375 0.48046875 0.0140625 0.040625
0 0.5203125 0.49453125 0.0109375 0.05625