0 0.05078125 0.84140625 0.0703125 0.3125
0 0.02734375 0.72109375 0.0234375 0.046875
0 0.0859375 0.84609375 0.0421875 0.3046875
0 0.36015625 0.8 0.1359375 0.3953125
0 0.34296875 0.81953125 0.065625 0.35625
0 0.4140625 0.82109375 0.0453125 0.3546875
0 0.446875 0.834375 0.10625 0.328125
0 0.52734375 0.82578125 0.0859375 0.34375
0 0.4875 0.8375 0.0390625 0.321875
0 0.61796875 0.82265625 0.0484375 0.296875
0 0.65625 0.80859375 0.05 0.259375
0 0.72421875 0.828125 0.059375 0.28125
0 0.6890625 0.803125 0.0265625 0.1734375
0 0.62265625 0.821875 0.04375 0.2359375
0 0.6015625 0.81875 0.0328125 0.209375
0 0.815625 0.81484375 0.059375 0.2375
0 0.86796875 0.81015625 0.0578125 0.25
0 0.7796875 0.8 0.028125 0.153125
0 0.79140625 0.834375 0.021875 0.08125
0 0.90703125 0.803125 0.04375 0.178125
0 0.896875 0.80625 0.028125 0.153125
0 0.95078125 0.78203125 0.01875 0.103125
0 0.93984375 0.790625 0.0171875 0.090625
0 0.9265625 0.78203125 0.0109375 0.0484375
0 0.88671875 0.75703125 0.0140625 0.0359375
0 0.83515625 0.78828125 0.025 0.121875
0 0.7671875 0.77734375 0.05625 0.1046875
0 0.69921875 0.74765625 0.0109375 0.028125
0 0.578125 0.775 0.0484375 0.1
0 0.14296875 0.29453125 0.0875 0.2984375
0 0.08984375 0.690625 0.04375 0.06875
0 0.05234375 0.953125 0.0203125 0.090625
0 0.015625 0.97265625 0.0171875 0.0421875
0 0.34765625 0.665625 0.03125 0.05625
0 0.49609375 0.70390625 0.0328125 0.0671875
0 0.87890625 0.83203125 0.0125 0.09375