0 0.55859375 0.81953125 0.3046875 0.359375
0 0.5859375 0.759375 0.3578125 0.4546875
0 0.92421875 0.55703125 0.1484375 0.7484375
0 0.91796875 0.484375 0.128125 0.6171875
0 0.93671875 0.46015625 0.11875 0.5078125
0 0.16796875 0.8125 0.0765625 0.1859375
0 0.21328125 0.76796875 0.0640625 0.1203125
0 0.2828125 0.84921875 0.16875 0.29375
0 0.396875 0.78203125 0.1203125 0.29375
0 0.43046875 0.69453125 0.1578125 0.21875
0 0.25625 0.64375 0.0921875 0.1921875
0 0.0390625 0.7140625 0.0546875 0.253125
0 0.084375 0.67109375 0.0875 0.2296875
0 0.06328125 0.52421875 0.0578125 0.084375
0 0.29453125 0.5546875 0.05625 0.1328125
0 0.371875 0.59765625 0.0859375 0.2484375
0 0.33828125 0.6484375 0.0375 0.2375
0 0.3671875 0.48046875 0.0734375 0.1109375
0 0.48671875 0.5671875 0.059375 0.234375
0 0.56484375 0.515625 0.078125 0.35
0 0.62421875 0.52109375 0.0671875 0.2890625
0 0.675 0.39609375 0.0578125 0.1140625
0 0.73828125 0.4703125 0.0953125 0.38125
0 0.79921875 0.5015625 0.046875 0.11875
0 0.8140625 0.49296875 0.0515625 0.1078125
0 0.0125 0.48515625 0.025 0.05
0 0.0703125 0.46875 0.0390625 0.05625
0 0.10703125 0.453125 0.025 0.040625
0 0.15859375 0.45703125 0.04375 0.0703125
0 0.24296875 0.4421875 0.034375 0.0671875
0 0.25234375 0.44765625 0.0296875 0.0640625
0 0.2828125 0.4265625 0.0328125 0.0453125
0 0.3046875 0.41640625 0.0109375 0.0234375
0 0.3265625 0.41640625 0.0359375 0.0390625
0 0.3578125 0.41328125 0.028125 0.0453125
0 0.36953125 0.41171875 0.0203125 0.0765625
0 0.39453125 0.43125 0.028125 0.090625
0 0.40546875 0.415625 0.015625 0.06875
0 0.40625 0.38828125 0.01875 0.025
0 0.3859375 0.3921875 0.0109375 0.028125
0 0.35234375 0.3625 0.0109375 0.0265625
0 0.340625 0.3734375 0.015625 0.0234375
0 0.34921875 0.378125 0.0203125 0.015625
0 0.29921875 0.37109375 0.015625 0.025
0 0.284375 0.3703125 0.01875 0.021875
0 0.26875 0.36953125 0.01875 0.01875
0 0.2625 0.36953125 0.0203125 0.021875
0 0.2921875 0.3546875 0.0078125 0.0234375
0 0.296875 0.3546875 0.0078125 0.0234375
0 0.30546875 0.35703125 0.0078125 0.0234375
0 0.34453125 0.3578125 0.0078125 0.0171875
0 0.26484375 0.35625 0.0046875 0.021875
0 0.25859375 0.34609375 0.003125 0.0046875
0 0.2546875 0.36015625 0.0109375 0.028125
0 0.24375 0.36875 0.0140625 0.0234375
0 0.21953125 0.3609375 0.009375 0.03125
0 0.15234375 0.37109375 0.0140625 0.0265625
0 0.140625 0.371875 0.0109375 0.025
0 0.13046875 0.3734375 0.0078125 0.0234375
0 0.125 0.37421875 0.0078125 0.0234375
0 0.11640625 0.37421875 0.0109375 0.028125
0 0.115625 0.375 0.0203125 0.0234375
0 0.08515625 0.37890625 0.015625 0.021875
0 0.8015625 0.3265625 0.0234375 0.0625
0 0.86796875 0.30859375 0.0421875 0.05625
0 0.88046875 0.3140625 0.0296875 0.0625
0 0.6390625 0.3859375 0.01875 0.025
0 0.6 0.38359375 0.015625 0.034375
0 0.6109375 0.37890625 0.0171875 0.025
0 0.53359375 0.37265625 0.0140625 0.028125
0 0.51015625 0.36640625 0.0078125 0.0375
0 0.50234375 0.3609375 0.00625 0.0203125
0 0.49921875 0.378125 0.0109375 0.0453125
0 0.48515625 0.37890625 0.0140625 0.04375
0 0.471875 0.37109375 0.0140625 0.0421875
0 0.465625 0.3671875 0.0171875 0.025
0 0.45859375 0.36640625 0.0140625 0.0265625
0 0.45 0.36875 0.01875 0.021875
0 0.39296875 0.36484375 0.009375 0.0375
0 0.4 0.36484375 0.0078125 0.0375
0 0.4078125 0.36796875 0.0109375 0.01875
0 0.42421875 0.378125 0.0140625 0.0453125
0 0.4359375 0.36875 0.0109375 0.028125
0 0.43515625 0.39765625 0.0140625 0.053125
0 0.43671875 0.45078125 0.025 0.0953125
0 0.4609375 0.44609375 0.03125 0.11875
0 0.47265625 0.4625 0.028125 0.1015625
0 0.50859375 0.45234375 0.034375 0.096875
0 0.521875 0.4328125 0.0203125 0.084375
0 0.52265625 0.5609375 0.0296875 0.178125
0 0.590625 0.58828125 0.01875 0.090625
0 0.453125 0.39296875 0.015625 0.04375
0 0.43125 0.36484375 0.0046875 0.0203125
0 0.109375 0.88828125 0.1875 0.2234375
0 0.34765625 0.39921875 0.00625 0.009375
0 0.37265625 0.36875 0.0375 0.046875
0 0.35390625 0.34921875 0.0015625 0.00625
0 0.3234375 0.3703125 0.034375 0.028125
0 0.2828125 0.359375 0.0140625 0.021875
0 0.32734375 0.3515625 0.028125 0.0109375
0 0.2328125 0.353125 0.0265625 0.021875
0 0.23359375 0.3703125 0.0046875 0.0140625
0 0.18515625 0.35703125 0.0625 0.0484375
0 0.115625 0.34921875 0.078125 0.0265625
0 0.14296875 0.36484375 0.0046875 0.00625
0 0.1203125 0.36484375 0.0046875 0.00625
0 0.12578125 0.36328125 0.0015625 0.003125
0 0.0796875 0.36484375 0.00625 0.00625
0 0.12109375 0.32421875 0.23125 0.0171875
0 0.22578125 0.3375 0.0203125 0.009375
0 0.278125 0.3328125 0.065625 0.0265625
0 0.359375 0.3375 0.0984375 0.015625
0 0.446875 0.34453125 0.053125 0.0328125
0 0.59375 0.3171875 0.228125 0.0375
0 0.809375 0.303125 0.11875 0.0390625
0 0.79765625 0.271875 0.0203125 0.0234375
0 0.90546875 0.29375 0.01875 0.0265625
0 0.65 0.38125 0.0078125 0.009375
0 0.66328125 0.34921875 0.0171875 0.028125
0 0.66484375 0.28984375 0.015625 0.01875
0 0.5890625 0.37734375 0.0234375 0.0328125
0 0.50546875 0.36640625 0.00625 0.0234375
0 0.48046875 0.36796875 0.0078125 0.01875
0 0.6328125 0.61796875 0.034375 0.0375
0 0.4125 0.3265625 0.0109375 0.034375
0 0.41953125 0.36875 0.0046875 0.0140625
0 0.3125 0.76875 0.1015625 0.1484375