0 0.62734375 0.87734375 0.0671875 0.0609375
0 0.38515625 0.80390625 0.08125 0.20625
0 0.7703125 0.49609375 0.0640625 0.1890625
0 0.7328125 0.45546875 0.08125 0.175
0 0.375 0.43984375 0.046875 0.16875
0 0.37421875 0.4109375 0.071875 0.1734375
0 0.171875 0.36796875 0.078125 0.1671875
0 0.15703125 0.32890625 0.084375 0.1734375
0 0.2875 0.07734375 0.0234375 0.1078125
0 0.29609375 0.078125 0.03125 0.1265625
0 0.3453125 0.0859375 0.028125 0.1125
0 0.359375 0.09765625 0.028125 0.0953125
0 0.79921875 0.0546875 0.0453125 0.1078125
0 0.7765625 0.04453125 0.0359375 0.0890625
0 0.68046875 0.02890625 0.0234375 0.0578125
0 0.70625 0.01796875 0.0359375 0.0359375