0 0.08671875 0.70546875 0.1390625 0.34375
0 0.18984375 0.70234375 0.140625 0.5921875
0 0.296875 0.6 0.1671875 0.3921875
0 0.55 0.70390625 0.2015625 0.5875
0 0.73203125 0.74453125 0.23125 0.50625
0 0.9046875 0.66875 0.184375 0.396875
0 0.2375 0.59453125 0.0703125 0.490625
0 0.271875 0.47578125 0.0578125 0.228125
0 0.34375 0.45859375 0.046875 0.2171875
0 0.409375 0.52265625 0.0890625 0.346875
0 0.4546875 0.51484375 0.0625 0.3078125
0 0.5109375 0.46015625 0.0703125 0.2796875
0 0.59609375 0.48671875 0.0609375 0.215625
0 0.6265625 0.50625 0.05 0.3046875
0 0.678125 0.5125 0.0671875 0.328125
0 0.73203125 0.42890625 0.0515625 0.15
0 0.77734375 0.51171875 0.0421875 0.253125
0 0.8046875 0.565625 0.0703125 0.390625
0 0.85390625 0.53828125 0.05625 0.390625
0 0.9421875 0.49921875 0.0890625 0.3109375
0 0.23359375 0.36953125 0.0515625 0.1609375
0 0.265625 0.32578125 0.05 0.109375
0 0.303125 0.384375 0.046875 0.1265625
0 0.6390625 0.375 0.7203125 0.1546875
0 0.1109375 0.29765625 0.184375 0.4046875
0 0.8390625 0.165625 0.09375 0.078125
0 0.4046875 0.734375 0.265625 0.528125
0 0.71015625 0.60390625 0.159375 0.153125
0 0.059375 0.78203125 0.11875 0.43125
0 0.91171875 0.82890625 0.1734375 0.3390625