0 0.1671875 0.74765625 0.2203125 0.5
0 0.3234375 0.7375 0.1828125 0.521875
0 0.4 0.65078125 0.0546875 0.26875
0 0.4671875 0.64453125 0.05 0.23125
0 0.51015625 0.64765625 0.05625 0.2375
0 0.55546875 0.63828125 0.053125 0.24375
0 0.5765625 0.603125 0.028125 0.16875
0 0.590625 0.571875 0.028125 0.1359375
0 0.6046875 0.59140625 0.0203125 0.1796875
0 0.5390625 0.54765625 0.0234375 0.059375
0 0.45234375 0.59296875 0.028125 0.121875
0 0.5 0.53671875 0.0453125 0.09375
0 0.52734375 0.54140625 0.0140625 0.071875
0 0.5578125 0.51953125 0.046875 0.028125