0 0.1234375 0.54375 0.115625 0.453125
0 0.2390625 0.56640625 0.1078125 0.375
0 0.28359375 0.49609375 0.0625 0.271875
0 0.34765625 0.43515625 0.0328125 0.0703125
0 0.37734375 0.45625 0.0625 0.159375
0 0.43046875 0.46328125 0.0484375 0.1359375
0 0.59375 0.50390625 0.0609375 0.1421875
0 0.959375 0.47734375 0.0796875 0.396875
0 0.90859375 0.63046875 0.18125 0.7359375
0 0.8734375 0.65 0.1765625 0.696875
0 0.82265625 0.4875 0.10625 0.2625
0 0.79375 0.44140625 0.053125 0.1375
0 0.33125 0.43046875 0.028125 0.090625
0 0.95625 0.603125 0.0859375 0.3234375
0 0.1453125 0.834375 0.15625 0.328125
0 0.40703125 0.42265625 0.028125 0.0703125
0 0.59375 0.021875 0.2703125 0.04375
0 0.97265625 0.02421875 0.0515625 0.0484375