0 0.1078125 0.47890625 0.1546875 0.309375
0 0.28515625 0.51953125 0.065625 0.13125
0 0.20859375 0.646875 0.296875 0.703125
0 0.3703125 0.503125 0.0546875 0.16875
0 0.43046875 0.71875 0.1828125 0.559375
0 0.4234375 0.71953125 0.178125 0.55625
0 0.4734375 0.49921875 0.0671875 0.2609375
0 0.52265625 0.72890625 0.1046875 0.5375
0 0.54921875 0.63671875 0.0546875 0.415625
0 0.5765625 0.490625 0.0265625 0.0734375
0 0.62109375 0.68984375 0.103125 0.6171875
0 0.68203125 0.703125 0.1765625 0.590625
0 0.81015625 0.68203125 0.1765625 0.63125
0 0.92109375 0.721875 0.13125 0.553125
0 0.9765625 0.75390625 0.0453125 0.4921875
0 0.18125 0.4875 0.0328125 0.121875
0 0.50390625 0.453125 0.0296875 0.0609375
0 0.59375 0.48203125 0.03125 0.053125
0 0.65625 0.47578125 0.03125 0.05625
0 0.67890625 0.434375 0.0203125 0.040625
0 0.76015625 0.49296875 0.0421875 0.09375