0 0.0125 0.51875 0.025 0.0953125
0 0.03125 0.50625 0.03125 0.1265625
0 0.05703125 0.51796875 0.021875 0.0984375
0 0.08125 0.50390625 0.0296875 0.121875
0 0.12109375 0.475 0.021875 0.0890625
0 0.15546875 0.4703125 0.0203125 0.09375
0 0.17734375 0.4734375 0.0140625 0.08125
0 0.18828125 0.47265625 0.0171875 0.0890625
0 0.15 0.80859375 0.2296875 0.3796875
0 0.36328125 0.83359375 0.075 0.3296875
0 0.4234375 0.84765625 0.1265625 0.3
0 0.45234375 0.55390625 0.021875 0.140625
0 0.46796875 0.5484375 0.0171875 0.13125
0 0.48359375 0.55390625 0.0515625 0.1453125
0 0.61953125 0.7515625 0.0828125 0.3984375
0 0.5515625 0.94375 0.0703125 0.1078125
0 0.5953125 0.92890625 0.0484375 0.1390625
0 0.72109375 0.925 0.075 0.1453125
0 0.78828125 0.92109375 0.0828125 0.153125
0 0.86953125 0.93125 0.090625 0.134375
0 0.9328125 0.9203125 0.0640625 0.1546875
0 0.0171875 0.4234375 0.0140625 0.01875
0 0.26953125 0.37109375 0.0171875 0.034375
0 0.490625 0.49375 0.0203125 0.0453125
0 0.7515625 0.959375 0.0640625 0.0765625
0 0.63515625 0.95859375 0.0546875 0.0734375
0 0.88671875 0.984375 0.1390625 0.0265625
0 0.9734375 0.9453125 0.0515625 0.1
0 0.1421875 0.2640625 0.0203125 0.0765625