0 0.05 0.57265625 0.1 0.6875
0 0.30078125 0.46796875 0.13125 0.565625
0 0.2765625 0.22421875 0.0515625 0.1234375
0 0.38515625 0.35546875 0.0796875 0.3359375
0 0.34921875 0.25078125 0.034375 0.10625
0 0.4078125 0.328125 0.053125 0.33125
0 0.4703125 0.23046875 0.084375 0.215625
0 0.48359375 0.334375 0.0875 0.278125
0 0.5296875 0.66328125 0.1640625 0.66875
0 0.546875 0.27109375 0.078125 0.1796875
0 0.5984375 0.36484375 0.078125 0.353125
0 0.6515625 0.35703125 0.065625 0.3734375
0 0.69609375 0.340625 0.0375 0.2484375
0 0.72578125 0.36328125 0.065625 0.353125
0 0.784375 0.48203125 0.1421875 0.590625
0 0.8953125 0.50234375 0.134375 0.559375
0 0.8453125 0.31796875 0.0640625 0.2734375
0 0.428125 0.20390625 0.0234375 0.059375
0 0.515625 0.22421875 0.0375 0.090625
0 0.5671875 0.19296875 0.0390625 0.08125
0 0.7484375 0.228125 0.04375 0.115625
0 0.81953125 0.23828125 0.0234375 0.053125
0 0.43046875 0.40859375 0.0265625 0.096875