0 0.8453125 0.8265625 0.0703125 0.090625
0 0.67109375 0.81640625 0.0515625 0.096875
0 0.61640625 0.8140625 0.0421875 0.11875
0 0.63359375 0.7984375 0.0234375 0.05625
0 0.57734375 0.78515625 0.0390625 0.1078125
0 0.46640625 0.88828125 0.0453125 0.0953125
0 0.3484375 0.8390625 0.046875 0.1890625
0 0.3734375 0.853125 0.0296875 0.1609375
0 0.215625 0.79296875 0.0609375 0.109375
0 0.32890625 0.646875 0.0390625 0.14375
0 0.1453125 0.8453125 0.05625 0.2109375
0 0.09609375 0.84296875 0.0609375 0.1921875
0 0.51796875 0.8109375 0.125 0.31875