0 0.91484375 0.63125 0.1671875 0.734375
0 0.8359375 0.57890625 0.0921875 0.809375
0 0.778125 0.6109375 0.1375 0.7734375
0 0.78671875 0.2359375 0.0609375 0.234375
0 0.653125 0.609375 0.1359375 0.7765625
0 0.67265625 0.55390625 0.1171875 0.8546875
0 0.6171875 0.19375 0.05 0.1453125
0 0.590625 0.55859375 0.065625 0.659375
0 0.52734375 0.5953125 0.14375 0.790625
0 0.5484375 0.48828125 0.0671875 0.6296875
0 0.4953125 0.53359375 0.090625 0.690625
0 0.42734375 0.46875 0.125 0.4671875
0 0.446875 0.19375 0.05 0.10625
0 0.39453125 0.28203125 0.059375 0.221875
0 0.33671875 0.41640625 0.128125 0.3578125
0 0.30234375 0.30859375 0.090625 0.2890625
0 0.259375 0.2296875 0.071875 0.1640625
0 0.2328125 0.3453125 0.10625 0.228125
0 0.159375 0.28359375 0.0640625 0.2625
0 0.10234375 0.56171875 0.1328125 0.78125
0 0.04375 0.5015625 0.0859375 0.7984375
0 0.328125 0.2265625 0.4125 0.1046875
0 0.84453125 0.24296875 0.3078125 0.109375