0 0.89609375 0.465625 0.1234375 0.4203125
0 0.83125 0.38125 0.0484375 0.0640625
0 0.71015625 0.5734375 0.184375 0.85
0 0.60546875 0.7203125 0.1296875 0.5296875
0 0.609375 0.425 0.0703125 0.3390625
0 0.47890625 0.51171875 0.190625 0.7953125
0 0.37890625 0.4546875 0.1234375 0.60625
0 0.29453125 0.50703125 0.11875 0.6109375
0 0.1484375 0.53984375 0.1875 0.7546875
0 0.03046875 0.5453125 0.0609375 0.86875
0 0.05234375 0.50625 0.0984375 0.671875
0 0.21796875 0.475 0.1 0.6421875
0 0.0671875 0.2453125 0.0265625 0.0578125
0 0.103125 0.621875 0.040625 0.0703125
0 0.0484375 0.6046875 0.0125 0.109375