0 0.20234375 0.86875 0.1375 0.259375
0 0.24765625 0.88125 0.0796875 0.234375
0 0.975 0.63828125 0.046875 0.3734375
0 0.9234375 0.62421875 0.09375 0.4109375
0 0.52890625 0.64140625 0.01875 0.05
0 0.5609375 0.67421875 0.05625 0.121875
0 0.571875 0.64765625 0.0421875 0.1046875
0 0.61640625 0.596875 0.03125 0.121875
0 0.63203125 0.56640625 0.0109375 0.046875
0 0.6265625 0.59921875 0.0171875 0.040625
0 0.634375 0.59453125 0.0109375 0.0359375
0 0.6421875 0.57734375 0.0171875 0.0828125
0 0.65 0.57890625 0.025 0.125
0 0.66328125 0.57734375 0.01875 0.046875
0 0.67109375 0.571875 0.01875 0.04375
0 0.70625 0.53359375 0.0078125 0.025
0 0.71328125 0.55 0.0125 0.0625
0 0.71953125 0.55703125 0.01875 0.1109375
0 0.7265625 0.546875 0.0140625 0.06875
0 0.74140625 0.56484375 0.025 0.090625
0 0.77578125 0.54140625 0.009375 0.05
0 0.8 0.54609375 0.0125 0.059375
0 0.8078125 0.54765625 0.009375 0.05
0 0.81796875 0.55859375 0.01875 0.1046875
0 0.83125 0.54140625 0.009375 0.046875
0 0.83828125 0.55546875 0.015625 0.08125
0 0.85234375 0.546875 0.0140625 0.078125
0 0.87421875 0.5375 0.0125 0.0625
0 0.68671875 0.54375 0.05 0.0625
0 0.7703125 0.53515625 0.0546875 0.05
0 0.5921875 0.54140625 0.015625 0.0171875
0 0.634375 0.540625 0.028125 0.01875
0 0.7375 0.53125 0.0125 0.0296875