0 0.1921875 0.68671875 0.1140625 0.215625
0 0.04921875 0.49765625 0.0359375 0.1625
0 0.1578125 0.56640625 0.0875 0.1921875
0 0.32265625 0.678125 0.11875 0.2484375
0 0.4359375 0.67890625 0.0875 0.2109375
0 0.5265625 0.6703125 0.0984375 0.234375
0 0.63671875 0.6671875 0.1 0.221875
0 0.621875 0.52109375 0.075 0.196875
0 0.6859375 0.5671875 0.059375 0.296875
0 0.7109375 0.5875 0.0828125 0.33125
0 0.94453125 0.4796875 0.0375 0.1609375
0 0.97734375 0.4671875 0.0421875 0.1640625
0 0.90703125 0.446875 0.0375 0.1328125
0 0.88125 0.4796875 0.0359375 0.1578125
0 0.840625 0.4734375 0.028125 0.159375
0 0.8578125 0.41640625 0.025 0.0390625
0 0.73828125 0.4796875 0.040625 0.171875
0 0.70703125 0.3984375 0.03125 0.0453125
0 0.6984375 0.43828125 0.015625 0.04375
0 0.47578125 0.4875 0.0421875 0.1734375
0 0.4390625 0.49453125 0.0328125 0.1609375
0 0.4546875 0.48515625 0.0296875 0.1640625
0 0.26953125 0.58984375 0.06875 0.3359375
0 0.25625 0.41640625 0.025 0.0265625
0 0.28828125 0.484375 0.0390625 0.1234375
0 0.275 0.4140625 0.0328125 0.040625
0 0.3125 0.42265625 0.028125 0.04375
0 0.35 0.48359375 0.0296875 0.15625
0 0.3734375 0.4796875 0.0375 0.15
0 0.40859375 0.4890625 0.03125 0.1578125
0 0.39296875 0.484375 0.01875 0.15
0 0.51640625 0.428125 0.028125 0.0578125
0 0.690625 0.39375 0.01875 0.040625
0 0.734375 0.3921875 0.0484375 0.053125
0 0.83046875 0.3921875 0.1109375 0.0328125
0 0.84609375 0.63515625 0.1390625 0.1171875
0 0.31640625 0.52734375 0.0140625 0.040625
0 0.4921875 0.43203125 0.025 0.0703125
0 0.27890625 0.3859375 0.015625 0.021875
0 0.78984375 0.48984375 0.078125 0.165625