0 0.140625 0.44921875 0.115625 0.70625
0 0.203125 0.40078125 0.078125 0.715625
0 0.2609375 0.4734375 0.134375 0.85
0 0.31640625 0.25234375 0.059375 0.3171875
0 0.35234375 0.43125 0.0578125 0.6984375
0 0.38359375 0.128125 0.04375 0.175
0 0.4046875 0.3953125 0.0984375 0.63125
0 0.44609375 0.1859375 0.053125 0.246875
0 0.4640625 0.48046875 0.0625 0.5890625
0 0.49609375 0.16796875 0.0671875 0.1953125
0 0.51484375 0.48046875 0.09375 0.6234375
0 0.553125 0.16640625 0.034375 0.1546875
0 0.56640625 0.22578125 0.0484375 0.1953125
0 0.58671875 0.50625 0.1046875 0.65
0 0.61796875 0.1859375 0.040625 0.159375
0 0.66015625 0.51484375 0.084375 0.7015625
0 0.671875 0.18828125 0.04375 0.178125
0 0.709375 0.51484375 0.09375 0.7390625
0 0.73203125 0.53125 0.125 0.7546875
0 0.82421875 0.54609375 0.15625 0.903125