0 0.02578125 0.678125 0.0515625 0.3859375
0 0.1046875 0.63984375 0.0546875 0.2875
0 0.08359375 0.64765625 0.0171875 0.278125
0 0.140625 0.58828125 0.0359375 0.0859375
0 0.18828125 0.60546875 0.040625 0.06875
0 0.13984375 0.609375 0.0234375 0.053125
0 0.18046875 0.56171875 0.0296875 0.0515625
0 0.23984375 0.6375 0.0390625 0.2421875
0 0.2671875 0.64140625 0.0515625 0.278125
0 0.28671875 0.62578125 0.046875 0.265625
0 0.32890625 0.63515625 0.0578125 0.2625
0 0.40703125 0.60234375 0.034375 0.0703125
0 0.54609375 0.590625 0.0390625 0.090625
0 0.571875 0.559375 0.0359375 0.14375
0 0.62109375 0.55390625 0.0390625 0.1328125
0 0.71796875 0.57578125 0.1546875 0.5609375
0 0.8515625 0.61328125 0.0953125 0.2109375
0 0.77265625 0.65625 0.0734375 0.3171875
0 0.6578125 0.66328125 0.05625 0.28125
0 0.45859375 0.66484375 0.0421875 0.2375
0 0.50859375 0.59921875 0.0453125 0.1109375
0 0.96953125 0.65625 0.059375 0.3796875
0 0.16640625 0.60234375 0.025 0.0671875
0 0.2140625 0.603125 0.034375 0.06875
0 0.49375 0.57109375 0.0546875 0.159375
0 0.54453125 0.54140625 0.0265625 0.0546875
0 0.8390625 0.51875 0.203125 0.1046875
0 0.33671875 0.52734375 0.0140625 0.0296875
0 0.30546875 0.57265625 0.025 0.1046875
0 0.05703125 0.29140625 0.0109375 0.05
0 0.00859375 0.47421875 0.0171875 0.0734375