0 0.33984375 0.17734375 0.01875 0.0796875
0 0.2921875 0.17578125 0.015625 0.0734375
0 0.63359375 0.16796875 0.0109375 0.04375
0 0.66953125 0.16796875 0.0109375 0.053125
0 0.7109375 0.153125 0.0109375 0.028125
0 0.98203125 0.18828125 0.025 0.10625
0 0.37109375 0.39921875 0.0203125 0.05625
0 0.38359375 0.31484375 0.021875 0.046875
0 0.478125 0.3 0.0109375 0.05
0 0.48671875 0.30234375 0.0109375 0.05
0 0.60625 0.31875 0.0109375 0.0546875
0 0.6328125 0.334375 0.0125 0.0609375
0 0.7453125 0.55859375 0.0328125 0.0796875
0 0.79609375 0.52734375 0.028125 0.109375
0 0.83125 0.50390625 0.028125 0.1171875
0 0.85546875 0.50078125 0.0234375 0.109375
0 0.19921875 0.921875 0.0609375 0.153125
0 0.2140625 0.88125 0.034375 0.1046875
0 0.26328125 0.690625 0.0375 0.11875
0 0.29296875 0.65703125 0.0296875 0.090625
0 0.415625 0.61171875 0.0140625 0.05625
0 0.5484375 0.59765625 0.015625 0.0671875
0 0.5734375 0.621875 0.015625 0.078125
0 0.5453125 0.6625 0.0234375 0.0875
0 0.4734375 0.684375 0.01875 0.090625
0 0.571875 0.84296875 0.0203125 0.0984375
0 0.58984375 0.80390625 0.0234375 0.1
0 0.5015625 0.68671875 0.0140625 0.065625
0 0.45 0.73125 0.0234375 0.090625
0 0.1875 0.16953125 0.065625 0.115625
0 0.25390625 0.16796875 0.065625 0.065625
0 0.303125 0.146875 0.0234375 0.03125
0 0.4375 0.165625 0.0390625 0.065625
0 0.5890625 0.159375 0.009375 0.0359375
0 0.65078125 0.16953125 0.0109375 0.04375
0 0.7625 0.175 0.0359375 0.0796875
0 0.87109375 0.1875 0.0765625 0.109375
0 0.95390625 0.18828125 0.0375 0.115625
0 0.98671875 0.21015625 0.0234375 0.096875
0 0.265625 0.43203125 0.03125 0.14375
0 0.40078125 0.284375 0.0234375 0.04375
0 0.615625 0.346875 0.0203125 0.05625
0 0.8453125 0.52109375 0.00625 0.028125
0 0.978125 0.81640625 0.0421875 0.109375
0 0.42421875 0.42578125 0.0140625 0.0984375
0 0.45390625 0.42109375 0.0109375 0.046875
0 0.5046875 0.40859375 0.0234375 0.084375
0 0.4515625 0.37578125 0.0390625 0.04375
0 0.58359375 0.61328125 0.0125 0.0734375
0 0.1703125 0.66015625 0.0609375 0.175
0 0.534375 0.16328125 0.01875 0.053125
0 0.22890625 0.41484375 0.0234375 0.125