0 0.26796875 0.54140625 0.0375 0.1625
0 0.30390625 0.534375 0.0234375 0.11875
0 0.31640625 0.528125 0.01875 0.115625
0 0.33984375 0.52578125 0.028125 0.1140625
0 0.37890625 0.55625 0.0421875 0.1796875
0 0.409375 0.534375 0.0234375 0.1234375
0 0.4015625 0.53046875 0.0125 0.09375
0 0.42421875 0.51484375 0.0140625 0.0546875
0 0.440625 0.50546875 0.01875 0.040625
0 0.45390625 0.52578125 0.021875 0.0984375
0 0.478125 0.52109375 0.015625 0.075
0 0.4984375 0.5125 0.0109375 0.0421875
0 0.52265625 0.51953125 0.0109375 0.065625
0 0.51328125 0.52265625 0.0125 0.0671875
0 0.50703125 0.52421875 0.009375 0.065625
0 0.53984375 0.65390625 0.075 0.4296875
0 0.659375 0.634375 0.090625 0.403125
0 0.60234375 0.565625 0.053125 0.1015625
0 0.57109375 0.52265625 0.028125 0.109375
0 0.43359375 0.50703125 0.00625 0.0359375
0 0.44453125 0.49375 0.0046875 0.0125
0 0.46796875 0.51796875 0.0140625 0.059375
0 0.7984375 0.48046875 0.046875 0.10625
0 0.8625 0.47265625 0.065625 0.034375