0 0.0421875 0.515625 0.084375 0.840625
0 0.13828125 0.51015625 0.159375 0.9171875
0 0.071875 0.21796875 0.0359375 0.14375
0 0.13828125 0.13984375 0.0375 0.1125
0 0.2484375 0.21796875 0.1328125 0.24375
0 0.23203125 0.56015625 0.18125 0.875
0 0.3375 0.365625 0.075 0.28125
0 0.434375 0.55390625 0.20625 0.734375
0 0.4765625 0.553125 0.1265625 0.715625
0 0.43515625 0.23125 0.05625 0.1546875
0 0.60703125 0.53046875 0.196875 0.8734375
0 0.65390625 0.27578125 0.0734375 0.253125
0 0.69453125 0.50234375 0.1296875 0.6296875
0 0.70546875 0.53515625 0.1015625 0.671875
0 0.715625 0.559375 0.1359375 0.728125
0 0.80546875 0.55390625 0.1484375 0.7421875
0 0.81640625 0.57734375 0.165625 0.796875
0 0.86875 0.490625 0.075 0.71875
0 0.928125 0.57421875 0.1421875 0.778125
0 0.9796875 0.30859375 0.0375 0.2421875
0 0.8265625 0.178125 0.021875 0.04375
0 0.2984375 0.96796875 0.290625 0.0609375