0 0.8640625 0.57109375 0.0546875 0.0546875
0 0.79453125 0.63671875 0.071875 0.2875
0 0.75078125 0.621875 0.0578125 0.275
0 0.6890625 0.61953125 0.06875 0.284375
0 0.6140625 0.63671875 0.046875 0.284375
0 0.63984375 0.55234375 0.0390625 0.125
0 0.6328125 0.603125 0.059375 0.2734375
0 0.56640625 0.63359375 0.0796875 0.365625
0 0.53046875 0.5671875 0.0390625 0.1859375
0 0.50078125 0.59921875 0.028125 0.1125
0 0.409375 0.67578125 0.103125 0.2765625
0 0.3453125 0.63359375 0.0671875 0.3671875
0 0.3 0.56953125 0.0453125 0.23125
0 0.35390625 0.61640625 0.03125 0.29375
0 0.3953125 0.5875 0.0546875 0.1359375
0 0.271875 0.55 0.0328125 0.1453125
0 0.47578125 0.5640625 0.03125 0.0953125
0 0.459375 0.55859375 0.028125 0.0890625
0 0.475 0.509375 0.0265625 0.0640625
0 0.5 0.50390625 0.0234375 0.05625
0 0.409375 0.5125 0.11875 0.0546875
0 0.5 0.53125 0.0296875 0.04375
0 0.51484375 0.4984375 0.0140625 0.021875
0 0.6734375 0.5 0.015625 0.03125
0 0.5984375 0.53046875 0.0125 0.028125
0 0.6109375 0.4953125 0.0140625 0.01875
0 0.59296875 0.6703125 0.015625 0.075
0 0.278125 0.484375 0.015625 0.0265625
0 0.2921875 0.47109375 0.0140625 0.0375