0 0.04609375 0.68359375 0.0921875 0.5984375
0 0.21796875 0.70390625 0.109375 0.5875
0 0.090625 0.61875 0.0359375 0.334375
0 0.11015625 0.48828125 0.04375 0.1859375
0 0.13671875 0.49375 0.0609375 0.203125
0 0.13203125 0.621875 0.10625 0.36875
0 0.01484375 0.43984375 0.0296875 0.1484375
0 0.2953125 0.721875 0.1171875 0.553125
0 0.38671875 0.70703125 0.1125 0.58125
0 0.3 0.62734375 0.109375 0.396875
0 0.26015625 0.46015625 0.0484375 0.1546875
0 0.34453125 0.55546875 0.040625 0.35625
0 0.490625 0.603125 0.09375 0.48125
0 0.56171875 0.621875 0.0921875 0.440625
0 0.521875 0.53046875 0.0421875 0.29375
0 0.44765625 0.475 0.0328125 0.246875
0 0.68125 0.71171875 0.1609375 0.5734375
0 0.821875 0.73671875 0.1515625 0.5234375
0 0.9609375 0.74375 0.0765625 0.509375
0 0.921875 0.71484375 0.1015625 0.5671875
0 0.9671875 0.45390625 0.0578125 0.1546875
0 0.965625 0.40078125 0.0546875 0.103125
0 0.9359375 0.396875 0.0390625 0.10625
0 0.90625 0.45234375 0.059375 0.1875
0 0.88046875 0.484375 0.0359375 0.20625
0 0.88671875 0.37578125 0.0265625 0.0609375
0 0.84453125 0.515625 0.0625 0.23125
0 0.784375 0.52265625 0.0671875 0.265625
0 0.82578125 0.42265625 0.05 0.0875
0 0.8453125 0.40859375 0.0359375 0.121875
0 0.7328125 0.46015625 0.0515625 0.2296875
0 0.621875 0.53203125 0.059375 0.296875
0 0.76875 0.43359375 0.0296875 0.125
0 0.596875 0.409375 0.0390625 0.1609375
0 0.56640625 0.415625 0.0453125 0.1234375
0 0.284375 0.396875 0.028125 0.11875
0 0.303125 0.4 0.0328125 0.1171875
0 0.28203125 0.29375 0.021875 0.121875
0 0.253125 0.26640625 0.021875 0.075
0 0.26796875 0.28125 0.015625 0.096875
0 0.24375 0.30859375 0.0296875 0.0625
0 0.19140625 0.26875 0.021875 0.0703125
0 0.17109375 0.29375 0.01875 0.0875
0 0.0109375 0.775 0.021875 0.0828125
0 0.99140625 0.44140625 0.0140625 0.125
0 0.84609375 0.42734375 0.03125 0.1
0 0.79609375 0.38046875 0.0390625 0.140625
0 0.70546875 0.328125 0.1453125 0.30625
0 0.52578125 0.29765625 0.215625 0.3125
0 0.45390625 0.54375 0.01875 0.184375
0 0.37109375 0.23984375 0.0953125 0.196875
0 0.384375 0.41328125 0.05625 0.0984375
0 0.434375 0.653125 0.0234375 0.1609375
0 0.40859375 0.50390625 0.0265625 0.084375
0 0.29140625 0.19375 0.0703125 0.109375
0 0.259375 0.346875 0.040625 0.06875
0 0.0640625 0.41015625 0.0703125 0.175
0 0.1359375 0.34921875 0.078125 0.109375
0 0.20390625 0.30859375 0.053125 0.05