0 0.178125 0.66796875 0.13125 0.50625
0 0.2953125 0.65625 0.1171875 0.4375
0 0.2390625 0.49296875 0.0625 0.20625
0 0.184375 0.57265625 0.0875 0.35
0 0.27734375 0.415625 0.034375 0.090625
0 0.2953125 0.39921875 0.0296875 0.1015625
0 0.32265625 0.42734375 0.0359375 0.171875
0 0.3453125 0.434375 0.0296875 0.15625
0 0.37109375 0.43828125 0.0234375 0.1015625
0 0.3953125 0.4125 0.028125 0.071875
0 0.40546875 0.44375 0.034375 0.1296875
0 0.43828125 0.57578125 0.0953125 0.48125
0 0.5078125 0.57421875 0.0671875 0.40625
0 0.63828125 0.54140625 0.0703125 0.475
0 0.7015625 0.565625 0.09375 0.4984375
0 0.8375 0.43125 0.0859375 0.1671875
0 0.58359375 0.49921875 0.065625 0.253125
0 0.54921875 0.42734375 0.05 0.1125
0 0.515625 0.35625 0.0296875 0.0625
0 0.44140625 0.35390625 0.0375 0.0875
0 0.090625 0.43515625 0.1796875 0.203125
0 0.06875 0.740625 0.1375 0.4109375
0 0.1984375 0.39453125 0.040625 0.1109375
0 0.24375 0.38125 0.05625 0.1
0 0.27890625 0.353125 0.0171875 0.046875
0 0.303125 0.371875 0.0125 0.028125
0 0.359375 0.40234375 0.0171875 0.0546875
0 0.37734375 0.375 0.0140625 0.025
0 0.38515625 0.45546875 0.0140625 0.103125
0 0.8125 0.37109375 0.0734375 0.1375
0 0.875 0.409375 0.0296875 0.128125
0 0.4765625 0.40234375 0.03125 0.075