0 0.0734375 0.53125 0.059375 0.2
0 0.109375 0.53515625 0.059375 0.2
0 0.165625 0.51875 0.040625 0.2125
0 0.18984375 0.51640625 0.025 0.146875
0 0.20546875 0.50390625 0.0140625 0.0546875
0 0.21953125 0.48359375 0.0125 0.071875
0 0.240625 0.48984375 0.015625 0.0625
0 0.25078125 0.484375 0.0125 0.065625
0 0.253125 0.46640625 0.0109375 0.025
0 0.265625 0.51875 0.025 0.1171875
0 0.2890625 0.51015625 0.0296875 0.1296875
0 0.334375 0.53125 0.046875 0.259375
0 0.37109375 0.49921875 0.0125 0.0609375
0 0.38203125 0.49296875 0.0140625 0.0734375
0 0.4015625 0.484375 0.0125 0.06875
0 0.41015625 0.51015625 0.025 0.109375
0 0.42109375 0.49609375 0.0234375 0.096875
0 0.43984375 0.48984375 0.025 0.0796875
0 0.459375 0.471875 0.015625 0.04375
0 0.4734375 0.48125 0.0140625 0.075
0 0.4828125 0.50703125 0.025 0.128125
0 0.503125 0.50390625 0.025 0.1046875
0 0.51796875 0.49921875 0.0203125 0.1109375
0 0.5296875 0.490625 0.0125 0.065625
0 0.53125 0.484375 0.0140625 0.078125
0 0.54140625 0.490625 0.0234375 0.10625
0 0.55625 0.49921875 0.0125 0.09375
0 0.5703125 0.5 0.025 0.096875
0 0.575 0.48359375 0.01875 0.0796875
0 0.58984375 0.50078125 0.01875 0.10625
0 0.58515625 0.49609375 0.025 0.096875
0 0.59609375 0.46328125 0.0109375 0.04375
0 0.603125 0.49453125 0.01875 0.078125
0 0.60703125 0.4875 0.0171875 0.1046875
0 0.61953125 0.47265625 0.00625 0.034375
0 0.63984375 0.48828125 0.0234375 0.103125
0 0.04921875 0.478125 0.0125 0.040625
0 0.1453125 0.46875 0.0109375 0.0421875
0 0.153125 0.56640625 0.0078125 0.0296875
0 0.18359375 0.46875 0.00625 0.021875
0 0.2546875 0.5 0.021875 0.0625
0 0.4671875 0.46484375 0.00625 0.0296875
0 0.50390625 0.446875 0.0109375 0.015625
0 0.49921875 0.51796875 0.0078125 0.01875
0 0.55234375 0.45546875 0.0109375 0.01875
0 0.565625 0.44765625 0.0109375 0.0125