0 0.62578125 0.56484375 0.353125 0.7890625
0 0.359375 0.534375 0.3203125 0.840625
0 0.06640625 0.47890625 0.1328125 0.43125
0 0.10625 0.47578125 0.2125 0.2546875
0 0.75546875 0.44609375 0.1515625 0.4546875
0 0.6703125 0.27734375 0.1140625 0.084375
0 0.8890625 0.45 0.0953125 0.1796875
0 0.96015625 0.44296875 0.0765625 0.2015625
0 0.82421875 0.4484375 0.06875 0.159375
0 0.86875 0.37734375 0.034375 0.0296875
0 0.9265625 0.4453125 0.0171875 0.128125
0 0.98984375 0.37109375 0.0203125 0.0125
0 0.47578125 0.61484375 0.0140625 0.0140625