0 0.078125 0.79453125 0.15625 0.4078125
0 0.16953125 0.56328125 0.09375 0.4828125
0 0.040625 0.459375 0.08125 0.409375
0 0.1109375 0.57109375 0.0453125 0.171875
0 0.0640625 0.49140625 0.053125 0.25
0 0.09296875 0.41953125 0.0296875 0.103125
0 0.10546875 0.45078125 0.025 0.1265625
0 0.12734375 0.42578125 0.0265625 0.0921875
0 0.14609375 0.39296875 0.015625 0.025
0 0.26953125 0.74140625 0.29375 0.5140625
0 0.22890625 0.5359375 0.05625 0.234375
0 0.215625 0.41875 0.040625 0.0984375
0 0.20625 0.55390625 0.03125 0.175
0 0.27421875 0.51796875 0.0515625 0.246875
0 0.2421875 0.41015625 0.021875 0.0390625
0 0.31796875 0.52890625 0.06875 0.29375
0 0.38515625 0.590625 0.09375 0.48125
0 0.45 0.56484375 0.065625 0.2828125
0 0.42109375 0.525 0.0203125 0.140625
0 0.48359375 0.53359375 0.046875 0.221875
0 0.53828125 0.53203125 0.0578125 0.2390625
0 0.5921875 0.56875 0.059375 0.2828125
0 0.584375 0.53515625 0.0484375 0.21875
0 0.6359375 0.56640625 0.0625 0.3078125
0 0.69765625 0.6390625 0.0703125 0.3953125
0 0.78671875 0.63671875 0.2453125 0.7234375
0 0.89921875 0.7 0.075 0.5234375
0 0.92890625 0.6796875 0.05625 0.409375
0 0.96953125 0.68984375 0.059375 0.4546875
0 0.11640625 0.43515625 0.0171875 0.1015625
0 0.26171875 0.44140625 0.01875 0.06875
0 0.246875 0.4140625 0.0109375 0.01875
0 0.303125 0.42265625 0.025 0.0421875
0 0.34765625 0.42265625 0.025 0.0328125
0 0.34921875 0.50546875 0.009375 0.05
0 0.72734375 0.734375 0.028125 0.0359375
0 0.7546875 0.465625 0.028125 0.040625
0 0.890625 0.875 0.0484375 0.1453125