0 0.12109375 0.61875 0.2421875 0.578125
0 0.25 0.62734375 0.134375 0.55625
0 0.215625 0.39609375 0.0953125 0.121875
0 0.2890625 0.42265625 0.0453125 0.08125
0 0.36328125 0.54296875 0.025 0.3109375
0 0.3203125 0.55234375 0.0890625 0.3859375
0 0.375 0.5578125 0.1140625 0.41875
0 0.4296875 0.49296875 0.0296875 0.2140625
0 0.4546875 0.53125 0.0515625 0.3421875
0 0.4953125 0.56015625 0.10625 0.4234375
0 0.52421875 0.51640625 0.075 0.3484375
0 0.57421875 0.54375 0.0625 0.2984375
0 0.6015625 0.3828125 0.0328125 0.0484375
0 0.625 0.52890625 0.0765625 0.3640625
0 0.70625 0.5890625 0.1984375 0.640625
0 0.7828125 0.38671875 0.0375 0.0703125
0 0.85234375 0.4234375 0.05 0.15
0 0.8671875 0.6140625 0.1046875 0.265625
0 0.93671875 0.3921875 0.0578125 0.05625
0 0.909375 0.390625 0.0546875 0.10625
0 0.9796875 0.34609375 0.0390625 0.1375
0 0.6734375 0.3734375 0.0328125 0.05
0 0.015625 0.50390625 0.021875 0.0578125
0 0.42734375 0.40546875 0.05 0.0265625
0 0.5359375 0.60703125 0.1015625 0.1453125