0 0.084375 0.96171875 0.0671875 0.0734375
0 0.315625 0.96484375 0.0625 0.0671875
0 0.28203125 0.7625 0.05625 0.2375
0 0.37890625 0.771875 0.034375 0.2234375
0 0.409375 0.77890625 0.0453125 0.234375
0 0.44375 0.771875 0.0359375 0.215625
0 0.43125 0.725 0.053125 0.225
0 0.51328125 0.58203125 0.0578125 0.19375
0 0.54140625 0.54375 0.04375 0.175
0 0.58359375 0.54609375 0.046875 0.1796875
0 0.709375 0.56171875 0.046875 0.19375
0 0.75390625 0.56328125 0.0484375 0.1984375
0 0.77578125 0.48203125 0.046875 0.171875
0 0.7375 0.45703125 0.0390625 0.165625
0 0.6953125 0.471875 0.05625 0.18125
0 0.7328125 0.3625 0.04375 0.0421875
0 0.72109375 0.40625 0.01875 0.05
0 0.7484375 0.403125 0.01875 0.04375