0 0.04765625 0.7328125 0.06875 0.184375
0 0.090625 0.7671875 0.0796875 0.2359375
0 0.11953125 0.72109375 0.0359375 0.146875
0 0.16875 0.72578125 0.05625 0.1609375
0 0.2609375 0.7390625 0.0640625 0.153125
0 0.390625 0.7390625 0.0578125 0.221875
0 0.415625 0.7453125 0.0578125 0.1828125
0 0.4421875 0.71484375 0.05 0.175
0 0.48125 0.7671875 0.046875 0.2234375
0 0.51484375 0.69921875 0.0390625 0.1578125
0 0.58046875 0.7109375 0.040625 0.1609375
0 0.61875 0.7234375 0.0734375 0.19375
0 0.6359375 0.71015625 0.0296875 0.1609375
0 0.67578125 0.7046875 0.0390625 0.1640625
0 0.73203125 0.78125 0.1078125 0.253125
0 0.7328125 0.7546875 0.0296875 0.2171875
0 0.76796875 0.7609375 0.05 0.234375
0 0.821875 0.6953125 0.0375 0.1796875
0 0.8609375 0.71796875 0.05625 0.15
0 0.90234375 0.77265625 0.103125 0.278125
0 0.94609375 0.77734375 0.0796875 0.26875
0 0.921875 0.7921875 0.0921875 0.2359375
0 0.984375 0.78671875 0.0296875 0.246875
0 0.06328125 0.6640625 0.0125 0.015625
0 0.840625 0.665625 0.0203125 0.040625
0 0.8484375 0.628125 0.0328125 0.0359375
0 0.93515625 0.63828125 0.015625 0.0125
0 0.95078125 0.65703125 0.0140625 0.034375
0 0.07265625 0.803125 0.01875 0.0390625
0 0.8390625 0.73984375 0.0125 0.0625