0 0.1046875 0.596875 0.0140625 0.046875
0 0.2015625 0.640625 0.034375 0.14375
0 0.24375 0.61875 0.0234375 0.1
0 0.2328125 0.61015625 0.01875 0.090625
0 0.22265625 0.615625 0.0140625 0.0859375
0 0.26171875 0.61171875 0.0140625 0.065625
0 0.29609375 0.62734375 0.0328125 0.1453125
0 0.31640625 0.615625 0.01875 0.103125
0 0.32265625 0.62734375 0.021875 0.125
0 0.340625 0.63046875 0.028125 0.140625
0 0.359375 0.61953125 0.0265625 0.1359375
0 0.3703125 0.615625 0.01875 0.13125
0 0.3796875 0.61796875 0.0203125 0.11875
0 0.39609375 0.65078125 0.034375 0.184375
0 0.43828125 0.65 0.0390625 0.184375
0 0.42734375 0.63515625 0.0328125 0.1921875
0 0.46171875 0.646875 0.034375 0.16875
0 0.4875 0.63515625 0.0296875 0.153125
0 0.52421875 0.64296875 0.028125 0.140625
0 0.53828125 0.64453125 0.0296875 0.1859375
0 0.72734375 0.659375 0.0328125 0.15625
0 0.74765625 0.65625 0.0328125 0.171875
0 0.78671875 0.65703125 0.046875 0.2109375
0 0.825 0.66015625 0.028125 0.1671875
0 0.75390625 0.671875 0.0421875 0.140625
0 0.04921875 0.64453125 0.0828125 0.10625
0 0.16875 0.590625 0.05625 0.04375
0 0.1265625 0.57578125 0.0296875 0.028125
0 0.2515625 0.603125 0.009375 0.0734375
0 0.21171875 0.60625 0.015625 0.075
0 0.77265625 0.71484375 0.01875 0.0625
0 0.8171875 0.684375 0.0328125 0.109375
0 0.92578125 0.6125 0.03125 0.0828125
0 0.85546875 0.584375 0.028125 0.0234375