0 0.93125 0.6375 0.134375 0.721875
0 0.84296875 0.51328125 0.153125 0.56875
0 0.64765625 0.58515625 0.1921875 0.75625
0 0.71796875 0.47890625 0.096875 0.5046875
0 0.50546875 0.54921875 0.1359375 0.609375
0 0.56796875 0.30859375 0.071875 0.159375
0 0.4578125 0.2875 0.0515625 0.1296875
0 0.40390625 0.4953125 0.1234375 0.5109375
0 0.36171875 0.43046875 0.0765625 0.3453125
0 0.35234375 0.2875 0.0390625 0.0984375
0 0.3 0.43046875 0.0828125 0.415625
0 0.253125 0.3484375 0.0390625 0.1421875
0 0.2359375 0.409375 0.059375 0.2953125
0 0.20546875 0.3796875 0.0484375 0.240625
0 0.1640625 0.39609375 0.0609375 0.26875
0 0.1203125 0.3703125 0.04375 0.1859375
0 0.0875 0.35234375 0.0421875 0.1515625
0 0.059375 0.365625 0.040625 0.1984375
0 0.07734375 0.2875 0.028125 0.0625
0 0.02421875 0.36796875 0.0484375 0.1765625
0 0.14140625 0.2859375 0.028125 0.0578125
0 0.75625 0.2921875 0.046875 0.1140625
0 0.17890625 0.29375 0.025 0.059375
0 0.23671875 0.2796875 0.0296875 0.046875
0 0.33828125 0.26640625 0.0296875 0.053125
0 0.53046875 0.25234375 0.03125 0.059375