0 0.0046875 0.63984375 0.009375 0.0171875
0 0.025 0.66328125 0.0171875 0.078125
0 0.05078125 0.675 0.0328125 0.1
0 0.209375 0.6625 0.015625 0.0671875
0 0.4 0.7 0.034375 0.1375
0 0.4859375 0.64921875 0.0125 0.03125
0 0.48984375 0.65 0.0109375 0.025
0 0.4953125 0.65390625 0.009375 0.0375
0 0.50234375 0.66796875 0.0125 0.0609375
0 0.51484375 0.6625 0.0125 0.0546875
0 0.62421875 0.65390625 0.01875 0.0375
0 0.5828125 0.74765625 0.0625 0.3046875
0 0.675 0.76484375 0.0734375 0.403125
0 0.7140625 0.66015625 0.0203125 0.071875
0 0.7421875 0.65859375 0.025 0.071875
0 0.76796875 0.69375 0.0203125 0.071875
0 0.78828125 0.66328125 0.0234375 0.06875
0 0.80546875 0.7 0.015625 0.075
0 0.90078125 0.69140625 0.0234375 0.134375
0 0.91640625 0.69765625 0.034375 0.109375
0 0.41796875 0.66484375 0.0171875 0.034375
0 0.4609375 0.63828125 0.0234375 0.028125
0 0.290625 0.66171875 0.0171875 0.05625
0 0.3703125 0.65703125 0.034375 0.0515625
0 0.540625 0.65625 0.034375 0.0421875
0 0.61015625 0.65 0.028125 0.0421875
0 0.6359375 0.65390625 0.0109375 0.034375