0 0.07265625 0.8046875 0.115625 0.340625
0 0.08125 0.80859375 0.115625 0.3328125
0 0.0859375 0.70078125 0.0515625 0.1515625
0 0.1140625 0.78125 0.0890625 0.315625
0 0.17109375 0.78203125 0.05 0.2875
0 0.2046875 0.77421875 0.0859375 0.3484375
0 0.25546875 0.7359375 0.059375 0.40625
0 0.33359375 0.75703125 0.071875 0.4171875
0 0.309375 0.74296875 0.0515625 0.365625
0 0.35703125 0.65859375 0.0515625 0.2078125
0 0.36875 0.5953125 0.0328125 0.059375
0 0.4046875 0.76328125 0.0578125 0.3640625
0 0.4359375 0.7453125 0.0875 0.359375
0 0.48125 0.7703125 0.1 0.375
0 0.45546875 0.71875 0.046875 0.375
0 0.4796875 0.58515625 0.046875 0.0984375
0 0.5703125 0.77421875 0.0875 0.3640625
0 0.5890625 0.71484375 0.059375 0.3453125
0 0.62265625 0.684375 0.0515625 0.371875
0 0.7015625 0.70859375 0.09375 0.4265625
0 0.721875 0.56953125 0.0234375 0.046875
0 0.70625 0.68359375 0.05 0.3578125
0 0.74921875 0.71015625 0.04375 0.334375
0 0.7703125 0.71953125 0.0609375 0.334375
0 0.809375 0.59921875 0.0515625 0.159375
0 0.8609375 0.58984375 0.053125 0.175
0 0.840625 0.6015625 0.034375 0.146875
0 0.9046875 0.72265625 0.0484375 0.3296875
0 0.90625 0.57734375 0.040625 0.10625
0 0.934375 0.71796875 0.0921875 0.3796875
0 0.96484375 0.52421875 0.0359375 0.065625
0 0.69296875 0.41015625 0.046875 0.140625
0 0.971875 0.55234375 0.01875 0.0390625