0 0.4140625 0.571875 0.025 0.0609375
0 0.39609375 0.5640625 0.0140625 0.034375
0 0.21015625 0.746875 0.08125 0.36875
0 0.2546875 0.7609375 0.0765625 0.34375
0 0.28359375 0.62734375 0.0359375 0.0765625
0 0.3015625 0.76640625 0.0625 0.296875
0 0.3453125 0.76015625 0.071875 0.3328125
0 0.38671875 0.7453125 0.0703125 0.3375
0 0.428125 0.75703125 0.0421875 0.309375
0 0.45703125 0.77265625 0.071875 0.3125
0 0.4640625 0.73984375 0.05 0.3234375
0 0.50703125 0.76953125 0.0765625 0.3359375
0 0.53203125 0.634375 0.0359375 0.075
0 0.56640625 0.76015625 0.0515625 0.309375
0 0.59765625 0.78203125 0.0921875 0.321875
0 0.60703125 0.6265625 0.0421875 0.071875
0 0.65703125 0.76796875 0.084375 0.359375
0 0.7109375 0.76328125 0.0703125 0.30625
0 0.41328125 0.625 0.009375 0.0203125
0 0.31640625 0.45234375 0.05625 0.121875
0 0.5578125 0.45859375 0.0515625 0.1109375
0 0.203125 0.14765625 0.059375 0.1234375
0 0.71953125 0.16171875 0.0375 0.0984375
0 0.3765625 0.94609375 0.68125 0.10625