0 0.01484375 0.79453125 0.0296875 0.18125
0 0.03203125 0.77578125 0.03125 0.165625
0 0.08828125 0.77890625 0.0328125 0.15
0 0.12109375 0.80390625 0.0359375 0.1921875
0 0.14921875 0.80859375 0.040625 0.1875
0 0.17890625 0.778125 0.034375 0.178125
0 0.1953125 0.85234375 0.0609375 0.2921875
0 0.271875 0.878125 0.05625 0.2390625
0 0.26875 0.84296875 0.0734375 0.309375
0 0.31328125 0.85078125 0.103125 0.29375
0 0.38359375 0.83828125 0.059375 0.265625
0 0.4375 0.83984375 0.0609375 0.25
0 0.5078125 0.84453125 0.0515625 0.2734375
0 0.5234375 0.75390625 0.0328125 0.134375
0 0.55546875 0.81171875 0.046875 0.2265625
0 0.6046875 0.85 0.046875 0.296875
0 0.6453125 0.790625 0.0359375 0.21875
0 0.63359375 0.81953125 0.04375 0.2390625
0 0.684375 0.80078125 0.0359375 0.2109375
0 0.70859375 0.83515625 0.0515625 0.3
0 0.75 0.85 0.065625 0.296875
0 0.75859375 0.815625 0.0703125 0.25625
0 0.7875 0.81328125 0.05 0.2109375
0 0.825 0.83828125 0.0796875 0.31875
0 0.853125 0.84453125 0.0640625 0.303125
0 0.88203125 0.80234375 0.065625 0.25
0 0.8859375 0.803125 0.0484375 0.20625
0 0.90234375 0.76640625 0.0328125 0.2125
0 0.0484375 0.74296875 0.0234375 0.1015625
0 0.459375 0.78671875 0.025 0.1359375
0 0.38125 0.83046875 0.05 0.23125
0 0.025 0.73203125 0.0453125 0.090625
0 0.06171875 0.72265625 0.0234375 0.0875
0 0.1171875 0.71328125 0.0921875 0.0484375
0 0.2484375 0.721875 0.1734375 0.08125
0 0.34765625 0.76796875 0.0265625 0.178125
0 0.49375 0.71015625 0.2703125 0.0828125
0 0.49609375 0.8375 0.0515625 0.1671875
0 0.57890625 0.83359375 0.028125 0.1625
0 0.87890625 0.6875 0.015625 0.0296875