0 0.08828125 0.57890625 0.128125 0.5625
0 0.11640625 0.32890625 0.0921875 0.146875
0 0.1453125 0.30234375 0.025 0.0859375
0 0.140625 0.565625 0.178125 0.5078125
0 0.2171875 0.58828125 0.16875 0.5859375
0 0.32734375 0.71171875 0.1609375 0.41875
0 0.29296875 0.44609375 0.0796875 0.2875
0 0.31015625 0.33125 0.0625 0.134375
0 0.3578125 0.45625 0.0703125 0.3125
0 0.4046875 0.57890625 0.0921875 0.5390625
0 0.3828125 0.30859375 0.0484375 0.1640625
0 0.4390625 0.4859375 0.0421875 0.453125
0 0.478125 0.53671875 0.075 0.4796875
0 0.47265625 0.5015625 0.065625 0.3984375
0 0.51640625 0.32109375 0.0203125 0.1046875
0 0.546875 0.5390625 0.08125 0.46875
0 0.61484375 0.52109375 0.075 0.5296875
0 0.66328125 0.55234375 0.075 0.5296875
0 0.7296875 0.58671875 0.128125 0.7078125
0 0.79765625 0.55 0.0859375 0.553125
0 0.86640625 0.60703125 0.09375 0.5765625
0 0.90546875 0.5765625 0.1546875 0.58125
0 0.74609375 0.30390625 0.0171875 0.0734375
0 0.75859375 0.30703125 0.01875 0.0671875
0 0.83046875 0.3359375 0.0296875 0.0953125
0 0.8421875 0.36328125 0.0359375 0.140625
0 0.20234375 0.32265625 0.0421875 0.1078125
0 0.290625 0.29765625 0.0171875 0.04375
0 0.346875 0.29296875 0.021875 0.034375
0 0.41484375 0.29140625 0.0203125 0.0453125
0 0.559375 0.31875 0.059375 0.11875
0 0.97421875 0.4953125 0.05 0.4765625
0 0.88046875 0.28359375 0.10625 0.0765625
0 0.1421875 0.16171875 0.0328125 0.171875
0 0.30234375 0.1390625 0.025 0.2171875
0 0.34296875 0.16875 0.021875 0.1296875
0 0.39375 0.09375 0.01875 0.09375
0 0.46328125 0.11640625 0.01875 0.1
0 0.52109375 0.1203125 0.0125 0.078125
0 0.57265625 0.13203125 0.0125 0.0734375
0 0.61328125 0.13203125 0.0109375 0.059375
0 0.64765625 0.14296875 0.009375 0.0578125
0 0.68671875 0.709375 0.35625 0.2234375