0 0.73671875 0.5765625 0.203125 0.6765625
0 0.57109375 0.5375 0.1328125 0.63125
0 0.45078125 0.5671875 0.2125 0.8546875
0 0.33203125 0.54375 0.1296875 0.640625
0 0.50859375 0.28203125 0.059375 0.1015625
0 0.29140625 0.309375 0.059375 0.1421875
0 0.24921875 0.3984375 0.0609375 0.26875
0 0.23203125 0.38203125 0.0515625 0.2265625
0 0.121875 0.51015625 0.1140625 0.521875
0 0.0296875 0.50078125 0.059375 0.5140625
0 0.1796875 0.33984375 0.096875 0.15625
0 0.27734375 0.2703125 0.0390625 0.05625
0 0.378125 0.2671875 0.0640625 0.0953125