0 0.05390625 0.55625 0.0828125 0.546875
0 0.08046875 0.57265625 0.1046875 0.575
0 0.2328125 0.58984375 0.0984375 0.559375
0 0.3203125 0.559375 0.1265625 0.6359375
0 0.43984375 0.4625 0.021875 0.1328125
0 0.48671875 0.48046875 0.021875 0.115625
0 0.5953125 0.46875 0.05 0.175
0 0.62421875 0.47265625 0.0265625 0.15
0 0.64296875 0.45859375 0.028125 0.1546875
0 0.70234375 0.47421875 0.028125 0.16875
0 0.72265625 0.465625 0.0453125 0.215625
0 0.7453125 0.4625 0.0328125 0.1921875
0 0.8734375 0.48203125 0.0421875 0.19375
0 0.871875 0.40234375 0.040625 0.0796875
0 0.915625 0.45859375 0.05 0.1875
0 0.94609375 0.45 0.05 0.2
0 0.76796875 0.46328125 0.04375 0.1984375
0 0.80078125 0.46640625 0.0375 0.1875
0 0.153125 0.47265625 0.0203125 0.096875
0 0.25625 0.42734375 0.0140625 0.025
0 0.38203125 0.471875 0.025 0.1234375
0 0.59765625 0.37109375 0.021875 0.0171875
0 0.65703125 0.45 0.0140625 0.121875
0 0.734375 0.375 0.009375 0.025
0 0.56015625 0.471875 0.0171875 0.11875
0 0.5 0.12578125 0.0171875 0.0609375
0 0.6484375 0.33515625 0.0328125 0.0546875
0 0.6921875 0.34375 0.04375 0.071875
0 0.896875 0.34921875 0.0359375 0.053125
0 0.83359375 0.41171875 0.028125 0.06875