0 0.11484375 0.82578125 0.1875 0.34375
0 0.23515625 0.83671875 0.15 0.3234375
0 0.28671875 0.796875 0.1546875 0.403125
0 0.36328125 0.728125 0.11875 0.540625
0 0.45859375 0.759375 0.1265625 0.478125
0 0.48671875 0.58125 0.0375 0.1375
0 0.51328125 0.75 0.0796875 0.4375
0 0.58359375 0.6125 0.0625 0.2421875
0 0.63828125 0.55703125 0.0703125 0.15625
0 0.6453125 0.73203125 0.25625 0.53125
0 0.81796875 0.821875 0.30625 0.353125
0 0.94296875 0.68828125 0.1125 0.61875
0 0.02734375 0.678125 0.0546875 0.165625
0 0.415625 0.615625 0.0359375 0.21875
0 0.65078125 0.53125 0.059375 0.1171875
0 0.8265625 0.59140625 0.125 0.125
0 0.10078125 0.575 0.2015625 0.19375
0 0.028125 0.95 0.05625 0.096875
0 0.328125 0.18359375 0.028125 0.146875
0 0.52265625 0.54453125 0.04375 0.090625
0 0.44453125 0.5375 0.0609375 0.075
0 0.6046875 0.55390625 0.03125 0.075