0 0.59921875 0.57890625 0.11875 0.465625
0 0.16875 0.546875 0.0578125 0.1125
0 0.15 0.546875 0.0640625 0.1203125
0 0.12265625 0.4578125 0.0265625 0.0578125
0 0.140625 0.46328125 0.0171875 0.04375
0 0.515625 0.4859375 0.0265625 0.075
0 0.7484375 0.45703125 0.01875 0.0765625
0 0.765625 0.4578125 0.0203125 0.0671875
0 0.72421875 0.4671875 0.0171875 0.071875
0 0.5453125 0.48828125 0.01875 0.0703125
0 0.3421875 0.503125 0.0375 0.05625
0 0.38828125 0.4890625 0.028125 0.053125
0 0.4609375 0.47890625 0.08125 0.05625
0 0.821875 0.4421875 0.034375 0.0421875
0 0.871875 0.4421875 0.0328125 0.034375
0 0.9296875 0.440625 0.0171875 0.028125
0 0.76953125 0.440625 0.0078125 0.028125