0 0.92578125 0.64453125 0.1171875 0.70625
0 0.81015625 0.61171875 0.1921875 0.7734375
0 0.77734375 0.62421875 0.1328125 0.7484375
0 0.7140625 0.49140625 0.1171875 0.6125
0 0.640625 0.415625 0.0703125 0.4234375
0 0.64296875 0.23046875 0.0640625 0.11875
0 0.60234375 0.27734375 0.0421875 0.15
0 0.56796875 0.55546875 0.1140625 0.66875
0 0.4890625 0.59765625 0.159375 0.8
0 0.07421875 0.37109375 0.115625 0.2796875
0 0.28203125 0.49921875 0.5640625 0.9984375
0 0.6734375 0.234375 0.0359375 0.09375
0 0.01875 0.40390625 0.0375 0.209375
0 0.74609375 0.2125 0.05625 0.0875