0 0.0265625 0.59609375 0.053125 0.4140625
0 0.03203125 0.37265625 0.0640625 0.1546875
0 0.084375 0.378125 0.1125 0.1609375
0 0.1296875 0.32265625 0.0484375 0.190625
0 0.190625 0.29375 0.0359375 0.1671875
0 0.1625 0.6859375 0.109375 0.59375
0 0.2171875 0.4671875 0.071875 0.3171875
0 0.24609375 0.421875 0.0609375 0.3171875
0 0.2609375 0.2765625 0.0390625 0.1453125
0 0.29765625 0.36640625 0.046875 0.2140625
0 0.3703125 0.49375 0.0578125 0.3828125
0 0.41484375 0.50234375 0.1046875 0.375
0 0.48515625 0.6296875 0.15 0.5953125
0 0.66015625 0.72890625 0.1859375 0.5375
0 0.8578125 0.7109375 0.1625 0.575
0 0.759375 0.55703125 0.09375 0.4375
0 0.47109375 0.3171875 0.0546875 0.2109375
0 0.50390625 0.27109375 0.040625 0.14375
0 0.53203125 0.2765625 0.0546875 0.1765625
0 0.54609375 0.2484375 0.0421875 0.1765625
0 0.6046875 0.30078125 0.05 0.2
0 0.696875 0.2921875 0.065625 0.2171875
0 0.5890625 0.2625 0.0359375 0.153125
0 0.55625 0.20546875 0.0359375 0.1375
0 0.5765625 0.21328125 0.0296875 0.1296875
0 0.48359375 0.11953125 0.01875 0.0734375
0 0.5015625 0.10625 0.0234375 0.075
0 0.52265625 0.1046875 0.0265625 0.0609375
0 0.5625 0.11640625 0.0296875 0.084375
0 0.6046875 0.159375 0.0328125 0.1265625
0 0.634375 0.196875 0.028125 0.1203125
0 0.65703125 0.2171875 0.0375 0.1484375
0 0.68046875 0.23203125 0.0359375 0.1484375
0 0.709375 0.184375 0.0390625 0.08125
0 0.69375 0.15 0.0203125 0.0609375
0 0.66875 0.109375 0.0265625 0.0953125
0 0.64453125 0.09453125 0.0171875 0.078125
0 0.60390625 0.10703125 0.0203125 0.1125
0 0.62890625 0.1078125 0.025 0.0875
0 0.71171875 0.13203125 0.028125 0.084375
0 0.69609375 0.09609375 0.0234375 0.0640625
0 0.74453125 0.15078125 0.028125 0.11875
0 0.77890625 0.30390625 0.0859375 0.21875
0 0.79140625 0.228125 0.04375 0.1265625
0 0.83125 0.26953125 0.0625 0.2234375
0 0.88984375 0.26796875 0.046875 0.2046875
0 0.9359375 0.26015625 0.040625 0.18125
0 0.97734375 0.26328125 0.04375 0.240625
0 0.984375 0.159375 0.0296875 0.053125
0 0.92265625 0.21015625 0.034375 0.1421875
0 0.9203125 0.14453125 0.03125 0.0671875
0 0.90625 0.11875 0.01875 0.0921875
0 0.8265625 0.14765625 0.028125 0.0609375
0 0.765625 0.17890625 0.03125 0.0453125
0 0.7578125 0.146875 0.015625 0.0234375
0 0.77890625 0.159375 0.0203125 0.053125
0 0.765625 0.128125 0.034375 0.0640625
0 0.821875 0.1265625 0.025 0.04375
0 0.8421875 0.1328125 0.025 0.078125
0 0.73203125 0.08671875 0.0203125 0.0578125
0 0.7734375 0.11484375 0.0296875 0.1140625
0 0.00703125 0.8875 0.0140625 0.1390625
0 0.1828125 0.2 0.0171875 0.0203125
0 0.61875 0.04921875 0.196875 0.0640625
0 0.56875 0.1453125 0.0140625 0.034375
0 0.66484375 0.19296875 0.0203125 0.0953125
0 0.70078125 0.115625 0.05625 0.0734375
0 0.48046875 0.20234375 0.096875 0.146875
0 0.853125 0.11484375 0.0203125 0.075