0 0.15 0.65625 0.0796875 0.4796875
0 0.20390625 0.653125 0.1 0.3359375
0 0.2453125 0.69921875 0.05 0.228125
0 0.31953125 0.678125 0.1078125 0.553125
0 0.346875 0.5 0.03125 0.0546875
0 0.3765625 0.65 0.0625 0.359375
0 0.4046875 0.6875 0.046875 0.309375
0 0.4265625 0.65078125 0.0390625 0.3234375
0 0.4625 0.67890625 0.1390625 0.5328125
0 0.50703125 0.64375 0.06875 0.3875
0 0.56484375 0.640625 0.065625 0.3609375
0 0.65234375 0.640625 0.11875 0.603125
0 0.675 0.63359375 0.2015625 0.7296875
0 0.74375 0.48359375 0.0328125 0.0546875
0 0.5375 0.68515625 0.0375 0.2296875
0 0.28828125 0.75625 0.01875 0.1125
0 0.453125 0.27734375 0.0890625 0.0921875