0 0.60078125 0.7734375 0.1921875 0.4515625
0 0.46640625 0.79921875 0.1609375 0.4
0 0.34140625 0.82421875 0.196875 0.35
0 0.81875 0.85703125 0.0234375 0.0734375
0 0.18671875 0.8609375 0.0328125 0.0625
0 0.07734375 0.85859375 0.034375 0.1078125
0 0.03515625 0.8640625 0.0109375 0.0546875
0 0.0171875 0.8625 0.034375 0.1046875
0 0.9890625 0.85078125 0.0203125 0.0640625
0 0.96484375 0.8390625 0.0109375 0.0265625
0 0.91171875 0.85546875 0.015625 0.0609375
0 0.75 0.83515625 0.03125 0.0265625
0 0.85546875 0.834375 0.028125 0.0265625