0 0.2984375 0.81640625 0.0359375 0.15
0 0.37109375 0.82578125 0.0296875 0.18125
0 0.4609375 0.86171875 0.2171875 0.2734375
0 0.40625 0.83359375 0.0328125 0.184375
0 0.4171875 0.75859375 0.0234375 0.0671875
0 0.4390625 0.87109375 0.059375 0.2546875
0 0.46171875 0.77421875 0.0234375 0.115625
0 0.475 0.77109375 0.021875 0.1171875
0 0.4875 0.75859375 0.0171875 0.0375
0 0.484375 0.77578125 0.021875 0.06875
0 0.484375 0.88046875 0.0390625 0.2359375
0 0.503125 0.88515625 0.0515625 0.225
0 0.50703125 0.76328125 0.028125 0.065625
0 0.5328125 0.803125 0.0265625 0.153125
0 0.53984375 0.74765625 0.015625 0.059375
0 0.55859375 0.82265625 0.0453125 0.1875
0 0.5734375 0.76796875 0.015625 0.0734375
0 0.67109375 0.85703125 0.0484375 0.28125
0 0.14921875 0.80703125 0.1625 0.1859375
0 0.38515625 0.753125 0.009375 0.065625
0 0.39921875 0.740625 0.0140625 0.04375
0 0.41640625 0.72109375 0.0203125 0.0125
0 0.421875 0.73671875 0.0109375 0.0234375
0 0.4390625 0.73046875 0.0234375 0.028125
0 0.4546875 0.73359375 0.0078125 0.015625
0 0.46328125 0.73046875 0.00625 0.01875
0 0.48125 0.72421875 0.009375 0.01875
0 0.48984375 0.725 0.0109375 0.034375
0 0.5140625 0.71484375 0.0421875 0.0296875