0 0.69765625 0.63671875 0.3359375 0.4765625
0 0.6046875 0.54609375 0.253125 0.4734375
0 0.7046875 0.384375 0.1015625 0.209375
0 0.32265625 0.6671875 0.2921875 0.6625
0 0.3640625 0.48125 0.1703125 0.30625
0 0.1828125 0.32109375 0.0796875 0.1046875
0 0.35703125 0.33671875 0.2 0.1359375
0 0.3625 0.46875 0.178125 0.278125
0 0.48828125 0.56953125 0.1828125 0.6015625
0 0.52734375 0.32890625 0.0578125 0.1390625
0 0.44296875 0.31484375 0.071875 0.146875
0 0.37109375 0.3875 0.0828125 0.165625
0 0.390625 0.30703125 0.0453125 0.0515625
0 0.0484375 0.69140625 0.096875 0.371875
0 0.4265625 0.36328125 0.046875 0.059375
0 0.25390625 0.29609375 0.04375 0.053125