0 0.9625 0.54765625 0.0734375 0.5625
0 0.9375 0.45 0.059375 0.3375
0 0.884375 0.46171875 0.065625 0.33125
0 0.84296875 0.41875 0.0390625 0.2375
0 0.8 0.44453125 0.0546875 0.240625
0 0.75859375 0.46015625 0.059375 0.321875
0 0.71953125 0.48046875 0.0890625 0.353125
0 0.53203125 0.51328125 0.1421875 0.45625
0 0.43515625 0.51875 0.103125 0.5703125
0 0.35 0.58125 0.13125 0.6921875
0 0.20859375 0.61796875 0.18125 0.7609375
0 0.04609375 0.65234375 0.0921875 0.6921875
0 0.07890625 0.53203125 0.09375 0.6109375
0 0.14296875 0.575 0.1078125 0.6125
0 0.28203125 0.528125 0.075 0.5234375
0 0.6796875 0.3625 0.0875 0.0875
0 0.7984375 0.39140625 0.08125 0.1625
0 0.77890625 0.52578125 0.028125 0.0484375
0 0.87109375 0.325 0.0546875 0.059375
0 0.86328125 0.53203125 0.034375 0.140625
0 0.56015625 0.38125 0.0375 0.125
0 0.27421875 0.328125 0.1 0.1234375
0 0.39140625 0.3125 0.075 0.0921875
0 0.46953125 0.46640625 0.0515625 0.3453125
0 0.2796875 0.71875 0.0390625 0.075