0 0.09375 0.70625 0.1875 0.5859375
0 0.103125 0.55078125 0.159375 0.3015625
0 0.159375 0.5515625 0.06875 0.3046875
0 0.21640625 0.58828125 0.0703125 0.3125
0 0.1859375 0.42890625 0.021875 0.0859375
0 0.21171875 0.453125 0.0484375 0.1125
0 0.13515625 0.42890625 0.0296875 0.0984375
0 0.2703125 0.57421875 0.0734375 0.3359375
0 0.3171875 0.459375 0.0421875 0.1296875
0 0.33203125 0.5734375 0.05625 0.3203125
0 0.35234375 0.4265625 0.0234375 0.1015625
0 0.3734375 0.61953125 0.0625 0.3875
0 0.3953125 0.44921875 0.0265625 0.0859375
0 0.43125 0.61015625 0.1015625 0.5390625
0 0.471875 0.70546875 0.090625 0.5890625
0 0.54296875 0.696875 0.1640625 0.6046875
0 0.6015625 0.4734375 0.0421875 0.1546875
0 0.66640625 0.70078125 0.1484375 0.596875
0 0.71484375 0.590625 0.121875 0.3953125
0 0.740625 0.6515625 0.0828125 0.5046875
0 0.77421875 0.61875 0.075 0.459375
0 0.84921875 0.50625 0.090625 0.2390625
0 0.88984375 0.6078125 0.190625 0.3953125
0 0.89765625 0.7375 0.1953125 0.5234375
0 0.26796875 0.60703125 0.0828125 0.4265625
0 0.03203125 0.49921875 0.0625 0.2265625
0 0.103125 0.378125 0.059375 0.06875
0 0.17578125 0.42734375 0.01875 0.0703125
0 0.14140625 0.4015625 0.009375 0.0125
0 0.19609375 0.42265625 0.0125 0.0640625
0 0.23515625 0.41015625 0.0484375 0.0640625
0 0.24375 0.4640625 0.034375 0.0453125
0 0.29296875 0.43359375 0.0375 0.0859375
0 0.334375 0.40625 0.028125 0.04375
0 0.5046875 0.40390625 0.028125 0.04375
0 0.59140625 0.49140625 0.0203125 0.10625
0 0.8640625 0.41015625 0.0140625 0.021875
0 0.98046875 0.9140625 0.0375 0.165625
0 0.33671875 0.44609375 0.0109375 0.0359375
0 0.24296875 0.56875 0.0140625 0.0828125
0 0.18359375 0.5578125 0.01875 0.065625
0 0.21875 0.30234375 0.109375 0.0265625