0 0.19296875 0.66484375 0.203125 0.6671875
0 0.1234375 0.65 0.1359375 0.696875
0 0.33828125 0.65078125 0.2484375 0.69375
0 0.4625 0.6625 0.1328125 0.671875
0 0.50859375 0.44296875 0.0921875 0.2859375
0 0.5515625 0.43125 0.0828125 0.203125
0 0.6140625 0.66875 0.28125 0.659375
0 0.90703125 0.66796875 0.1828125 0.6609375
0 0.71875 0.64140625 0.128125 0.7125
0 0.553125 0.33203125 0.0484375 0.1484375
0 0.590625 0.39921875 0.0515625 0.1984375
0 0.975 0.734375 0.046875 0.5109375
0 0.6375 0.32109375 0.0546875 0.1
0 0.77265625 0.45 0.05625 0.184375
0 0.39765625 0.29453125 0.0484375 0.0640625
0 0.34375 0.36171875 0.05 0.1609375