0 0.9265625 0.446875 0.0984375 0.3609375
0 0.9109375 0.40625 0.040625 0.2796875
0 0.87734375 0.38828125 0.046875 0.240625
0 0.85390625 0.359375 0.046875 0.18125
0 0.81484375 0.3890625 0.0609375 0.2453125
0 0.790625 0.365625 0.03125 0.16875
0 0.796875 0.2875 0.015625 0.0390625
0 0.72421875 0.32578125 0.0296875 0.1015625
0 0.70703125 0.38515625 0.05625 0.2296875
0 0.68046875 0.35 0.0234375 0.146875
0 0.57578125 0.37734375 0.0484375 0.215625
0 0.5203125 0.38515625 0.059375 0.221875
0 0.4875 0.33984375 0.0203125 0.1375
0 0.45546875 0.39765625 0.0515625 0.2015625
0 0.46796875 0.31484375 0.021875 0.0875
0 0.1609375 0.621875 0.2328125 0.7546875
0 0.36875 0.3015625 0.046875 0.071875
0 0.209375 0.4015625 0.0296875 0.0953125
0 0.10859375 0.89140625 0.046875 0.2140625
0 0.89609375 0.6359375 0.1171875 0.0703125
0 0.78046875 0.51953125 0.3015625 0.0671875
0 0.484375 0.49453125 0.20625 0.034375
0 0.80390625 0.44140625 0.1015625 0.021875
0 0.79609375 0.28671875 0.0125 0.034375
0 0.8859375 0.28203125 0.0421875 0.0453125