0 0.03828125 0.775 0.0234375 0.0875
0 0.15234375 0.77421875 0.01875 0.0734375
0 0.190625 0.77421875 0.0203125 0.08125
0 0.21484375 0.775 0.021875 0.0796875
0 0.234375 0.78125 0.015625 0.0625
0 0.3625 0.81953125 0.0359375 0.184375
0 0.42578125 0.84296875 0.05625 0.2234375
0 0.38203125 0.84609375 0.053125 0.209375
0 0.54140625 0.83515625 0.05 0.2078125
0 0.49296875 0.77578125 0.01875 0.0859375
0 0.478125 0.77734375 0.01875 0.0796875
0 0.4609375 0.79921875 0.021875 0.128125
0 0.45546875 0.78046875 0.0140625 0.090625
0 0.5125 0.76953125 0.015625 0.06875
0 0.64765625 0.83359375 0.03125 0.1921875
0 0.671875 0.82265625 0.034375 0.1671875
0 0.69609375 0.81953125 0.0390625 0.18125
0 0.75234375 0.853125 0.04375 0.2390625
0 0.7796875 0.85546875 0.0390625 0.21875
0 0.86484375 0.87109375 0.0609375 0.2546875
0 0.809375 0.83046875 0.0390625 0.178125
0 0.828125 0.76953125 0.015625 0.0734375
0 0.840625 0.76796875 0.01875 0.06875
0 0.71796875 0.78125 0.0203125 0.0921875
0 0.60234375 0.771875 0.015625 0.08125
0 0.60078125 0.77109375 0.01875 0.0828125
0 0.62734375 0.82734375 0.0390625 0.1953125
0 0.321875 0.775 0.015625 0.0625
0 0.3359375 0.76796875 0.0125 0.05625
0 0.703125 0.78984375 0.0234375 0.125
0 0.88125 0.76328125 0.0234375 0.078125
0 0.95859375 0.77421875 0.0796875 0.0859375
0 0.81796875 0.76640625 0.0125 0.0671875
0 0.75546875 0.75234375 0.0421875 0.0625
0 0.57890625 0.778125 0.046875 0.09375
0 0.26328125 0.76875 0.053125 0.075
0 0.40703125 0.75390625 0.0203125 0.034375
0 0.67890625 0.79453125 0.0109375 0.103125
0 0.3546875 0.76328125 0.015625 0.06875