0 0.14921875 0.70234375 0.24375 0.5921875
0 0.24453125 0.70703125 0.1125 0.58125
0 0.3265625 0.6875 0.1671875 0.621875
0 0.4578125 0.68125 0.096875 0.475
0 0.55390625 0.64921875 0.159375 0.6984375
0 0.38359375 0.48125 0.028125 0.134375
0 0.65078125 0.578125 0.0859375 0.35625
0 0.6828125 0.48046875 0.0625 0.16875
0 0.775 0.70625 0.3203125 0.584375
0 0.7796875 0.665625 0.13125 0.665625
0 0.8828125 0.640625 0.0921875 0.553125
0 0.92734375 0.58984375 0.05625 0.4375
0 0.975 0.56328125 0.04375 0.3109375
0 0.99140625 0.565625 0.015625 0.296875
0 0.4984375 0.43984375 0.0390625 0.1
0 0.78203125 0.39453125 0.38125 0.103125
0 0.19296875 0.39140625 0.0953125 0.0625