0 0.94375 0.71796875 0.021875 0.0359375
0 0.91875 0.72734375 0.0109375 0.01875
0 0.84765625 0.71953125 0.0234375 0.0390625
0 0.84140625 0.72265625 0.0125 0.0328125
0 0.81953125 0.71640625 0.0171875 0.04375
0 0.83125 0.6640625 0.0265625 0.15
0 0.7921875 0.65390625 0.0390625 0.171875
0 0.540625 0.65546875 0.0390625 0.190625
0 0.51171875 0.70078125 0.0875 0.40625
0 0.47421875 0.73046875 0.021875 0.03125
0 0.41953125 0.64921875 0.0390625 0.2140625
0 0.1171875 0.709375 0.1078125 0.49375
0 0.02421875 0.71171875 0.0484375 0.496875
0 0.6328125 0.7359375 0.009375 0.0109375
0 0.1875 0.63828125 0.015625 0.065625