0 0.09765625 0.43984375 0.103125 0.359375
0 0.12890625 0.32890625 0.0265625 0.1125
0 0.1609375 0.38359375 0.0421875 0.2125
0 0.19921875 0.35859375 0.0265625 0.146875
0 0.23359375 0.3375 0.0390625 0.125
0 0.26796875 0.47265625 0.084375 0.446875
0 0.28359375 0.56328125 0.1171875 0.60625
0 0.35625 0.56328125 0.13125 0.70625
0 0.4078125 0.59453125 0.1984375 0.80625
0 0.53125 0.553125 0.1703125 0.890625
0 0.640625 0.61875 0.1203125 0.746875
0 0.75703125 0.46796875 0.09375 0.3859375
0 0.7984375 0.45546875 0.0546875 0.35625
0 0.859375 0.58984375 0.178125 0.746875
0 0.9578125 0.40859375 0.0640625 0.296875
0 0.0515625 0.48984375 0.103125 0.4921875
0 0.1125 0.40703125 0.0234375 0.340625
0 0.14296875 0.34140625 0.021875 0.125
0 0.1828125 0.34296875 0.0296875 0.1234375
0 0.21328125 0.46875 0.028125 0.075
0 0.246875 0.29921875 0.0296875 0.078125
0 0.32890625 0.32734375 0.06875 0.175
0 0.41171875 0.29296875 0.0484375 0.090625
0 0.3015625 0.815625 0.0734375 0.2265625
0 0.70234375 0.70234375 0.0578125 0.0875
0 0.59296875 0.45625 0.059375 0.3875
0 0.71328125 0.35703125 0.0703125 0.13125
0 0.90546875 0.31875 0.065625 0.0921875
0 0.96484375 0.64921875 0.06875 0.69375
0 0.91484375 0.646875 0.046875 0.16875
0 0.6234375 0.05234375 0.0734375 0.1046875