0 0.0890625 0.271875 0.009375 0.015625
0 0.12890625 0.29375 0.009375 0.0515625
0 0.13828125 0.2921875 0.015625 0.05625
0 0.19375 0.3625 0.0921875 0.29375
0 0.23984375 0.28125 0.0359375 0.046875
0 0.22421875 0.2765625 0.021875 0.0390625
0 0.2625 0.29375 0.040625 0.0796875
0 0.2625 0.33359375 0.0296875 0.15
0 0.290625 0.33984375 0.0265625 0.1609375
0 0.29140625 0.32890625 0.03125 0.1578125
0 0.30546875 0.2765625 0.0203125 0.0625
0 0.31484375 0.29921875 0.03125 0.0703125
0 0.33671875 0.2765625 0.0234375 0.034375
0 0.31953125 0.4171875 0.03125 0.2875
0 0.35546875 0.2984375 0.0578125 0.134375
0 0.446875 0.28671875 0.0484375 0.10625
0 0.32265625 0.2625 0.0078125 0.0125
0 0.23359375 0.63984375 0.175 0.71875
0 0.39296875 0.6203125 0.159375 0.75625
0 0.50859375 0.58828125 0.1828125 0.8234375
0 0.51796875 0.28671875 0.0296875 0.0390625
0 0.60078125 0.490625 0.0796875 0.5359375
0 0.69453125 0.5890625 0.1796875 0.821875
0 0.74375 0.43984375 0.0578125 0.3921875
0 0.77734375 0.3515625 0.0515625 0.2140625
0 0.84765625 0.48046875 0.11875 0.5484375
0 0.88671875 0.559375 0.134375 0.7921875
0 0.96796875 0.59375 0.0640625 0.6125
0 0.98046875 0.2921875 0.0109375 0.03125
0 0.9796875 0.29140625 0.0125 0.0359375
0 0.9703125 0.2953125 0.0109375 0.0421875
0 0.91796875 0.3015625 0.0171875 0.1203125
0 0.83515625 0.27578125 0.015625 0.03125
0 0.81328125 0.2890625 0.0234375 0.0578125
0 0.7921875 0.303125 0.009375 0.0515625
0 0.7953125 0.28515625 0.0046875 0.0171875
0 0.796875 0.28203125 0.0109375 0.0234375
0 0.6640625 0.28359375 0.015625 0.05625
0 0.675 0.29296875 0.0125 0.071875
0 0.64296875 0.28671875 0.0140625 0.0546875
0 0.634375 0.27890625 0.0078125 0.03125
0 0.5859375 0.26640625 0.015625 0.0359375
0 0.56640625 0.271875 0.015625 0.0328125
0 0.5328125 0.26640625 0.0109375 0.0421875
0 0.50546875 0.2765625 0.00625 0.0171875
0 0.2796875 0.27734375 0.009375 0.0328125
0 0.06875 0.23515625 0.0328125 0.0796875
0 0.34375 0.275 0.0265625 0.071875
0 0.278125 0.2546875 0.0671875 0.0203125
0 0.7703125 0.29296875 0.0078125 0.0203125
0 0.42890625 0.2671875 0.034375 0.0703125
0 0.11640625 0.2890625 0.0046875 0.05