0 0.75078125 0.7859375 0.3296875 0.425
0 0.65546875 0.67578125 0.1484375 0.3453125
0 0.80703125 0.575 0.0984375 0.325
0 0.9015625 0.7 0.19375 0.596875
0 0.85078125 0.5078125 0.059375 0.1109375
0 0.7515625 0.53203125 0.0546875 0.1140625
0 0.625 0.67578125 0.103125 0.409375
0 0.6078125 0.51015625 0.0828125 0.2140625
0 0.5234375 0.73203125 0.1015625 0.5328125
0 0.4796875 0.66328125 0.0421875 0.2984375
0 0.56796875 0.63125 0.0515625 0.365625
0 0.42890625 0.72578125 0.1203125 0.3796875
0 0.40625 0.5828125 0.0421875 0.2109375
0 0.3578125 0.70859375 0.1296875 0.553125
0 0.26015625 0.74140625 0.1703125 0.5140625
0 0.0984375 0.79921875 0.196875 0.3984375
0 0.09609375 0.72421875 0.1609375 0.43125
0 0.175 0.74765625 0.0796875 0.5015625
0 0.046875 0.6015625 0.084375 0.234375
0 0.1140625 0.5015625 0.078125 0.1640625
0 0.22578125 0.5265625 0.0609375 0.1453125
0 0.3078125 0.5 0.0671875 0.1640625
0 0.4390625 0.4890625 0.0546875 0.1265625
0 0.01484375 0.5171875 0.0296875 0.109375
0 0.71328125 0.49609375 0.034375 0.084375
0 0.67265625 0.475 0.0390625 0.0671875
0 0.36875 0.3328125 0.3796875 0.1078125
0 0.00703125 0.61171875 0.0140625 0.14375
0 0.0625 0.4765625 0.090625 0.15
0 0.14375 0.34921875 0.0734375 0.078125
0 0.23046875 0.446875 0.246875 0.1203125
0 0.4265625 0.4703125 0.15 0.171875
0 0.55078125 0.46171875 0.1015625 0.1546875
0 0.6234375 0.36875 0.04375 0.084375
0 0.7390625 0.46171875 0.06875 0.0859375