0 0.1 0.7328125 0.0859375 0.353125
0 0.7515625 0.6328125 0.0171875 0.0609375
0 0.73359375 0.634375 0.021875 0.0546875
0 0.71171875 0.640625 0.01875 0.0546875
0 0.71953125 0.63359375 0.0109375 0.05
0 0.690625 0.634375 0.021875 0.0671875
0 0.6671875 0.6328125 0.01875 0.06875
0 0.6765625 0.61328125 0.009375 0.0203125
0 0.671875 0.6390625 0.0109375 0.0546875
0 0.69921875 0.6265625 0.009375 0.0484375
0 0.6546875 0.6203125 0.0109375 0.0359375
0 0.6484375 0.6296875 0.015625 0.05
0 0.60078125 0.62421875 0.0140625 0.046875
0 0.57734375 0.64921875 0.025 0.096875
0 0.63046875 0.6453125 0.01875 0.096875
0 0.6421875 0.67265625 0.0265625 0.1359375
0 0.646875 0.696875 0.0375 0.1421875
0 0.6140625 0.6671875 0.0328125 0.1453125
0 0.45078125 0.62421875 0.0140625 0.0546875
0 0.43515625 0.609375 0.0109375 0.0203125
0 0.4421875 0.6078125 0.009375 0.0171875
0 0.46015625 0.68515625 0.04375 0.1875
0 0.42734375 0.68046875 0.0328125 0.1640625
0 0.38515625 0.68515625 0.0421875 0.2015625
0 0.3921875 0.6875 0.0609375 0.215625
0 0.35625 0.6671875 0.0328125 0.134375
0 0.334375 0.6609375 0.0203125 0.1296875
0 0.3703125 0.6609375 0.0203125 0.128125
0 0.2984375 0.68828125 0.0375 0.175
0 0.3109375 0.67890625 0.0640625 0.225
0 0.27734375 0.6578125 0.0140625 0.0796875
0 0.23125 0.62265625 0.0109375 0.0171875
0 0.225 0.64140625 0.0171875 0.078125
0 0.2453125 0.60703125 0.0109375 0.0203125
0 0.25234375 0.678125 0.0546875 0.1921875
0 0.20078125 0.653125 0.0296875 0.0953125
0 0.1796875 0.653125 0.0265625 0.09375
0 0.15703125 0.65078125 0.028125 0.0984375
0 0.125 0.65234375 0.0140625 0.075
0 0.01484375 0.653125 0.0296875 0.0875
0 0.5421875 0.68046875 0.0359375 0.1546875
0 0.56640625 0.68359375 0.0515625 0.1875
0 0.2890625 0.66171875 0.0171875 0.0828125
0 0.596875 0.6375 0.015625 0.0625
0 0.87578125 0.621875 0.0171875 0.04375
0 0.0484375 0.64453125 0.0390625 0.0578125
0 0.365625 0.61875 0.0078125 0.0203125
0 0.41015625 0.60703125 0.009375 0.0140625
0 0.609375 0.60703125 0.0125 0.0265625
0 0.68125 0.621875 0.0046875 0.0421875
0 0.6921875 0.60546875 0.0046875 0.0078125
0 0.7078125 0.60859375 0.0140625 0.009375
0 0.71640625 0.60703125 0.00625 0.003125
0 0.725 0.609375 0.0078125 0.0140625
0 0.75625 0.61328125 0.0046875 0.0125
0 0.765625 0.61953125 0.0125 0.0265625