0 0.95625 0.51484375 0.084375 0.525
0 0.95546875 0.2125 0.0421875 0.1296875
0 0.909375 0.459375 0.0921875 0.5359375
0 0.84609375 0.35625 0.075 0.2
0 0.8421875 0.5625 0.0703125 0.334375
0 0.8546875 0.28125 0.0375 0.096875
0 0.70859375 0.47578125 0.10625 0.51875
0 0.75625 0.46875 0.0796875 0.4796875
0 0.80390625 0.32734375 0.0375 0.1125
0 0.8171875 0.275 0.03125 0.1296875
0 0.63828125 0.53046875 0.0640625 0.371875
0 0.64765625 0.32109375 0.078125 0.2046875
0 0.68984375 0.26640625 0.0390625 0.075
0 0.63046875 0.19296875 0.046875 0.103125
0 0.61875 0.459375 0.05625 0.4734375
0 0.528125 0.45625 0.1015625 0.575
0 0.59140625 0.321875 0.0671875 0.1890625
0 0.3921875 0.578125 0.121875 0.240625
0 0.34296875 0.5625 0.0859375 0.2546875
0 0.4109375 0.34453125 0.078125 0.190625
0 0.44609375 0.44296875 0.0734375 0.453125
0 0.35390625 0.33359375 0.0640625 0.2171875
0 0.24609375 0.434375 0.1109375 0.528125
0 0.309375 0.42578125 0.0421875 0.3609375
0 0.31171875 0.234375 0.0765625 0.14375
0 0.2109375 0.428125 0.059375 0.48125
0 0.16640625 0.44609375 0.078125 0.475
0 0.1375 0.27421875 0.0421875 0.153125
0 0.07265625 0.54609375 0.0703125 0.2578125
0 0.1046875 0.44375 0.0609375 0.4
0 0.06953125 0.28984375 0.028125 0.0625
0 0.04609375 0.28203125 0.0328125 0.103125
0 0.98515625 0.26015625 0.028125 0.1546875
0 0.4921875 0.375 0.04375 0.271875
0 0.1265625 0.29921875 0.025 0.053125
0 0.015625 0.42421875 0.03125 0.590625