0 0.065625 0.50625 0.03125 0.159375
0 0.12109375 0.484375 0.028125 0.10625
0 0.184375 0.60625 0.1234375 0.5671875
0 0.20703125 0.553125 0.08125 0.25625
0 0.234375 0.53828125 0.0328125 0.21875
0 0.2921875 0.60625 0.084375 0.2921875
0 0.3578125 0.48828125 0.09375 0.2984375
0 0.4171875 0.55390625 0.04375 0.25
0 0.44921875 0.55390625 0.0515625 0.25
0 0.440625 0.4125 0.025 0.046875
0 0.50859375 0.52890625 0.046875 0.2421875
0 0.571875 0.56640625 0.065625 0.3671875
0 0.60546875 0.57734375 0.05 0.375
0 0.63515625 0.59375 0.0703125 0.4296875
0 0.70859375 0.62109375 0.05625 0.4375
0 0.7328125 0.61640625 0.075 0.5
0 0.78125 0.52265625 0.0578125 0.3375
0 0.45546875 0.55234375 0.0421875 0.25
0 0.0140625 0.51171875 0.028125 0.23125
0 0.3046875 0.44921875 0.034375 0.0609375
0 0.25546875 0.56171875 0.0203125 0.109375
0 0.39296875 0.43046875 0.0609375 0.09375
0 0.403125 0.628125 0.0390625 0.0734375