0 0.0453125 0.82578125 0.0671875 0.290625
0 0.0796875 0.81875 0.059375 0.271875
0 0.178125 0.81640625 0.0828125 0.346875
0 0.2390625 0.83125 0.0515625 0.3171875
0 0.32265625 0.81015625 0.0453125 0.2828125
0 0.3578125 0.82890625 0.0875 0.3375
0 0.43515625 0.81796875 0.0703125 0.3609375
0 0.490625 0.759375 0.0546875 0.23125
0 0.559375 0.82265625 0.078125 0.35
0 0.61171875 0.78515625 0.0609375 0.2671875
0 0.84765625 0.79375 0.0515625 0.246875
0 0.9265625 0.79609375 0.103125 0.403125
0 0.37265625 0.84140625 0.040625 0.271875
0 0.14765625 0.19140625 0.040625 0.2171875
0 0.21796875 0.19765625 0.0453125 0.2125
0 0.72734375 0.18671875 0.04375 0.21875
0 0.80078125 0.184375 0.0421875 0.2359375