0 0.03125 0.8125 0.0625 0.35
0 0.8296875 0.72421875 0.08125 0.1953125
0 0.81328125 0.75625 0.04375 0.146875
0 0.7609375 0.70234375 0.0640625 0.0796875
0 0.759375 0.675 0.05625 0.103125
0 0.74140625 0.6359375 0.05 0.115625
0 0.70703125 0.73671875 0.0546875 0.1890625
0 0.65625 0.79140625 0.0671875 0.2390625
0 0.6171875 0.859375 0.0953125 0.225
0 0.5890625 0.78125 0.0890625 0.26875
0 0.54296875 0.77734375 0.05625 0.1859375
0 0.51484375 0.76953125 0.0390625 0.1828125
0 0.4765625 0.72421875 0.0515625 0.1578125
0 0.3265625 0.8703125 0.109375 0.25625
0 0.27890625 0.71796875 0.0953125 0.1734375
0 0.3640625 0.7 0.0671875 0.121875
0 0.15 0.771875 0.0625 0.228125
0 0.0828125 0.76171875 0.040625 0.1328125
0 0.77578125 0.6671875 0.028125 0.04375
0 0.5703125 0.696875 0.025 0.04375
0 0.38828125 0.75546875 0.034375 0.0796875
0 0.31796875 0.68359375 0.021875 0.1109375
0 0.046875 0.7265625 0.0421875 0.1625
0 0.9328125 0.8578125 0.0890625 0.084375