0 0.1546875 0.3671875 0.25625 0.4921875
0 0.19296875 0.5875 0.2734375 0.821875
0 0.2640625 0.17421875 0.1109375 0.2328125
0 0.33203125 0.26953125 0.171875 0.3484375
0 0.39921875 0.6375 0.2484375 0.721875
0 0.54765625 0.69609375 0.2015625 0.6046875
0 0.6984375 0.68828125 0.2859375 0.6203125
0 0.57890625 0.2984375 0.215625 0.4828125
0 0.77421875 0.59375 0.2875 0.809375
0 0.71640625 0.14765625 0.1265625 0.215625
0 0.809375 0.2171875 0.1265625 0.2234375
0 0.8921875 0.31484375 0.2140625 0.6296875
0 0.0265625 0.66484375 0.053125 0.6171875
0 0.94453125 0.7328125 0.1078125 0.5109375