0 0.7765625 0.83671875 0.0625 0.3234375
0 0.609375 0.81484375 0.046875 0.246875
0 0.51171875 0.815625 0.0703125 0.2609375
0 0.3765625 0.76953125 0.0390625 0.203125
0 0.27265625 0.803125 0.059375 0.228125
0 0.21171875 0.79609375 0.0484375 0.246875
0 0.1859375 0.76171875 0.015625 0.078125
0 0.0890625 0.73359375 0.0140625 0.0421875
0 0.24453125 0.76171875 0.0234375 0.0859375
0 0.3265625 0.76171875 0.015625 0.04375
0 0.346875 0.765625 0.01875 0.090625
0 0.31015625 0.76328125 0.01875 0.08125
0 0.3265625 0.74375 0.0171875 0.0421875
0 0.30625 0.75625 0.0140625 0.0796875
0 0.3359375 0.76015625 0.0125 0.0875
0 0.39140625 0.76640625 0.01875 0.096875
0 0.40703125 0.76328125 0.01875 0.0984375
0 0.42265625 0.75703125 0.0171875 0.06875
0 0.43984375 0.76796875 0.0234375 0.0859375
0 0.46015625 0.76328125 0.0265625 0.10625
0 0.47734375 0.76875 0.01875 0.0875
0 0.5359375 0.75390625 0.01875 0.059375
0 0.5765625 0.76953125 0.0203125 0.09375
0 0.64375 0.74765625 0.0109375 0.059375
0 0.65 0.74921875 0.0125 0.0515625
0 0.8453125 0.77578125 0.0171875 0.053125
0 0.8359375 0.76328125 0.0140625 0.06875
0 0.8640625 0.7625 0.0171875 0.0671875
0 0.8859375 0.77265625 0.01875 0.059375
0 0.88515625 0.74375 0.009375 0.046875
0 0.359375 0.75859375 0.0171875 0.0875
0 0.44765625 0.74296875 0.0109375 0.0359375
0 0.584375 0.75546875 0.0125 0.078125
0 0.71484375 0.74609375 0.01875 0.0296875
0 0.859375 0.65625 0.0234375 0.0296875
0 0.6828125 0.671875 0.0109375 0.01875
0 0.2609375 0.89296875 0.159375 0.0359375
0 0.3984375 0.85859375 0.0578125 0.021875
0 0.5328125 0.92109375 0.078125 0.034375
0 0.6359375 0.91796875 0.0375 0.028125
0 0.79375 0.97734375 0.0515625 0.0421875
0 0.98828125 0.74375 0.0125 0.034375