0 0.17578125 0.7 0.0828125 0.321875
0 0.1921875 0.690625 0.0484375 0.2890625
0 0.265625 0.621875 0.0140625 0.065625
0 0.2796875 0.61796875 0.015625 0.065625
0 0.28671875 0.62421875 0.0171875 0.0734375
0 0.303125 0.62109375 0.01875 0.084375
0 0.32109375 0.61640625 0.01875 0.0875
0 0.3359375 0.65625 0.046875 0.2125
0 0.3703125 0.65546875 0.0375 0.20625
0 0.4140625 0.62890625 0.0234375 0.1171875
0 0.4734375 0.62578125 0.0296875 0.15625
0 0.53203125 0.675 0.075 0.328125
0 0.60703125 0.66640625 0.0875 0.346875
0 0.2484375 0.62109375 0.021875 0.0375
0 0.18046875 0.565625 0.021875 0.0515625
0 0.8 0.71640625 0.0671875 0.059375
0 0.990625 0.70546875 0.0171875 0.09375
0 0.35546875 0.58515625 0.0078125 0.0203125
0 0.42109375 0.58125 0.009375 0.0125
0 0.415625 0.878125 0.1875 0.0609375