0 0.02265625 0.68828125 0.0453125 0.190625
0 0.13671875 0.715625 0.0765625 0.253125
0 0.27421875 0.65625 0.0265625 0.121875
0 0.28359375 0.64375 0.0203125 0.0828125
0 0.215625 0.62578125 0.01875 0.08125
0 0.22734375 0.62578125 0.0203125 0.06875
0 0.43359375 0.721875 0.0546875 0.234375
0 0.4828125 0.66171875 0.04375 0.15625
0 0.525 0.66171875 0.04375 0.15625
0 0.40078125 0.675 0.0484375 0.121875
0 0.89765625 0.79609375 0.1359375 0.403125
0 0.7921875 0.7625 0.10625 0.3125
0 0.7515625 0.73046875 0.071875 0.2609375
0 0.778125 0.61171875 0.03125 0.078125
0 0.6453125 0.62578125 0.028125 0.090625
0 0.6328125 0.60390625 0.015625 0.034375
0 0.60390625 0.63984375 0.0328125 0.0875
0 0.56796875 0.63984375 0.0203125 0.075
0 0.0890625 0.6125 0.03125 0.1375
0 0.165625 0.60078125 0.021875 0.0734375
0 0.12109375 0.59609375 0.0234375 0.059375
0 0.14375 0.578125 0.021875 0.028125
0 0.19375 0.61328125 0.015625 0.05625
0 0.22734375 0.59375 0.0171875 0.025
0 0.36640625 0.63046875 0.0296875 0.059375
0 0.38671875 0.61484375 0.0140625 0.0546875
0 0.7578125 0.60234375 0.021875 0.028125
0 0.65625 0.61875 0.0125 0.0875
0 0.61796875 0.621875 0.0109375 0.065625
0 0.590625 0.6 0.025 0.028125
0 0.5890625 0.63203125 0.021875 0.0390625
0 0.55390625 0.603125 0.0203125 0.0234375
0 0.5359375 0.60390625 0.015625 0.025
0 0.503125 0.59765625 0.03125 0.0296875
0 0.50390625 0.63984375 0.0109375 0.059375
0 0.440625 0.59609375 0.071875 0.025
0 0.4 0.59921875 0.0125 0.028125
0 0.41640625 0.62421875 0.0203125 0.0359375
0 0.4578125 0.63515625 0.021875 0.0546875
0 0.1484375 0.10234375 0.05 0.1421875
0 0.6796875 0.43125 0.0375 0.1171875