0 0.16953125 0.875 0.053125 0.2296875
0 0.315625 0.890625 0.05625 0.215625
0 0.36640625 0.90546875 0.0515625 0.1859375
0 0.4078125 0.95390625 0.0296875 0.0875
0 0.4125 0.903125 0.034375 0.08125
0 0.43515625 0.92578125 0.0328125 0.14375
0 0.5921875 0.83671875 0.015625 0.0609375
0 0.56328125 0.91484375 0.05 0.1671875
0 0.59609375 0.91328125 0.0421875 0.16875
0 0.6109375 0.84140625 0.0125 0.0625
0 0.646875 0.87421875 0.03125 0.1359375
0 0.6640625 0.82578125 0.0234375 0.10625
0 0.62734375 0.93046875 0.0328125 0.1359375
0 0.66953125 0.93671875 0.0390625 0.1234375
0 0.74140625 0.93515625 0.05 0.125
0 0.73203125 0.80859375 0.0203125 0.084375
0 0.75625 0.80234375 0.01875 0.05
0 0.77109375 0.81640625 0.01875 0.071875
0 0.821875 0.89296875 0.0265625 0.13125
0 0.80078125 0.80546875 0.01875 0.065625
0 0.79375 0.80390625 0.0171875 0.0625
0 0.5578125 0.81640625 0.046875 0.1171875
0 0.8125 0.79375 0.015625 0.0546875
0 0.9828125 0.94921875 0.0328125 0.0984375