0 0.08046875 0.615625 0.053125 0.3734375
0 0.109375 0.665625 0.065625 0.390625
0 0.11484375 0.58046875 0.065625 0.203125
0 0.25078125 0.684375 0.1 0.428125
0 0.35 0.64140625 0.2 0.7125
0 0.434375 0.521875 0.0609375 0.18125
0 0.47890625 0.69609375 0.134375 0.6046875
0 0.56484375 0.67109375 0.1171875 0.6546875
0 0.715625 0.60546875 0.2546875 0.7859375
0 0.840625 0.66171875 0.1171875 0.5484375
0 0.95859375 0.675 0.08125 0.646875
0 0.2265625 0.53828125 0.046875 0.028125
0 0.52578125 0.453125 0.028125 0.0609375
0 0.89140625 0.56484375 0.0203125 0.0375
0 0.7140625 0.965625 0.028125 0.0359375