0 0.0546875 0.51640625 0.109375 0.9625
0 0.196875 0.56953125 0.221875 0.85625
0 0.2984375 0.63359375 0.1171875 0.6296875
0 0.35234375 0.709375 0.0703125 0.46875
0 0.50625 0.55859375 0.2796875 0.8796875
0 0.6375 0.703125 0.03125 0.2109375
0 0.66484375 0.71640625 0.046875 0.2125
0 0.6859375 0.71953125 0.0234375 0.1484375
0 0.81796875 0.77890625 0.0734375 0.234375
0 0.93828125 0.759375 0.121875 0.478125
0 0.97734375 0.60234375 0.04375 0.1328125
0 0.37109375 0.765625 0.0296875 0.1484375
0 0.5890625 0.88671875 0.0515625 0.115625
0 0.79453125 0.64296875 0.0234375 0.0734375