0 0.9578125 0.81484375 0.0828125 0.3671875
0 0.896875 0.81171875 0.059375 0.315625
0 0.77890625 0.82578125 0.08125 0.34375
0 0.809375 0.73671875 0.046875 0.178125
0 0.6359375 0.83671875 0.0421875 0.190625
0 0.675 0.78203125 0.0359375 0.178125
0 0.69453125 0.78359375 0.0203125 0.159375
0 0.65859375 0.76875 0.03125 0.175
0 0.64140625 0.72734375 0.01875 0.059375
0 0.6203125 0.77109375 0.03125 0.159375
0 0.5609375 0.78984375 0.03125 0.146875
0 0.58046875 0.79140625 0.0234375 0.1421875
0 0.6 0.7625 0.0234375 0.1125
0 0.5015625 0.77890625 0.0203125 0.125
0 0.490625 0.7625 0.0171875 0.0875
0 0.475 0.76171875 0.0203125 0.103125
0 0.40859375 0.77578125 0.0234375 0.13125
0 0.38046875 0.82578125 0.028125 0.13125
0 0.384375 0.75859375 0.0109375 0.1171875
0 0.4234375 0.75390625 0.015625 0.071875
0 0.434375 0.75390625 0.0140625 0.0671875
0 0.44921875 0.74921875 0.0140625 0.065625
0 0.29140625 0.86953125 0.1390625 0.25625
0 0.86640625 0.70546875 0.0453125 0.2609375
0 0.63125 0.70703125 0.009375 0.0234375
0 0.61484375 0.71015625 0.009375 0.0125
0 0.58828125 0.72578125 0.0203125 0.04375
0 0.01953125 0.809375 0.0390625 0.378125
0 0.53203125 0.75703125 0.0515625 0.1140625
0 0.4609375 0.75078125 0.01875 0.078125
0 0.56953125 0.72265625 0.009375 0.0375
0 0.975 0.63984375 0.046875 0.125