0 0.11171875 0.56953125 0.08125 0.1609375
0 0.17421875 0.5671875 0.078125 0.159375
0 0.25078125 0.53125 0.046875 0.0828125
0 0.2296875 0.6078125 0.084375 0.1765625
0 0.29609375 0.51953125 0.0578125 0.0703125
0 0.29921875 0.56328125 0.05625 0.090625
0 0.296875 0.60625 0.059375 0.1734375
0 0.35390625 0.51953125 0.0453125 0.05625
0 0.36015625 0.55625 0.0515625 0.096875
0 0.40546875 0.55390625 0.053125 0.128125
0 0.44765625 0.54453125 0.0546875 0.1109375
0 0.4953125 0.553125 0.046875 0.1140625
0 0.54375 0.58125 0.059375 0.15625
0 0.57734375 0.5109375 0.0578125 0.0921875
0 0.58828125 0.565625 0.04375 0.09375
0 0.5609375 0.43203125 0.1875 0.15625
0 0.6296875 0.51171875 0.04375 0.0765625
0 0.63203125 0.5671875 0.0546875 0.1171875
0 0.66796875 0.509375 0.0421875 0.0640625
0 0.68046875 0.571875 0.071875 0.1375
0 0.70703125 0.540625 0.0484375 0.1421875
0 0.76171875 0.51484375 0.0640625 0.1015625
0 0.75078125 0.54609375 0.046875 0.075
0 0.80234375 0.6015625 0.065625 0.159375
0 0.75 0.6046875 0.05625 0.1375
0 0.690625 0.6296875 0.05625 0.15625
0 0.64609375 0.678125 0.0640625 0.196875
0 0.5953125 0.671875 0.078125 0.2140625
0 0.73359375 0.74140625 0.09375 0.2453125
0 0.7921875 0.74140625 0.0859375 0.2453125
0 0.51875 0.653125 0.06875 0.1859375
0 0.44765625 0.653125 0.05625 0.1890625
0 0.3875 0.63984375 0.0609375 0.159375
0 0.32421875 0.64609375 0.0875 0.215625
0 0.76953125 0.46640625 0.025 0.0359375
0 0.0140625 0.5359375 0.028125 0.146875