0 0.62578125 0.63046875 0.1765625 0.7359375
0 0.45625 0.58046875 0.2546875 0.8359375
0 0.30390625 0.61875 0.125 0.59375
0 0.2171875 0.5734375 0.071875 0.225
0 0.25625 0.6140625 0.071875 0.2578125
0 0.06640625 0.63828125 0.1203125 0.1875
0 0.10625 0.61875 0.0625 0.1265625
0 0.12421875 0.61484375 0.0515625 0.1140625
0 0.1609375 0.603125 0.0609375 0.0953125
0 0.5296875 0.4984375 0.04375 0.1375
0 0.69453125 0.534375 0.0609375 0.065625
0 0.7609375 0.58046875 0.0640625 0.1765625
0 0.83515625 0.565625 0.0625 0.1359375
0 0.86640625 0.5140625 0.0359375 0.0546875
0 0.9328125 0.56953125 0.071875 0.209375
0 0.72421875 0.5265625 0.0328125 0.0609375
0 0.67578125 0.4984375 0.0296875 0.04375
0 0.17265625 0.57421875 0.0234375 0.0375