0 0.1 0.696875 0.2 0.603125
0 0.13984375 0.7203125 0.2390625 0.55625
0 0.14375 0.43671875 0.05 0.071875
0 0.21171875 0.6390625 0.15625 0.71875
0 0.27109375 0.62578125 0.09375 0.5734375
0 0.30234375 0.4296875 0.0453125 0.0796875
0 0.3515625 0.70859375 0.21875 0.5796875
0 0.39453125 0.49375 0.04375 0.1296875
0 0.4171875 0.43359375 0.0328125 0.05625
0 0.46796875 0.5125 0.13125 0.325
0 0.4828125 0.72734375 0.0984375 0.5421875
0 0.54140625 0.45234375 0.04375 0.08125
0 0.60546875 0.625 0.3046875 0.746875
0 0.71484375 0.465625 0.0609375 0.1078125
0 0.76328125 0.4734375 0.0515625 0.1109375
0 0.7359375 0.503125 0.071875 0.1546875
0 0.8078125 0.4453125 0.046875 0.1421875
0 0.98125 0.45546875 0.0359375 0.103125
0 0.95703125 0.48984375 0.08125 0.196875
0 0.84296875 0.675 0.2296875 0.646875
0 0.84765625 0.853125 0.1 0.290625
0 0.36796875 0.45078125 0.028125 0.059375
0 0.44453125 0.43984375 0.0390625 0.0375
0 0.415625 0.46796875 0.0234375 0.05
0 0.51640625 0.4375 0.0390625 0.0546875
0 0.66484375 0.47265625 0.0703125 0.05625
0 0.79453125 0.45546875 0.05 0.071875
0 0.9734375 0.47109375 0.025 0.028125
0 0.9234375 0.45703125 0.0140625 0.05
0 0.99453125 0.48515625 0.009375 0.0625
0 0.93046875 0.75859375 0.1390625 0.48125
0 0.04453125 0.60078125 0.040625 0.109375
0 0.92578125 0.515625 0.0359375 0.0640625