0 0.0875 0.58203125 0.1296875 0.46875
0 0.15390625 0.66015625 0.059375 0.2140625
0 0.21640625 0.6640625 0.0484375 0.2109375
0 0.24609375 0.6640625 0.04375 0.215625
0 0.246875 0.59296875 0.05 0.103125
0 0.3515625 0.58125 0.1609375 0.6765625
0 0.4703125 0.60390625 0.1375 0.6546875
0 0.54921875 0.68046875 0.0296875 0.046875
0 0.65078125 0.61875 0.1296875 0.66875
0 0.72421875 0.7203125 0.0890625 0.396875
0 0.88671875 0.6875 0.1484375 0.4984375
0 0.9640625 0.68125 0.0390625 0.078125
0 0.1140625 0.66171875 0.0234375 0.059375
0 0.5671875 0.71328125 0.0234375 0.05