0 0.05 0.82421875 0.01875 0.053125
0 0.0640625 0.8046875 0.0125 0.021875
0 0.06796875 0.828125 0.01875 0.05625
0 0.11953125 0.828125 0.0203125 0.0671875
0 0.11328125 0.82421875 0.015625 0.0671875
0 0.140625 0.834375 0.0203125 0.0796875
0 0.26171875 0.8375 0.0109375 0.04375
0 0.28125 0.8609375 0.021875 0.1
0 0.30546875 0.8671875 0.025 0.09375
0 0.36953125 0.9015625 0.021875 0.11875
0 0.44921875 0.90234375 0.03125 0.13125
0 0.4734375 0.915625 0.0375 0.1328125
0 0.48984375 0.91484375 0.0234375 0.1265625
0 0.49609375 0.90703125 0.021875 0.125
0 0.51640625 0.91640625 0.025 0.1421875
0 0.5234375 0.84765625 0.01875 0.0296875
0 0.534375 0.921875 0.034375 0.140625
0 0.534375 0.925 0.0359375 0.14375
0 0.565625 0.9125 0.034375 0.1453125
0 0.5828125 0.92109375 0.028125 0.1390625
0 0.61171875 0.9203125 0.03125 0.1375
0 0.67578125 0.921875 0.04375 0.1546875
0 0.6828125 0.92265625 0.03125 0.1515625
0 0.8171875 0.8609375 0.04375 0.053125
0 0.825 0.9359375 0.0625 0.1265625
0 0.88984375 0.925 0.0640625 0.1484375
0 0.125 0.89765625 0.0421875 0.1421875
0 0.2140625 0.90546875 0.053125 0.1546875
0 0.2171875 0.903125 0.0390625 0.134375
0 0.009375 0.790625 0.01875 0.025
0 0.35234375 0.88671875 0.0265625 0.10625
0 0.26953125 0.85546875 0.009375 0.0484375