0 0.05 0.334375 0.028125 0.19375
0 0.0796875 0.37421875 0.04375 0.2296875
0 0.1203125 0.31953125 0.05625 0.2171875
0 0.1421875 0.39296875 0.0796875 0.33125
0 0.1953125 0.45078125 0.1109375 0.3375
0 0.20546875 0.42890625 0.0796875 0.271875
0 0.22421875 0.32265625 0.046875 0.1
0 0.24453125 0.309375 0.03125 0.1046875
0 0.24453125 0.309375 0.03125 0.103125
0 0.26796875 0.303125 0.04375 0.1
0 0.2703125 0.3578125 0.0609375 0.1453125
0 0.31953125 0.53203125 0.175 0.5828125
0 0.37578125 0.371875 0.06875 0.196875
0 0.38125 0.290625 0.04375 0.109375
0 0.4109375 0.28046875 0.0359375 0.071875
0 0.415625 0.48203125 0.040625 0.4296875
0 0.4328125 0.5609375 0.084375 0.5734375
0 0.4984375 0.58984375 0.184375 0.73125
0 0.5171875 0.62578125 0.1875 0.746875
0 0.575 0.40859375 0.0859375 0.28125
0 0.5984375 0.309375 0.0234375 0.0625
0 0.6296875 0.325 0.034375 0.109375
0 0.64375 0.3015625 0.028125 0.096875
0 0.63125 0.49296875 0.0484375 0.265625
0 0.59921875 0.31015625 0.0234375 0.06875
0 0.64921875 0.384375 0.0203125 0.0578125
0 0.62578125 0.50546875 0.0625 0.2578125
0 0.64921875 0.38515625 0.0171875 0.0796875
0 0.71875 0.31015625 0.0453125 0.1765625
0 0.80703125 0.6296875 0.1390625 0.7375
0 0.83984375 0.59609375 0.2390625 0.3453125
0 0.8625 0.4 0.0421875 0.2953125
0 0.878125 0.390625 0.04375 0.33125
0 0.8953125 0.4078125 0.0484375 0.321875
0 0.925 0.41328125 0.0515625 0.38125
0 0.96015625 0.6171875 0.0765625 0.7625
0 0.03828125 0.75 0.0765625 0.5
0 0.615625 0.3703125 0.05 0.1625
0 0.82421875 0.29453125 0.04375 0.09375
0 0.3875 0.284375 0.2875 0.1375