0 0.98203125 0.61640625 0.034375 0.084375
0 0.97734375 0.55234375 0.0359375 0.0859375
0 0.946875 0.61171875 0.0484375 0.090625
0 0.92265625 0.55703125 0.03125 0.103125
0 0.90234375 0.553125 0.0359375 0.1046875
0 0.8578125 0.5421875 0.021875 0.0828125
0 0.85625 0.590625 0.0171875 0.0390625
0 0.8265625 0.61171875 0.0375 0.078125
0 0.8609375 0.66015625 0.0875 0.3125
0 0.81484375 0.540625 0.0328125 0.084375
0 0.7953125 0.5796875 0.03125 0.090625
0 0.790625 0.55625 0.025 0.0984375
0 0.7765625 0.54609375 0.0265625 0.090625
0 0.7609375 0.55625 0.01875 0.0984375
0 0.74375 0.55546875 0.0234375 0.1328125
0 0.72734375 0.55859375 0.0265625 0.10625
0 0.70390625 0.60625 0.0328125 0.0828125
0 0.6734375 0.603125 0.046875 0.0859375
0 0.6859375 0.55390625 0.025 0.1
0 0.6828125 0.54765625 0.0203125 0.0875
0 0.63671875 0.55625 0.028125 0.1046875
0 0.6125 0.528125 0.0234375 0.0625
0 0.57421875 0.54140625 0.025 0.0703125
0 0.56484375 0.58984375 0.0109375 0.0421875
0 0.5984375 0.67578125 0.078125 0.359375
0 0.553125 0.5515625 0.0234375 0.0984375
0 0.534375 0.5484375 0.0203125 0.0953125
0 0.5125 0.5375 0.028125 0.0828125
0 0.49140625 0.52421875 0.025 0.0578125
0 0.46796875 0.5453125 0.021875 0.084375
0 0.49140625 0.6984375 0.1 0.3515625
0 0.43671875 0.596875 0.040625 0.0765625
0 0.415625 0.546875 0.0328125 0.1296875
0 0.403125 0.60078125 0.03125 0.065625
0 0.38984375 0.54609375 0.0328125 0.0890625
0 0.36640625 0.54765625 0.0328125 0.0984375
0 0.29375 0.5421875 0.03125 0.084375
0 0.2765625 0.54609375 0.015625 0.05
0 0.253125 0.52890625 0.03125 0.0578125
0 0.21796875 0.54609375 0.0296875 0.10625
0 0.190625 0.525 0.0328125 0.0625
0 0.15625 0.578125 0.04375 0.175
0 0.31875 0.6578125 0.05 0.3015625
0 0.12421875 0.5828125 0.0390625 0.1734375
0 0.1046875 0.5015625 0.0203125 0.028125
0 0.0875 0.5609375 0.0578125 0.171875
0 0.0734375 0.49140625 0.0171875 0.03125
0 0.04765625 0.60078125 0.0546875 0.2265625
0 0.01875 0.61796875 0.0375 0.2203125
0 0.0640625 0.57890625 0.0296875 0.1484375
0 0.8328125 0.5515625 0.034375 0.09375
0 0.3609375 0.6734375 0.0796875 0.3578125
0 0.99453125 0.55078125 0.009375 0.0546875
0 0.66875 0.5578125 0.028125 0.05625
0 0.33515625 0.5328125 0.0234375 0.0515625
0 0.028125 0.5125 0.05625 0.065625
0 0.50546875 0.56796875 0.0171875 0.021875