0 0.084375 0.7234375 0.16875 0.5515625
0 0.29140625 0.66640625 0.0796875 0.4234375
0 0.3484375 0.7453125 0.1171875 0.5078125
0 0.38515625 0.55625 0.0640625 0.2734375
0 0.43359375 0.5546875 0.0515625 0.1859375
0 0.45859375 0.72890625 0.13125 0.540625
0 0.47734375 0.5265625 0.0859375 0.171875
0 0.52578125 0.55390625 0.03125 0.1375
0 0.53984375 0.6390625 0.046875 0.28125
0 0.58046875 0.5609375 0.0390625 0.1296875
0 0.60625 0.7140625 0.0890625 0.4296875
0 0.690625 0.734375 0.121875 0.5296875
0 0.72265625 0.72109375 0.040625 0.4390625
0 0.74140625 0.61640625 0.0359375 0.1796875
0 0.76328125 0.5796875 0.0265625 0.128125
0 0.796875 0.703125 0.0578125 0.3765625
0 0.84296875 0.74296875 0.09375 0.403125
0 0.896875 0.73515625 0.053125 0.31875
0 0.9421875 0.84609375 0.1140625 0.30625
0 0.96953125 0.62578125 0.059375 0.171875
0 0.01796875 0.7015625 0.0359375 0.3234375
0 0.40703125 0.49609375 0.021875 0.0453125
0 0.50859375 0.5203125 0.0390625 0.0484375
0 0.55703125 0.6328125 0.025 0.1703125
0 0.5671875 0.51953125 0.0296875 0.059375
0 0.5875 0.4953125 0.0109375 0.0109375
0 0.6484375 0.55078125 0.0625 0.0921875
0 0.63984375 0.75390625 0.0203125 0.0859375
0 0.7265625 0.546875 0.025 0.04375
0 0.78359375 0.54375 0.028125 0.05
0 0.82890625 0.57109375 0.028125 0.0703125
0 0.87734375 0.59921875 0.0359375 0.078125
0 0.9328125 0.6265625 0.046875 0.1375
0 0.984375 0.8984375 0.0296875 0.2015625
0 0.9328125 0.95 0.071875 0.0984375
0 0.8734375 0.728125 0.0171875 0.075
0 0.75625 0.5515625 0.0078125 0.03125