0 0.82578125 0.55390625 0.175 0.228125
0 0.7328125 0.4625 0.0625 0.1
0 0.7359375 0.453125 0.071875 0.096875
0 0.734375 0.4359375 0.0421875 0.078125
0 0.6671875 0.40546875 0.025 0.065625
0 0.3765625 0.559375 0.1234375 0.4015625
0 0.59453125 0.5265625 0.0859375 0.3171875
0 0.55 0.40703125 0.0234375 0.0828125
0 0.5578125 0.3796875 0.0140625 0.0453125
0 0.49140625 0.37421875 0.0140625 0.01875
0 0.4859375 0.37265625 0.009375 0.0125
0 0.3421875 0.36953125 0.0140625 0.040625
0 0.209375 0.36484375 0.009375 0.03125
0 0.72265625 0.36953125 0.1546875 0.053125
0 0.6203125 0.35546875 0.015625 0.025
0 0.5703125 0.3703125 0.015625 0.03125
0 0.52421875 0.371875 0.028125 0.03125
0 0.4734375 0.365625 0.0171875 0.03125
0 0.021875 0.34921875 0.015625 0.025