0 0.01953125 0.6375 0.0390625 0.175
0 0.04296875 0.65078125 0.0421875 0.2234375
0 0.06796875 0.678125 0.0609375 0.3234375
0 0.10625 0.621875 0.0328125 0.153125
0 0.1453125 0.659375 0.0921875 0.315625
0 0.1484375 0.72421875 0.1046875 0.4734375
0 0.215625 0.671875 0.04375 0.21875
0 0.2796875 0.63984375 0.025 0.153125
0 0.30625 0.63359375 0.0359375 0.175
0 0.2921875 0.625 0.0140625 0.109375
0 0.33046875 0.64296875 0.0296875 0.165625
0 0.34765625 0.66171875 0.0328125 0.11875
0 0.34609375 0.59296875 0.0140625 0.0390625
0 0.359375 0.6125 0.0109375 0.0671875
0 0.36640625 0.61171875 0.015625 0.0859375
0 0.384375 0.62734375 0.0171875 0.1125
0 0.40078125 0.628125 0.0234375 0.153125
0 0.40859375 0.61875 0.01875 0.153125
0 0.43984375 0.62890625 0.034375 0.159375
0 0.4203125 0.625 0.021875 0.109375
0 0.46015625 0.621875 0.01875 0.11875
0 0.46328125 0.61875 0.0140625 0.0796875
0 0.51796875 0.74296875 0.0984375 0.5109375
0 0.5625 0.603125 0.025 0.0859375
0 0.5734375 0.61171875 0.015625 0.065625
0 0.58984375 0.590625 0.028125 0.09375
0 0.5953125 0.68671875 0.0515625 0.234375
0 0.6359375 0.740625 0.0796875 0.4109375
0 0.6921875 0.62265625 0.0203125 0.1
0 0.709375 0.6375 0.025 0.1453125
0 0.721875 0.628125 0.0203125 0.1140625
0 0.75 0.60625 0.040625 0.096875
0 0.0046875 0.65078125 0.009375 0.090625
0 0.1015625 0.60625 0.01875 0.1296875
0 0.1171875 0.59609375 0.0171875 0.0828125
0 0.215625 0.58359375 0.0484375 0.0828125
0 0.26328125 0.69453125 0.015625 0.03125
0 0.2703125 0.61484375 0.0140625 0.0421875
0 0.29453125 0.565625 0.0125 0.046875
0 0.390625 0.58671875 0.00625 0.0234375
0 0.4234375 0.621875 0.028125 0.13125
0 0.4515625 0.64296875 0.0125 0.028125
0 0.478125 0.58828125 0.015625 0.05625
0 0.56875 0.5875 0.01875 0.0171875
0 0.5796875 0.61953125 0.0203125 0.0484375
0 0.6640625 0.60078125 0.0140625 0.0515625
0 0.684375 0.58984375 0.0125 0.034375
0 0.70078125 0.58984375 0.0171875 0.0421875
0 0.78515625 0.63046875 0.05625 0.1765625
0 0.7328125 0.6375 0.0359375 0.153125
0 0.9140625 0.65 0.16875 0.215625