0 0.0140625 0.83984375 0.028125 0.3046875
0 0.0796875 0.83125 0.0875 0.3328125
0 0.25859375 0.83828125 0.0546875 0.2484375
0 0.3578125 0.85859375 0.021875 0.1328125
0 0.3953125 0.86015625 0.0296875 0.1421875
0 0.425 0.865625 0.0171875 0.090625
0 0.44453125 0.859375 0.0234375 0.128125
0 0.45625 0.86328125 0.009375 0.090625
0 0.465625 0.865625 0.01875 0.0984375
0 0.47109375 0.86171875 0.015625 0.09375
0 0.4609375 0.79140625 0.009375 0.0421875
0 0.47734375 0.76484375 0.009375 0.0375
0 0.47265625 0.76640625 0.0109375 0.0375
0 0.4890625 0.85 0.0171875 0.075
0 0.50078125 0.86484375 0.0203125 0.0796875
0 0.5125 0.83984375 0.01875 0.059375
0 0.4984375 0.82265625 0.0140625 0.0375
0 0.453125 0.79140625 0.0078125 0.0296875
0 0.55390625 0.77265625 0.0265625 0.034375
0 0.5625 0.7375 0.0109375 0.0203125