0 0.26015625 0.6390625 0.0515625 0.2640625
0 0.31484375 0.621875 0.040625 0.1515625
0 0.353125 0.6859375 0.0671875 0.390625
0 0.409375 0.59453125 0.0484375 0.1484375
0 0.36484375 0.52890625 0.015625 0.028125
0 0.39453125 0.5296875 0.025 0.05
0 0.3921875 0.515625 0.03125 0.05625
0 0.43359375 0.5 0.025 0.05
0 0.4421875 0.48515625 0.015625 0.0375
0 0.4328125 0.459375 0.0109375 0.034375
0 0.7609375 0.78046875 0.1015625 0.2390625
0 0.65859375 0.78359375 0.103125 0.41875
0 0.65234375 0.5828125 0.0375 0.0984375
0 0.6265625 0.56953125 0.04375 0.0765625
0 0.59921875 0.63046875 0.04375 0.20625
0 0.62578125 0.56171875 0.01875 0.0953125
0 0.58046875 0.615625 0.04375 0.175
0 0.6078125 0.521875 0.01875 0.025
0 0.57265625 0.5515625 0.028125 0.0703125
0 0.5453125 0.61171875 0.05 0.1734375
0 0.5703125 0.5265625 0.0140625 0.034375
0 0.5765625 0.48828125 0.03125 0.0609375
0 0.52109375 0.521875 0.025 0.15
0 0.53046875 0.5140625 0.0265625 0.0984375
0 0.54765625 0.49609375 0.0171875 0.046875
0 0.5 0.50703125 0.0171875 0.0984375
0 0.4828125 0.50078125 0.0171875 0.0703125
0 0.4671875 0.57265625 0.0484375 0.20625
0 0.46640625 0.48125 0.0140625 0.0421875
0 0.5140625 0.46796875 0.009375 0.046875
0 0.81796875 0.08515625 0.0859375 0.1703125
0 0.41015625 0.52109375 0.01875 0.0421875
0 0.6625 0.56640625 0.0203125 0.01875
0 0.55546875 0.5203125 0.015625 0.0234375
0 0.540625 0.45703125 0.0234375 0.034375
0 0.54296875 0.48359375 0.0109375 0.0203125
0 0.4875 0.44921875 0.0484375 0.034375
0 0.47421875 0.475 0.0140625 0.025
0 0.52265625 0.43828125 0.0234375 0.015625
0 0.5234375 0.45390625 0.0109375 0.015625
0 0.97109375 0.79296875 0.05 0.1609375