0 0.01015625 0.67265625 0.0203125 0.1796875
0 0.01953125 0.603125 0.0265625 0.08125
0 0.08359375 0.65859375 0.05 0.1609375
0 0.1265625 0.6609375 0.040625 0.15625
0 0.16328125 0.625 0.021875 0.0828125
0 0.16640625 0.69765625 0.021875 0.0671875
0 0.1875 0.6375 0.04375 0.1453125
0 0.1890625 0.62578125 0.034375 0.1234375
0 0.21796875 0.63359375 0.015625 0.0390625
0 0.234375 0.59609375 0.021875 0.0640625
0 0.25625 0.73828125 0.071875 0.2796875
0 0.2515625 0.60625 0.0359375 0.0625
0 0.27265625 0.60234375 0.021875 0.075
0 0.25546875 0.5796875 0.025 0.0484375
0 0.28828125 0.590625 0.0234375 0.05625
0 0.31484375 0.75 0.0796875 0.2734375
0 0.36796875 0.7046875 0.05 0.2
0 0.3265625 0.58125 0.021875 0.0734375
0 0.3421875 0.6046875 0.0265625 0.1046875
0 0.3640625 0.590625 0.0265625 0.078125
0 0.3859375 0.565625 0.0203125 0.08125
0 0.425 0.60703125 0.0375 0.1234375
0 0.425 0.54609375 0.0203125 0.0359375
0 0.45390625 0.559375 0.0203125 0.0703125
0 0.471875 0.55703125 0.01875 0.0640625
0 0.48359375 0.55625 0.0171875 0.065625
0 0.49921875 0.55 0.0125 0.053125
0 0.4921875 0.57109375 0.01875 0.075
0 0.5203125 0.55078125 0.01875 0.05625
0 0.5375 0.53984375 0.015625 0.0296875
0 0.54921875 0.534375 0.009375 0.015625
0 0.55234375 0.52578125 0.0125 0.0203125
0 0.56015625 0.53984375 0.0125 0.0390625
0 0.56875 0.53046875 0.0125 0.0234375
0 0.5734375 0.53515625 0.009375 0.0421875
0 0.59296875 0.53515625 0.015625 0.0328125
0 0.5421875 0.57421875 0.0234375 0.0640625
0 0.51875 0.5984375 0.0328125 0.0875
0 0.47890625 0.67734375 0.0296875 0.153125
0 0.503125 0.6421875 0.0453125 0.096875
0 0.50234375 0.76328125 0.059375 0.265625
0 0.5515625 0.76640625 0.0625 0.290625
0 0.5578125 0.61328125 0.034375 0.1078125
0 0.57109375 0.5875 0.0203125 0.0890625
0 0.55078125 0.5671875 0.021875 0.053125
0 0.58359375 0.56484375 0.0171875 0.065625
0 0.609375 0.54609375 0.015625 0.028125
0 0.59921875 0.584375 0.0296875 0.1046875
0 0.6140625 0.58359375 0.0234375 0.065625
0 0.62890625 0.59140625 0.0375 0.0703125
0 0.6234375 0.6890625 0.05625 0.2015625
0 0.6375 0.55234375 0.0203125 0.0484375
0 0.62265625 0.54140625 0.015625 0.0359375
0 0.6265625 0.5265625 0.0109375 0.028125
0 0.6359375 0.521875 0.0125 0.01875
0 0.646875 0.54921875 0.0140625 0.040625
0 0.65078125 0.53359375 0.0125 0.0234375
0 0.6609375 0.540625 0.0125 0.053125
0 0.6703125 0.5546875 0.0171875 0.0578125
0 0.66484375 0.61640625 0.028125 0.1015625
0 0.6734375 0.72265625 0.0484375 0.18125
0 0.71328125 0.71953125 0.0515625 0.2109375
0 0.6984375 0.6046875 0.028125 0.096875
0 0.69453125 0.57734375 0.03125 0.059375
0 0.6859375 0.54609375 0.0171875 0.0390625
0 0.70625 0.559375 0.0203125 0.0609375
0 0.72734375 0.57109375 0.0203125 0.0828125
0 0.75390625 0.57109375 0.01875 0.078125
0 0.77265625 0.57578125 0.0234375 0.0875
0 0.8296875 0.58359375 0.03125 0.0875
0 0.8078125 0.56875 0.0171875 0.078125
0 0.821875 0.540625 0.0125 0.040625
0 0.89375 0.534375 0.01875 0.0296875
0 0.74140625 0.55390625 0.0140625 0.0453125
0 0.78046875 0.5265625 0.0125 0.0359375
0 0.7140625 0.53515625 0.0125 0.0359375
0 0.721875 0.5375 0.0125 0.0421875
0 0.7015625 0.52421875 0.009375 0.01875
0 0.69296875 0.5296875 0.0125 0.0265625
0 0.75078125 0.5375 0.0203125 0.0296875
0 0.30078125 0.54609375 0.01875 0.0359375
0 0.353125 0.5359375 0.0421875 0.0546875
0 0.46171875 0.5484375 0.0140625 0.0640625
0 0.4890625 0.53125 0.00625 0.01875
0 0.52890625 0.54453125 0.0109375 0.0484375
0 0.54375 0.5296875 0.0046875 0.01875
0 0.5546875 0.51640625 0.00625 0.0109375
0 0.5828125 0.525 0.0109375 0.0234375
0 0.60625 0.5234375 0.0234375 0.0359375
0 0.64375 0.51875 0.00625 0.0171875
0 0.6671875 0.51328125 0.04375 0.0171875
0 0.803125 0.5578125 0.009375 0.078125
0 0.821875 0.5203125 0.0265625 0.0203125
0 0.83515625 0.546875 0.015625 0.034375
0 0.86484375 0.54296875 0.04375 0.0546875
0 0.9125 0.5546875 0.021875 0.06875
0 0.94765625 0.5796875 0.0578125 0.15625
0 0.9875 0.5609375 0.025 0.090625
0 0.7 0.53671875 0.0078125 0.0125
0 0.73359375 0.50390625 0.0890625 0.028125
0 0.7515625 0.525 0.0515625 0.015625
0 0.45 0.5234375 0.0140625 0.0171875
0 0.896875 0.51328125 0.015625 0.015625