0 0.04140625 0.61640625 0.08125 0.3125
0 0.1140625 0.68125 0.146875 0.6296875
0 0.1953125 0.55390625 0.0234375 0.121875
0 0.2078125 0.55078125 0.0203125 0.1484375
0 0.2234375 0.56953125 0.0359375 0.1859375
0 0.24140625 0.54609375 0.0234375 0.1546875
0 0.253125 0.571875 0.03125 0.215625
0 0.26953125 0.57421875 0.0421875 0.253125
0 0.30234375 0.571875 0.0484375 0.26875
0 0.33203125 0.57265625 0.028125 0.171875
0 0.35625 0.57734375 0.0328125 0.175
0 0.403125 0.57578125 0.0296875 0.23125
0 0.42265625 0.478125 0.0234375 0.0609375
0 0.41953125 0.58515625 0.059375 0.2421875
0 0.43828125 0.596875 0.046875 0.240625
0 0.64296875 0.56640625 0.0484375 0.2046875
0 0.36484375 0.50546875 0.0109375 0.0234375
0 0.2765625 0.47421875 0.1078125 0.040625
0 0.33203125 0.20390625 0.01875 0.05
0 0.36875 0.12421875 0.021875 0.103125
0 0.3109375 0.68828125 0.0703125 0.04375
0 0.93046875 0.52890625 0.134375 0.171875