0 0.1984375 0.64140625 0.228125 0.7140625
0 0.22421875 0.37890625 0.046875 0.046875
0 0.2875 0.5265625 0.05 0.2578125
0 0.34453125 0.5703125 0.121875 0.4515625
0 0.38671875 0.56640625 0.071875 0.396875
0 0.42578125 0.56015625 0.0765625 0.36875
0 0.490625 0.53046875 0.0390625 0.16875
0 0.52265625 0.5546875 0.1046875 0.3765625
0 0.59609375 0.5265625 0.034375 0.1640625
0 0.62421875 0.4703125 0.028125 0.0484375
0 0.66796875 0.68828125 0.1203125 0.4390625
0 0.71171875 0.65703125 0.184375 0.6515625
0 0.77578125 0.4359375 0.0484375 0.090625
0 0.83125 0.63125 0.140625 0.515625
0 0.934375 0.5953125 0.1046875 0.4203125
0 0.4609375 0.52890625 0.021875 0.165625
0 0.99140625 0.68359375 0.0140625 0.15625
0 0.96640625 0.4203125 0.05625 0.0484375
0 0.775 0.7609375 0.025 0.0671875
0 0.6265625 0.46328125 0.03125 0.0375