0 0.278125 0.63671875 0.1078125 0.3734375
0 0.36796875 0.6390625 0.08125 0.346875
0 0.415625 0.56015625 0.0546875 0.1671875
0 0.43125 0.49609375 0.0140625 0.0296875
0 0.43984375 0.49609375 0.009375 0.03125
0 0.44609375 0.51796875 0.0171875 0.0625
0 0.45703125 0.5171875 0.0140625 0.065625
0 0.46171875 0.5140625 0.0140625 0.0625
0 0.47265625 0.51171875 0.0140625 0.05625
0 0.47890625 0.4921875 0.00625 0.0171875
0 0.48359375 0.51328125 0.0171875 0.05
0 0.509375 0.51484375 0.009375 0.046875
0 0.51640625 0.5140625 0.0109375 0.0515625
0 0.5171875 0.4890625 0.009375 0.0109375
0 0.5328125 0.496875 0.0125 0.021875
0 0.5234375 0.49609375 0.0171875 0.025
0 0.5390625 0.50234375 0.0078125 0.03125
0 0.5421875 0.50546875 0.009375 0.0328125
0 0.57734375 0.5375 0.0390625 0.13125
0 0.75625 0.61640625 0.125 0.36875
0 0.4671875 0.490625 0.0046875 0.0109375
0 0.49921875 0.49375 0.009375 0.021875
0 0.62109375 0.48359375 0.0046875 0.0109375
0 0.6515625 0.48828125 0.0046875 0.00625
0 0.66171875 0.490625 0.0046875 0.009375
0 0.715625 0.4890625 0.0046875 0.009375