0 0.0640625 0.62890625 0.09375 0.584375
0 0.13515625 0.66484375 0.1203125 0.6421875
0 0.21640625 0.63359375 0.121875 0.6546875
0 0.26875 0.61171875 0.0859375 0.59375
0 0.3609375 0.59609375 0.1015625 0.6796875
0 0.4390625 0.653125 0.1671875 0.690625
0 0.5015625 0.584375 0.0765625 0.5984375
0 0.61328125 0.63828125 0.1875 0.5984375
0 0.771875 0.59453125 0.19375 0.63125
0 0.9453125 0.60859375 0.1078125 0.6328125
0 0.72734375 0.496875 0.0859375 0.36875
0 0.521875 0.3 0.0390625 0.1046875
0 0.490625 0.29296875 0.028125 0.08125
0 0.16484375 0.40703125 0.05625 0.153125
0 0.42109375 0.325 0.0984375 0.1296875
0 0.66484375 0.35625 0.0765625 0.1921875
0 0.734375 0.26875 0.0203125 0.0671875
0 0.60859375 0.29375 0.0390625 0.096875
0 0.5640625 0.37578125 0.053125 0.24375
0 0.51796875 0.34453125 0.0421875 0.1234375
0 0.503125 0.26640625 0.0203125 0.034375
0 0.47734375 0.2875 0.0171875 0.021875
0 0.1703125 0.103125 0.0375 0.16875