0 0.61640625 0.825 0.0703125 0.346875
0 0.6640625 0.80625 0.075 0.384375
0 0.775 0.73828125 0.040625 0.165625
0 0.78359375 0.70859375 0.0234375 0.1296875
0 0.803125 0.728125 0.0328125 0.1359375
0 0.84296875 0.70390625 0.025 0.096875
0 0.8859375 0.690625 0.0140625 0.05625
0 0.8984375 0.7 0.00625 0.028125
0 0.91875 0.80859375 0.0609375 0.296875
0 0.975 0.809375 0.0484375 0.30625
0 0.24609375 0.77890625 0.159375 0.234375
0 0.45078125 0.73203125 0.0421875 0.128125
0 0.73984375 0.71484375 0.01875 0.1046875
0 0.8671875 0.684375 0.0140625 0.046875
0 0.98984375 0.67421875 0.01875 0.0484375
0 0.93125 0.67578125 0.01875 0.03125