0 0.009375 0.603125 0.01875 0.1625
0 0.02890625 0.59921875 0.0421875 0.1734375
0 0.065625 0.60390625 0.046875 0.2296875
0 0.0953125 0.60390625 0.0484375 0.271875
0 0.128125 0.59140625 0.0234375 0.1625
0 0.15234375 0.60703125 0.0421875 0.2609375
0 0.1796875 0.60390625 0.0265625 0.3
0 0.190625 0.59296875 0.046875 0.28125
0 0.2109375 0.61875 0.0265625 0.1
0 0.23671875 0.60078125 0.04375 0.215625
0 0.2515625 0.596875 0.0328125 0.2234375
0 0.259375 0.6 0.015625 0.075
0 0.29375 0.596875 0.05 0.2234375
0 0.31796875 0.52421875 0.021875 0.0609375
0 0.30546875 0.66015625 0.015625 0.059375
0 0.3328125 0.628125 0.0375 0.31875
0 0.36171875 0.61953125 0.0671875 0.35625
0 0.3375 0.47890625 0.028125 0.0546875
0 0.384375 0.59921875 0.0234375 0.2484375
0 0.41171875 0.61171875 0.071875 0.3859375
0 0.39296875 0.49921875 0.0140625 0.0484375
0 0.46796875 0.59921875 0.0375 0.2109375
0 0.50859375 0.65859375 0.0890625 0.346875
0 0.49375 0.51796875 0.0140625 0.0234375
0 0.5375 0.50703125 0.0203125 0.05625
0 0.5609375 0.64296875 0.090625 0.3734375
0 0.57421875 0.59609375 0.04375 0.234375
0 0.603125 0.50703125 0.028125 0.078125
0 0.60703125 0.60390625 0.0296875 0.215625
0 0.6296875 0.59609375 0.04375 0.2421875
0 0.6453125 0.60234375 0.0203125 0.1953125
0 0.66015625 0.5875 0.0328125 0.209375
0 0.72578125 0.540625 0.0515625 0.20625
0 0.7828125 0.60703125 0.1140625 0.665625
0 0.87578125 0.64453125 0.140625 0.5734375
0 0.94375 0.58828125 0.0171875 0.0515625
0 0.8375 0.58046875 0.0140625 0.0515625
0 0.12265625 0.23046875 0.1296875 0.11875
0 0.29609375 0.06796875 0.0515625 0.0859375
0 0.1546875 0.06015625 0.0234375 0.0796875
0 0.19296875 0.059375 0.015625 0.06875