0 0.84765625 0.76796875 0.1828125 0.459375
0 0.9328125 0.74765625 0.13125 0.5015625
0 0.51171875 0.721875 0.096875 0.303125
0 0.56640625 0.70625 0.0859375 0.3046875
0 0.36640625 0.734375 0.09375 0.328125
0 0.40703125 0.6484375 0.04375 0.15625
0 0.43203125 0.70234375 0.0390625 0.1625
0 0.32578125 0.68828125 0.065625 0.2359375
0 0.2546875 0.73046875 0.06875 0.2875
0 0.19296875 0.73671875 0.065625 0.2703125
0 0.290625 0.690625 0.0546875 0.215625
0 0.17890625 0.625 0.053125 0.0859375
0 0.08203125 0.71484375 0.0515625 0.221875
0 0.1296875 0.690625 0.05625 0.1828125
0 0.11484375 0.6625 0.025 0.15625
0 0.06171875 0.6234375 0.10625 0.0734375
0 0.14921875 0.63125 0.0375 0.0640625
0 0.20625 0.60703125 0.0171875 0.025
0 0.24296875 0.6078125 0.05625 0.109375
0 0.31484375 0.625 0.0296875 0.075
0 0.41484375 0.86171875 0.2625 0.0921875