0 0.1328125 0.66796875 0.071875 0.4234375
0 0.17109375 0.58984375 0.0703125 0.196875
0 0.1859375 0.6796875 0.09375 0.446875
0 0.24453125 0.7046875 0.06875 0.3640625
0 0.246875 0.47265625 0.0859375 0.1234375
0 0.29921875 0.66875 0.0859375 0.4265625
0 0.34921875 0.69296875 0.0765625 0.396875
0 0.34296875 0.475 0.05625 0.1046875
0 0.40390625 0.49765625 0.0859375 0.1734375
0 0.4140625 0.69140625 0.0875 0.4
0 0.44375 0.475 0.046875 0.1140625
0 0.475 0.6890625 0.0734375 0.4234375
0 0.48671875 0.528125 0.0546875 0.16875
0 0.52578125 0.64765625 0.0484375 0.359375
0 0.5421875 0.7 0.075 0.40625
0 0.55546875 0.490625 0.0328125 0.0875
0 0.58203125 0.66796875 0.0765625 0.4046875
0 0.6109375 0.51328125 0.0484375 0.184375
0 0.63203125 0.69765625 0.0828125 0.3828125
0 0.64921875 0.634375 0.0734375 0.371875
0 0.68515625 0.61328125 0.05 0.4234375
0 0.7046875 0.703125 0.0828125 0.428125
0 0.72265625 0.509375 0.075 0.1296875
0 0.77265625 0.69765625 0.075 0.396875
0 0.7984375 0.4953125 0.05 0.0921875
0 0.83046875 0.675 0.0953125 0.446875
0 0.86015625 0.665625 0.053125 0.4140625
0 0.91015625 0.7125 0.0859375 0.428125
0 0.90234375 0.68046875 0.0671875 0.4171875