0 0.03984375 0.58203125 0.078125 0.4875
0 0.0609375 0.45 0.0609375 0.2546875
0 0.12578125 0.3375 0.040625 0.06875
0 0.18515625 0.63828125 0.15625 0.3515625
0 0.40390625 0.575 0.2015625 0.5625
0 0.55625 0.578125 0.175 0.571875
0 0.63203125 0.48046875 0.08125 0.403125
0 0.6859375 0.446875 0.1046875 0.3484375
0 0.7171875 0.44609375 0.05625 0.303125
0 0.75 0.41328125 0.0453125 0.240625
0 0.79765625 0.52109375 0.1265625 0.3859375
0 0.80390625 0.3125 0.0703125 0.2015625
0 0.85234375 0.45390625 0.29375 0.9078125
0 0.05390625 0.34921875 0.046875 0.09375
0 0.04375 0.659375 0.0546875 0.24375
0 0.21953125 0.3328125 0.0859375 0.065625
0 0.0640625 0.33984375 0.065625 0.078125
0 0.346875 0.49765625 0.0671875 0.10625
0 0.6859375 0.31953125 0.14375 0.09375
0 0.83046875 0.60078125 0.0984375 0.325