0 0.978125 0.52734375 0.0421875 0.5015625
0 0.98125 0.53125 0.0359375 0.4328125
0 0.95859375 0.53359375 0.03125 0.321875
0 0.94296875 0.54375 0.040625 0.4109375
0 0.91328125 0.56015625 0.0671875 0.471875
0 0.8296875 0.62734375 0.1109375 0.7140625
0 0.784375 0.634375 0.0359375 0.2140625
0 0.7390625 0.58125 0.0703125 0.34375
0 0.76015625 0.55390625 0.0296875 0.278125
0 0.70234375 0.540625 0.028125 0.2328125
0 0.70703125 0.525 0.0203125 0.225
0 0.690625 0.4453125 0.0140625 0.0453125
0 0.66875 0.5484375 0.05 0.29375
0 0.646875 0.54609375 0.0234375 0.2125
0 0.6171875 0.54375 0.0453125 0.284375
0 0.5984375 0.54140625 0.0234375 0.2453125
0 0.5109375 0.59453125 0.1125 0.6921875
0 0.55390625 0.55078125 0.0390625 0.284375
0 0.56953125 0.5484375 0.0265625 0.2359375
0 0.475 0.58515625 0.0171875 0.225
0 0.45078125 0.54921875 0.0234375 0.184375
0 0.4375 0.5375 0.0296875 0.2296875
0 0.3921875 0.61015625 0.09375 0.6484375
0 0.3734375 0.38046875 0.0203125 0.0421875
0 0.33671875 0.55625 0.021875 0.1859375
0 0.3171875 0.553125 0.0359375 0.2375
0 0.2484375 0.58359375 0.1328125 0.79375
0 0.1703125 0.5640625 0.053125 0.3703125
0 0.1734375 0.43359375 0.0328125 0.1640625
0 0.14921875 0.4171875 0.0234375 0.0703125
0 0.12734375 0.54453125 0.04375 0.4171875
0 0.0828125 0.6 0.1359375 0.7265625
0 0.01328125 0.459375 0.0265625 0.18125
0 0.7171875 0.5359375 0.021875 0.20625
0 0.5859375 0.54609375 0.03125 0.18125
0 0.4609375 0.5484375 0.0171875 0.1703125
0 0.3421875 0.55078125 0.0296875 0.2
0 0.28984375 0.53671875 0.0375 0.2546875
0 0.190625 0.54453125 0.0328125 0.3046875
0 0.028125 0.5453125 0.04375 0.3421875
0 0.69453125 0.58125 0.0234375 0.1234375
0 0.6265625 0.5984375 0.0421875 0.14375