0 0.215625 0.621875 0.078125 0.6453125
0 0.2703125 0.68203125 0.0765625 0.49375
0 0.3921875 0.64921875 0.0875 0.5921875
0 0.4546875 0.66484375 0.0671875 0.4640625
0 0.50234375 0.68984375 0.08125 0.3609375
0 0.5265625 0.6859375 0.040625 0.3609375
0 0.5796875 0.66171875 0.10625 0.51875
0 0.67265625 0.66640625 0.078125 0.496875
0 0.6375 0.67109375 0.03125 0.1921875
0 0.7640625 0.728125 0.0859375 0.309375
0 0.815625 0.5234375 0.0671875 0.2359375
0 0.90703125 0.63671875 0.0265625 0.265625
0 0.7109375 0.596875 0.0484375 0.234375