0 0.096875 0.6 0.0421875 0.1125
0 0.165625 0.63984375 0.0234375 0.15
0 0.35390625 0.634375 0.0296875 0.15625
0 0.44453125 0.653125 0.0453125 0.2265625
0 0.4953125 0.65234375 0.046875 0.234375
0 0.6828125 0.68359375 0.059375 0.3296875
0 0.646875 0.69453125 0.0703125 0.33125
0 0.60390625 0.54140625 0.034375 0.1
0 0.57421875 0.74296875 0.0984375 0.5109375
0 0.196875 0.56796875 0.025 0.0859375
0 0.890625 0.515625 0.05625 0.3609375
0 0.70234375 0.37265625 0.0578125 0.3171875
0 0.71328125 0.65546875 0.03125 0.253125
0 0.3125 0.62890625 0.04375 0.1125
0 0.47265625 0.86796875 0.0875 0.215625
0 0.1671875 0.79453125 0.0375 0.1359375
0 0.69375 0.921875 0.1109375 0.153125
0 0.36640625 0.62109375 0.0265625 0.1125