0 0.89609375 0.53671875 0.071875 0.1859375
0 0.8640625 0.26015625 0.0515625 0.2
0 0.8234375 0.14453125 0.0328125 0.190625
0 0.7125 0.284375 0.05 0.265625
0 0.7390625 0.33046875 0.08125 0.2984375
0 0.6234375 0.09375 0.0578125 0.1875
0 0.7078125 0.65078125 0.0859375 0.28125
0 0.62890625 0.68984375 0.0890625 0.175
0 0.43515625 0.925 0.109375 0.146875
0 0.6484375 0.42265625 0.05625 0.2671875
0 0.6546875 0.33984375 0.05625 0.2796875
0 0.59375 0.25234375 0.05625 0.2671875
0 0.57734375 0.325 0.0546875 0.271875
0 0.45390625 0.72734375 0.0796875 0.1921875
0 0.43125 0.65390625 0.078125 0.225
0 0.375 0.696875 0.0765625 0.14375
0 0.309375 0.80390625 0.0765625 0.3
0 0.31875 0.575 0.0625 0.1953125
0 0.40703125 0.51171875 0.0609375 0.1984375
0 0.434375 0.515625 0.05625 0.2359375
0 0.4265625 0.384375 0.0546875 0.171875
0 0.20859375 0.65703125 0.1125 0.3359375
0 0.3203125 0.52734375 0.075 0.2796875
0 0.3078125 0.41015625 0.0609375 0.1
0 0.3640625 0.36171875 0.065625 0.13125
0 0.48359375 0.21484375 0.05 0.225
0 0.40703125 0.30625 0.0609375 0.234375
0 0.3765625 0.25078125 0.04375 0.228125
0 0.41015625 0.17109375 0.0515625 0.1125
0 0.50703125 0.13359375 0.046875 0.2375
0 0.5 0.10859375 0.0328125 0.184375
0 0.46875 0.078125 0.034375 0.15625
0 0.45234375 0.14765625 0.0390625 0.221875
0 0.42109375 0.09921875 0.0421875 0.1984375
0 0.090625 0.42265625 0.0921875 0.2671875
0 0.05078125 0.41875 0.078125 0.159375
0 0.19921875 0.39921875 0.0703125 0.271875
0 0.24375 0.38515625 0.0734375 0.309375
0 0.284375 0.30234375 0.053125 0.2125
0 0.278125 0.296875 0.046875 0.2109375
0 0.22890625 0.24296875 0.046875 0.103125
0 0.184375 0.27890625 0.0703125 0.125
0 0.371875 0.09921875 0.0421875 0.1765625
0 0.378125 0.05859375 0.03125 0.1
0 0.328125 0.08984375 0.046875 0.1796875
0 0.3234375 0.14375 0.053125 0.2375
0 0.30078125 0.0515625 0.0265625 0.103125
0 0.2609375 0.0671875 0.0375 0.134375
0 0.27734375 0.15625 0.040625 0.1625
0 0.19765625 0.20546875 0.04375 0.178125
0 0.1625 0.203125 0.0609375 0.165625
0 0.13046875 0.28671875 0.065625 0.24375
0 0.08203125 0.2375 0.0515625 0.2046875
0 0.028125 0.17890625 0.05625 0.2296875
0 0.05625 0.09375 0.0546875 0.1625
0 0.1140625 0.14609375 0.0515625 0.109375
0 0.10703125 0.08984375 0.0609375 0.1046875
0 0.16484375 0.13359375 0.04375 0.0796875
0 0.21796875 0.11953125 0.0703125 0.2234375
0 0.2140625 0.0265625 0.034375 0.053125
0 0.1765625 0.0671875 0.03125 0.134375
0 0.15234375 0.0640625 0.0484375 0.128125
0 0.91640625 0.67578125 0.028125 0.065625
0 0.409375 0.0171875 0.01875 0.034375
0 0.01640625 0.31953125 0.0328125 0.1296875
0 0.34921875 0.05234375 0.0296875 0.1046875
0 0.27421875 0.01875 0.028125 0.0375
0 0.24140625 0.025 0.0171875 0.05
0 0.0046875 0.06640625 0.009375 0.084375
0 0.0109375 0.215625 0.015625 0.0359375
0 0.090625 0.01796875 0.0265625 0.0359375