0 0.878125 0.675 0.0875 0.4328125
0 0.72421875 0.6484375 0.10625 0.478125
0 0.6078125 0.64140625 0.084375 0.4296875
0 0.53359375 0.65 0.1046875 0.459375
0 0.4171875 0.63828125 0.0921875 0.475
0 0.4125 0.75078125 0.0796875 0.190625
0 0.6625 0.65625 0.046875 0.2765625
0 0.23984375 0.65390625 0.0890625 0.4265625
0 0.3171875 0.6515625 0.0703125 0.36875
0 0.275 0.6765625 0.05625 0.365625
0 0.11328125 0.6703125 0.0765625 0.4
0 0.0875 0.60390625 0.0546875 0.109375
0 0.05546875 0.6640625 0.1109375 0.46875
0 0.1546875 0.6828125 0.05 0.325
0 0.36171875 0.59765625 0.0390625 0.2546875
0 0.47734375 0.56015625 0.034375 0.1796875
0 0.79921875 0.54453125 0.040625 0.0859375
0 0.76953125 0.5671875 0.034375 0.20625
0 0.33828125 0.57421875 0.0234375 0.153125
0 0.20078125 0.6484375 0.0375 0.3515625
0 0.69453125 0.64140625 0.0265625 0.2953125
0 0.37265625 0.48125 0.0390625 0.0703125
0 0.4703125 0.4890625 0.0578125 0.0703125
0 0.5625 0.49921875 0.071875 0.078125
0 0.17578125 0.53359375 0.034375 0.0796875
0 0.2921875 0.5109375 0.0265625 0.0734375
0 0.65078125 0.50703125 0.040625 0.0703125
0 0.771875 0.72890625 0.034375 0.1296875