0 0.1453125 0.53984375 0.028125 0.1546875
0 0.009375 0.70546875 0.01875 0.3109375
0 0.2390625 0.54140625 0.040625 0.090625
0 0.2609375 0.58203125 0.0296875 0.1359375
0 0.30078125 0.57109375 0.034375 0.1625
0 0.3609375 0.609375 0.0609375 0.1734375
0 0.37890625 0.565625 0.0234375 0.109375
0 0.4375 0.58828125 0.028125 0.128125
0 0.478125 0.57734375 0.0375 0.1671875
0 0.5453125 0.64765625 0.0578125 0.184375
0 0.6265625 0.67421875 0.0515625 0.165625
0 0.63515625 0.63828125 0.0328125 0.203125
0 0.65234375 0.65 0.028125 0.171875
0 0.5484375 0.50703125 0.0265625 0.13125
0 0.534375 0.52421875 0.025 0.090625
0 0.5234375 0.50078125 0.0265625 0.1359375
0 0.5171875 0.54140625 0.0234375 0.1
0 0.28359375 0.35859375 0.0171875 0.096875