0 0.6015625 0.74765625 0.0390625 0.221875
0 0.86875 0.76015625 0.0546875 0.234375
0 0.9 0.75703125 0.0390625 0.21875
0 0.9890625 0.721875 0.01875 0.0984375
0 0.9640625 0.71953125 0.015625 0.05625
0 0.975 0.72421875 0.0140625 0.08125
0 0.96015625 0.725 0.0171875 0.096875
0 0.9421875 0.73125 0.01875 0.078125
0 0.925 0.73046875 0.0265625 0.0984375
0 0.91484375 0.72421875 0.01875 0.09375
0 0.73046875 0.71640625 0.01875 0.0828125
0 0.71015625 0.709375 0.0203125 0.0859375
0 0.68046875 0.71328125 0.01875 0.065625
0 0.65390625 0.715625 0.0171875 0.059375
0 0.63515625 0.7125 0.01875 0.090625
0 0.57421875 0.715625 0.0171875 0.078125
0 0.5546875 0.72109375 0.0140625 0.0671875
0 0.5375 0.71953125 0.0125 0.059375
0 0.5421875 0.69921875 0.009375 0.0359375
0 0.5265625 0.71640625 0.0078125 0.0546875
0 0.53203125 0.72109375 0.009375 0.046875
0 0.5203125 0.721875 0.009375 0.046875
0 0.4796875 0.71640625 0.0125 0.075
0 0.475 0.72890625 0.0171875 0.0375
0 0.47265625 0.70625 0.009375 0.034375
0 0.44921875 0.721875 0.0140625 0.059375
0 0.44375 0.71953125 0.0125 0.059375
0 0.184375 0.78125 0.059375 0.0875
0 0.2140625 0.74453125 0.0234375 0.0484375
0 0.21640625 0.77890625 0.0234375 0.0796875
0 0.50703125 0.71484375 0.009375 0.046875
0 0.49609375 0.73203125 0.015625 0.0359375
0 0.48671875 0.73125 0.0140625 0.0421875
0 0.90703125 0.71484375 0.009375 0.046875
0 0.9203125 0.675 0.0265625 0.034375
0 0.66328125 0.71875 0.009375 0.025
0 0.49609375 0.67890625 0.046875 0.025
0 0.425 0.71484375 0.0171875 0.046875
0 0.37265625 0.73984375 0.0140625 0.05
0 0.37265625 0.696875 0.0078125 0.0234375
0 0.98671875 0.6375 0.01875 0.028125
0 0.49140625 0.7 0.0203125 0.0203125
0 0.51328125 0.71953125 0.009375 0.059375