0 0.74609375 0.565625 0.1546875 0.7375
0 0.44921875 0.4859375 0.15 0.628125
0 0.18046875 0.52578125 0.2 0.8546875
0 0.253125 0.4796875 0.115625 0.6921875
0 0.83046875 0.53203125 0.028125 0.1328125
0 0.28359375 0.4953125 0.0203125 0.0640625
0 0.34921875 0.4890625 0.0828125 0.0890625
0 0.02421875 0.50703125 0.046875 0.0546875
0 0.05234375 0.56484375 0.021875 0.034375
0 0.5234375 0.44921875 0.0625 0.0421875
0 0.5671875 0.43515625 0.0109375 0.0234375
0 0.671875 0.4359375 0.01875 0.0390625
0 0.64921875 0.4296875 0.0078125 0.0171875