0 0.13125 0.540625 0.084375 0.4234375
0 0.1859375 0.4125 0.08125 0.246875
0 0.24609375 0.48984375 0.0578125 0.375
0 0.2734375 0.459375 0.0171875 0.18125
0 0.384375 0.525 0.0546875 0.35
0 0.38359375 0.515625 0.05 0.328125
0 0.43125 0.54375 0.053125 0.275
0 0.4984375 0.50546875 0.0703125 0.296875
0 0.54375 0.521875 0.0578125 0.26875
0 0.58515625 0.57265625 0.0359375 0.1671875
0 0.47734375 0.503125 0.025 0.1984375
0 0.6296875 0.54140625 0.078125 0.290625
0 0.5765625 0.45 0.0328125 0.0875
0 0.7375 0.52109375 0.0890625 0.2796875
0 0.84921875 0.53359375 0.028125 0.175
0 0.88046875 0.534375 0.0375 0.18125
0 0.82890625 0.503125 0.025 0.1359375
0 0.95 0.51640625 0.0375 0.1546875
0 0.79140625 0.48984375 0.0625 0.1296875
0 0.678125 0.47734375 0.03125 0.071875
0 0.04375 0.425 0.0609375 0.134375