0 0.05078125 0.80703125 0.1015625 0.384375
0 0.1078125 0.56953125 0.0328125 0.171875
0 0.1296875 0.5609375 0.0421875 0.18125
0 0.2046875 0.8015625 0.115625 0.3953125
0 0.2921875 0.53203125 0.03125 0.146875
0 0.309375 0.86484375 0.0890625 0.2671875
0 0.309375 0.6703125 0.0625 0.196875
0 0.3578125 0.8171875 0.078125 0.3625
0 0.36484375 0.575 0.040625 0.2
0 0.3921875 0.553125 0.03125 0.15
0 0.4265625 0.5328125 0.025 0.115625
0 0.43828125 0.63125 0.05625 0.24375
0 0.4703125 0.61796875 0.0484375 0.225
0 0.4625 0.5171875 0.0296875 0.0546875
0 0.515625 0.54375 0.0359375 0.146875
0 0.55078125 0.54375 0.025 0.1484375
0 0.5546875 0.71640625 0.0625 0.321875
0 0.55390625 0.6578125 0.0546875 0.259375
0 0.61953125 0.5625 0.0390625 0.1671875
0 0.628125 0.68671875 0.0984375 0.1828125
0 0.73125 0.62578125 0.0390625 0.1953125
0 0.68671875 0.828125 0.1 0.334375
0 0.7609375 0.87734375 0.1125 0.24375
0 0.7765625 0.696875 0.059375 0.21875
0 0.80546875 0.61484375 0.0390625 0.184375
0 0.8265625 0.559375 0.03125 0.1484375
0 0.83828125 0.70625 0.0609375 0.309375
0 0.8703125 0.79765625 0.09375 0.3578125
0 0.9140625 0.6828125 0.0453125 0.2734375
0 0.965625 0.675 0.0625 0.221875
0 0.95625 0.61171875 0.040625 0.1921875
0 0.9359375 0.5453125 0.028125 0.0796875
0 0.90234375 0.53359375 0.025 0.109375
0 0.9375 0.51171875 0.0234375 0.0515625
0 0.8578125 0.528125 0.01875 0.0625
0 0.8640625 0.490625 0.021875 0.078125
0 0.94375 0.4953125 0.1109375 0.1734375
0 0.7078125 0.4234375 0.03125 0.0390625
0 0.503125 0.44921875 0.0296875 0.0328125
0 0.57421875 0.4296875 0.0265625 0.0234375
0 0.3875 0.43359375 0.0234375 0.0359375
0 0.3046875 0.45390625 0.053125 0.08125
0 0.15859375 0.4390625 0.228125 0.109375