0 0.60234375 0.5671875 0.1171875 0.784375
0 0.54609375 0.5171875 0.1015625 0.703125
0 0.41875 0.521875 0.1640625 0.7234375
0 0.31484375 0.490625 0.165625 0.6078125
0 0.4953125 0.49921875 0.06875 0.575
0 0.4953125 0.45078125 0.0671875 0.490625
0 0.346875 0.49296875 0.0828125 0.528125
0 0.2203125 0.4546875 0.078125 0.390625
0 0.2609375 0.26328125 0.0390625 0.06875
0 0.1421875 0.3953125 0.090625 0.284375
0 0.16640625 0.2890625 0.0234375 0.0640625
0 0.21484375 0.27578125 0.0125 0.0609375
0 0.18671875 0.2671875 0.009375 0.015625
0 0.20078125 0.28984375 0.01875 0.078125
0 0.26953125 0.64765625 0.021875 0.0515625
0 0.09140625 0.21953125 0.0828125 0.0484375
0 0.33203125 0.24609375 0.0234375 0.034375
0 0.3890625 0.24375 0.0234375 0.0265625
0 0.2359375 0.24921875 0.021875 0.01875