0 0.9734375 0.41015625 0.0515625 0.484375
0 0.94609375 0.4671875 0.1046875 0.43125
0 0.87265625 0.4203125 0.0890625 0.340625
0 0.7546875 0.3625 0.146875 0.340625
0 0.74921875 0.49765625 0.1671875 0.65625
0 0.67421875 0.46484375 0.0671875 0.290625
0 0.6421875 0.434375 0.0640625 0.221875
0 0.63359375 0.41328125 0.028125 0.2109375
0 0.58984375 0.40859375 0.0703125 0.2203125
0 0.52578125 0.41015625 0.075 0.2625
0 0.55546875 0.33203125 0.021875 0.0578125
0 0.56796875 0.3671875 0.025 0.065625
0 0.40859375 0.5484375 0.1828125 0.6875
0 0.240625 0.61171875 0.15625 0.5890625
0 0.33671875 0.38515625 0.1140625 0.2875
0 0.13046875 0.4109375 0.1140625 0.503125
0 0.84296875 0.30703125 0.05 0.053125