0 0.8953125 0.87734375 0.0796875 0.2421875
0 0.8734375 0.75078125 0.0640625 0.140625
0 0.8796875 0.64609375 0.075 0.2125
0 0.80703125 0.925 0.0421875 0.146875
0 0.6953125 0.9 0.0703125 0.196875
0 0.63984375 0.91484375 0.0703125 0.1671875
0 0.71796875 0.76484375 0.059375 0.2703125
0 0.56640625 0.85078125 0.071875 0.29375
0 0.3734375 0.8875 0.0921875 0.221875
0 0.4328125 0.934375 0.0390625 0.128125
0 0.47734375 0.92734375 0.05625 0.1
0 0.27734375 0.82890625 0.0578125 0.175
0 0.2359375 0.77890625 0.03125 0.096875
0 0.20390625 0.89296875 0.075 0.2109375
0 0.16171875 0.91015625 0.040625 0.175
0 0.1140625 0.87734375 0.0953125 0.2421875
0 0.0734375 0.6 0.0671875 0.259375
0 0.21328125 0.62578125 0.0609375 0.2609375
0 0.1828125 0.5875 0.05625 0.2875
0 0.140625 0.48359375 0.0765625 0.2625
0 0.0609375 0.38125 0.0421875 0.2421875
0 0.97421875 0.45859375 0.021875 0.2171875
0 0.70546875 0.56875 0.0671875 0.271875
0 0.584375 0.59609375 0.0671875 0.196875
0 0.55546875 0.490625 0.0484375 0.25625
0 0.503125 0.56328125 0.0703125 0.315625
0 0.4421875 0.584375 0.0609375 0.2984375
0 0.51640625 0.35625 0.0421875 0.15
0 0.4046875 0.396875 0.05 0.215625
0 0.36171875 0.62109375 0.0578125 0.3
0 0.303125 0.63125 0.0484375 0.271875
0 0.33828125 0.61640625 0.065625 0.309375
0 0.290625 0.5125 0.0515625 0.2703125
0 0.33125 0.44140625 0.0421875 0.1046875
0 0.7390625 0.29140625 0.0390625 0.0953125
0 0.803125 0.284375 0.0390625 0.0984375
0 0.96015625 0.30703125 0.03125 0.14375
0 0.584375 0.73203125 0.0375 0.1109375
0 0.91953125 0.74375 0.0703125 0.2125
0 0.69921875 0.82421875 0.0421875 0.0734375
0 0.2671875 0.9375 0.1046875 0.121875
0 0.02421875 0.84453125 0.0484375 0.30625
0 0.57421875 0.52578125 0.075 0.203125
0 0.50234375 0.24453125 0.0609375 0.11875
0 0.775 0.32890625 0.0421875 0.0546875
0 0.8734375 0.246875 0.05625 0.1390625