0 0.040625 0.61484375 0.08125 0.7671875
0 0.07109375 0.575 0.0953125 0.4796875
0 0.13125 0.46640625 0.0296875 0.146875
0 0.23125 0.47578125 0.0375 0.228125
0 0.29375 0.47421875 0.0421875 0.16875
0 0.29140625 0.478125 0.0375 0.1359375
0 0.32734375 0.46796875 0.0234375 0.14375
0 0.346875 0.46640625 0.025 0.1546875
0 0.36640625 0.48046875 0.0390625 0.1734375
0 0.38125 0.46640625 0.0234375 0.15
0 0.3921875 0.4625 0.0140625 0.1171875
0 0.4046875 0.46484375 0.0328125 0.1796875
0 0.440625 0.46484375 0.028125 0.1171875
0 0.45625 0.46484375 0.028125 0.146875
0 0.47421875 0.46875 0.021875 0.15
0 0.484375 0.47109375 0.028125 0.184375
0 0.51015625 0.48515625 0.028125 0.121875
0 0.540625 0.46328125 0.034375 0.165625
0 0.5375 0.46328125 0.0265625 0.1609375
0 0.5625 0.46640625 0.01875 0.1
0 0.590625 0.47421875 0.04375 0.21875
0 0.65859375 0.65625 0.1375 0.684375
0 0.66171875 0.53671875 0.0953125 0.415625
0 0.7203125 0.496875 0.040625 0.253125
0 0.734375 0.571875 0.0609375 0.3515625
0 0.753125 0.559375 0.0859375 0.4609375
0 0.8859375 0.48359375 0.046875 0.2
0 0.93515625 0.45390625 0.0375 0.1625
0 0.9046875 0.46953125 0.025 0.153125
0 0.86796875 0.4125 0.01875 0.0375
0 0.82421875 0.490625 0.01875 0.0984375
0 0.10234375 0.40390625 0.0359375 0.0625
0 0.52109375 0.46328125 0.0125 0.065625
0 0.43046875 0.45390625 0.0234375 0.059375
0 0.6171875 0.396875 0.040625 0.08125
0 0.20078125 0.459375 0.040625 0.165625
0 0.79375 0.459375 0.0484375 0.15625