0 0.18828125 0.69296875 0.103125 0.41875
0 0.271875 0.578125 0.065625 0.240625
0 0.2203125 0.52578125 0.025 0.1203125
0 0.32578125 0.58671875 0.0515625 0.225
0 0.3046875 0.5515625 0.0234375 0.1484375
0 0.3546875 0.50859375 0.0234375 0.0859375
0 0.12734375 0.53359375 0.021875 0.11875
0 0.384375 0.49765625 0.0125 0.0546875
0 0.403125 0.53828125 0.04375 0.140625
0 0.43046875 0.53984375 0.0296875 0.1296875
0 0.415625 0.528125 0.01875 0.115625
0 0.4453125 0.50546875 0.015625 0.0703125
0 0.46953125 0.5421875 0.0328125 0.1328125
0 0.48515625 0.48828125 0.0171875 0.0375
0 0.459375 0.48203125 0.015625 0.025
0 0.4953125 0.571875 0.0375 0.16875
0 0.55625 0.7390625 0.1296875 0.4703125
0 0.68671875 0.709375 0.1015625 0.4046875
0 0.6203125 0.53203125 0.03125 0.096875
0 0.59921875 0.565625 0.0640625 0.1703125
0 0.68828125 0.5421875 0.0984375 0.1359375
0 0.7515625 0.65546875 0.0640625 0.3171875
0 0.91796875 0.5140625 0.0140625 0.0609375
0 0.940625 0.51640625 0.0140625 0.0609375
0 0.96640625 0.53359375 0.0203125 0.0796875
0 0.33984375 0.48203125 0.0203125 0.028125
0 0.103125 0.48984375 0.01875 0.04375
0 0.37578125 0.48203125 0.0125 0.025
0 0.4078125 0.4796875 0.0140625 0.0234375
0 0.4453125 0.4765625 0.021875 0.021875
0 0.453125 0.509375 0.0046875 0.01875
0 0.4828125 0.49609375 0.0109375 0.025
0 0.53828125 0.50703125 0.075 0.06875
0 0.5125 0.58359375 0.0078125 0.021875
0 0.65234375 0.51171875 0.0296875 0.090625
0 0.859375 0.50703125 0.01875 0.046875
0 0.984375 0.528125 0.015625 0.09375