0 0.9359375 0.45859375 0.1265625 0.9171875
0 0.84765625 0.38359375 0.159375 0.509375
0 0.8609375 0.36796875 0.084375 0.44375
0 0.4875 0.35234375 0.0953125 0.484375
0 0.42890625 0.35859375 0.071875 0.3875
0 0.4265625 0.4625 0.1328125 0.671875
0 0.22734375 0.37421875 0.121875 0.39375
0 0.178125 0.35 0.0515625 0.2875
0 0.178125 0.34375 0.040625 0.275
0 0.109375 0.36640625 0.0328125 0.225
0 0.0765625 0.384375 0.0703125 0.415625
0 0.0421875 0.39140625 0.0734375 0.4875
0 0.04921875 0.56171875 0.0984375 0.8671875