0 0.02578125 0.571875 0.0515625 0.2859375
0 0.05 0.58046875 0.065625 0.2859375
0 0.09765625 0.5125 0.0984375 0.4875
0 0.16875 0.51328125 0.10625 0.4984375
0 0.21171875 0.63359375 0.028125 0.159375
0 0.20390625 0.63828125 0.025 0.1484375
0 0.2609375 0.63984375 0.01875 0.1625
0 0.26640625 0.51484375 0.0796875 0.5078125
0 0.30078125 0.63203125 0.0390625 0.2609375
0 0.3453125 0.52109375 0.0984375 0.525
0 0.4015625 0.5375 0.0796875 0.4671875
0 0.4296875 0.61875 0.0453125 0.25
0 0.46484375 0.63359375 0.0375 0.225
0 0.48125 0.64921875 0.01875 0.16875
0 0.5109375 0.63828125 0.0390625 0.20625
0 0.5390625 0.640625 0.0328125 0.1984375
0 0.57265625 0.63046875 0.0328125 0.128125
0 0.596875 0.65078125 0.034375 0.14375
0 0.6109375 0.51171875 0.1 0.528125
0 0.6640625 0.64765625 0.0234375 0.140625
0 0.709375 0.603125 0.0515625 0.25625
0 0.734375 0.61953125 0.0375 0.2109375
0 0.7703125 0.621875 0.0359375 0.18125
0 0.7890625 0.584375 0.01875 0.03125
0 0.809375 0.62421875 0.034375 0.16875
0 0.8359375 0.621875 0.0328125 0.1640625
0 0.86640625 0.6 0.0234375 0.1421875
0 0.90546875 0.59140625 0.0328125 0.1875
0 0.93203125 0.58828125 0.05 0.2109375
0 0.41328125 0.71796875 0.0125 0.0359375
0 0.30234375 0.66640625 0.015625 0.121875
0 0.53671875 0.68984375 0.0828125 0.0546875
0 0.66953125 0.653125 0.0515625 0.140625
0 0.821875 0.55703125 0.015625 0.0359375
0 0.865625 0.52734375 0.0234375 0.0546875
0 0.4484375 0.640625 0.0171875 0.1859375
0 0.5578125 0.59765625 0.0125 0.0421875
0 0.7515625 0.66796875 0.01875 0.0859375