0 0.02734375 0.52578125 0.0546875 0.3765625
0 0.13828125 0.528125 0.0671875 0.3484375
0 0.184375 0.52421875 0.0359375 0.25625
0 0.20859375 0.53515625 0.0484375 0.296875
0 0.21953125 0.53203125 0.059375 0.340625
0 0.25625 0.52578125 0.071875 0.365625
0 0.31953125 0.521875 0.0796875 0.403125
0 0.378125 0.52890625 0.059375 0.421875
0 0.44140625 0.51015625 0.0265625 0.134375
0 0.4671875 0.53359375 0.046875 0.259375
0 0.50390625 0.56875 0.1125 0.4796875
0 0.5640625 0.528125 0.059375 0.265625
0 0.63125 0.53125 0.0765625 0.3875
0 0.66953125 0.52734375 0.0234375 0.259375
0 0.69296875 0.53671875 0.065625 0.39375
0 0.73203125 0.52265625 0.0515625 0.35
0 0.75625 0.52421875 0.059375 0.328125
0 0.78046875 0.5125 0.0328125 0.2578125
0 0.796875 0.49921875 0.0515625 0.3234375
0 0.825 0.428125 0.0421875 0.11875
0 0.85546875 0.55234375 0.0515625 0.1171875
0 0.928125 0.56328125 0.1421875 0.79375
0 0.1578125 0.403125 0.015625 0.028125
0 0.16796875 0.58125 0.0265625 0.1671875
0 0.28125 0.646875 0.034375 0.05625
0 0.28046875 0.5125 0.0265625 0.2171875
0 0.353125 0.41953125 0.015625 0.046875
0 0.35390625 0.5375 0.0296875 0.15
0 0.4171875 0.50234375 0.034375 0.096875
0 0.590625 0.55390625 0.0625 0.1953125
0 0.91328125 0.61015625 0.0546875 0.1296875
0 0.97734375 0.759375 0.04375 0.20625
0 0.45390625 0.521875 0.015625 0.1109375