0 0.09375 0.821875 0.1875 0.353125
0 0.2578125 0.80234375 0.1734375 0.3921875
0 0.06015625 0.675 0.0625 0.184375
0 0.22109375 0.64375 0.0390625 0.1125
0 0.14921875 0.6625 0.121875 0.271875
0 0.3546875 0.81953125 0.078125 0.35625
0 0.32578125 0.7 0.0515625 0.159375
0 0.4671875 0.82734375 0.1375 0.340625
0 0.43828125 0.71328125 0.0484375 0.13125
0 0.375 0.671875 0.0421875 0.1109375
0 0.40390625 0.69375 0.0328125 0.159375
0 0.51328125 0.79765625 0.275 0.4
0 0.5671875 0.83125 0.1140625 0.3328125
0 0.61640625 0.78125 0.059375 0.35
0 0.634375 0.75546875 0.05625 0.2234375
0 0.67578125 0.74921875 0.046875 0.265625
0 0.7265625 0.765625 0.065625 0.34375
0 0.79609375 0.78671875 0.0609375 0.303125
0 0.821875 0.74453125 0.034375 0.2609375
0 0.86875 0.78671875 0.08125 0.3484375
0 0.92890625 0.82109375 0.140625 0.3546875
0 0.0984375 0.56640625 0.078125 0.1546875
0 0.6328125 0.67578125 0.4484375 0.1734375
0 0.8421875 0.825 0.0375 0.1296875
0 0.34921875 0.5875 0.046875 0.0796875
0 0.2640625 0.565625 0.046875 0.08125