0 0.6640625 0.61875 0.109375 0.4046875
0 0.7375 0.61171875 0.096875 0.3765625
0 0.51015625 0.55859375 0.071875 0.2390625
0 0.5734375 0.5609375 0.0640625 0.209375
0 0.3234375 0.57109375 0.065625 0.2375
0 0.265625 0.5171875 0.0421875 0.15625
0 0.23125 0.51796875 0.03125 0.1015625
0 0.16875 0.51640625 0.0296875 0.109375
0 0.11796875 0.5 0.0328125 0.090625
0 0.08828125 0.51484375 0.0375 0.125
0 0.0125 0.49453125 0.025 0.0828125
0 0.034375 0.4953125 0.025 0.08125
0 0.05625 0.49296875 0.0234375 0.08125
0 0.07265625 0.48984375 0.0171875 0.075
0 0.0828125 0.46171875 0.009375 0.0203125
0 0.00390625 0.4625 0.0078125 0.0109375
0 0.053125 0.4890625 0.01875 0.06875
0 0.24453125 0.49296875 0.0109375 0.065625
0 0.225 0.50703125 0.021875 0.09375
0 0.93828125 0.46484375 0.0421875 0.0703125
0 0.8265625 0.50390625 0.1421875 0.2375
0 0.028125 0.46953125 0.0125 0.025
0 0.06640625 0.4609375 0.0078125 0.0125