0 0.1203125 0.5890625 0.09375 0.6203125
0 0.18984375 0.59296875 0.1015625 0.6609375
0 0.275 0.63203125 0.134375 0.6890625
0 0.34375 0.58359375 0.065625 0.5
0 0.51875 0.8078125 0.3546875 0.1453125
0 0.4625 0.72578125 0.1546875 0.34375
0 0.5375 0.5734375 0.0828125 0.421875
0 0.6125 0.578125 0.078125 0.4046875
0 0.66015625 0.59296875 0.04375 0.409375
0 0.6859375 0.58515625 0.0578125 0.4578125
0 0.69453125 0.5515625 0.0453125 0.434375
0 0.7234375 0.56015625 0.0671875 0.6578125
0 0.76796875 0.6078125 0.1609375 0.7265625
0 0.8265625 0.584375 0.1390625 0.709375