0 0.9609375 0.72578125 0.0765625 0.546875
0 0.821875 0.63984375 0.1921875 0.71875
0 0.9265625 0.584375 0.1046875 0.6796875
0 0.95703125 0.30625 0.053125 0.2640625
0 0.98515625 0.23984375 0.028125 0.203125
0 0.9796875 0.18046875 0.028125 0.090625
0 0.96015625 0.16015625 0.0328125 0.075
0 0.925 0.20703125 0.04375 0.109375
0 0.8609375 0.21484375 0.0546875 0.171875
0 0.81953125 0.215625 0.0390625 0.165625
0 0.784375 0.19609375 0.05 0.1359375
0 0.8140625 0.1515625 0.0234375 0.0484375
0 0.796875 0.3296875 0.05 0.1890625
0 0.74765625 0.41015625 0.0703125 0.453125
0 0.7015625 0.23359375 0.04375 0.121875
0 0.728125 0.50703125 0.10625 0.6953125
0 0.6125 0.56953125 0.2484375 0.746875
0 0.41171875 0.60703125 0.2875 0.784375
0 0.73828125 0.14921875 0.04375 0.053125
0 0.6953125 0.19609375 0.03125 0.11875
0 0.6703125 0.17109375 0.034375 0.1171875
0 0.6390625 0.16484375 0.0359375 0.084375
0 0.62890625 0.1375 0.025 0.053125
0 0.62109375 0.171875 0.0203125 0.1
0 0.59375 0.209375 0.034375 0.1140625
0 0.57890625 0.23828125 0.0296875 0.1609375
0 0.56015625 0.22421875 0.03125 0.19375
0 0.53671875 0.171875 0.0296875 0.0703125
0 0.5921875 0.1453125 0.01875 0.0328125
0 0.60625 0.16015625 0.0203125 0.0859375
0 0.59296875 0.1328125 0.015625 0.0328125
0 0.57265625 0.14375 0.0203125 0.0453125
0 0.521875 0.31875 0.0796875 0.3
0 0.4296875 0.2703125 0.1234375 0.225
0 0.47109375 0.20546875 0.034375 0.0828125
0 0.35703125 0.24453125 0.0703125 0.246875
0 0.41484375 0.1734375 0.0265625 0.096875
0 0.38671875 0.18046875 0.0390625 0.121875
0 0.29765625 0.47890625 0.1234375 0.54375
0 0.30390625 0.19453125 0.0484375 0.10625
0 0.31484375 0.17578125 0.028125 0.0921875
0 0.25234375 0.3265625 0.06875 0.290625
0 0.20078125 0.28359375 0.065625 0.1703125
0 0.1703125 0.61875 0.190625 0.7609375
0 0.06328125 0.64453125 0.1265625 0.7078125
0 0.0796875 0.4859375 0.1171875 0.528125
0 0.121875 0.22890625 0.0703125 0.1328125
0 0.121875 0.18046875 0.0328125 0.084375
0 0.16484375 0.19140625 0.0328125 0.1015625
0 0.98203125 0.1578125 0.009375 0.034375
0 0.7078125 0.15546875 0.0140625 0.0375
0 0.653125 0.14296875 0.009375 0.0296875
0 0.534375 0.17890625 0.015625 0.034375
0 0.584375 0.13125 0.0125 0.0359375
0 0.615625 0.16953125 0.0125 0.0609375
0 0.5421875 0.13671875 0.0234375 0.0484375
0 0.559375 0.12734375 0.0140625 0.021875
0 0.40625 0.16015625 0.015625 0.0828125
0 0.38984375 0.12890625 0.0171875 0.040625
0 0.4171875 0.1234375 0.009375 0.0125
0 0.47734375 0.24140625 0.0359375 0.1546875
0 0.3640625 0.14921875 0.01875 0.05625
0 0.3234375 0.17109375 0.0265625 0.0984375
0 0.3109375 0.01015625 0.021875 0.0203125