0 0.875 0.5171875 0.0234375 0.0671875
0 0.58515625 0.46015625 0.015625 0.0828125
0 0.55234375 0.50703125 0.0234375 0.0921875
0 0.51328125 0.50390625 0.0234375 0.0984375
0 0.45390625 0.50078125 0.0203125 0.03125
0 0.45078125 0.5078125 0.0171875 0.071875
0 0.36171875 0.52578125 0.0203125 0.05
0 0.3328125 0.546875 0.0359375 0.1734375
0 0.32109375 0.51171875 0.0140625 0.034375
0 0.3 0.5015625 0.01875 0.0671875
0 0.2359375 0.5609375 0.0609375 0.1609375
0 0.2390625 0.53046875 0.0453125 0.096875
0 0.190625 0.553125 0.059375 0.1578125
0 0.18671875 0.56953125 0.075 0.1921875
0 0.13125 0.5703125 0.084375 0.228125
0 0.13203125 0.55234375 0.059375 0.203125
0 0.03671875 0.565625 0.0734375 0.2265625
0 0.03125 0.41328125 0.0625 0.2015625
0 0.1109375 0.45078125 0.0984375 0.146875
0 0.07421875 0.56953125 0.059375 0.1046875
0 0.05390625 0.2921875 0.0484375 0.2015625
0 0.08984375 0.23359375 0.0484375 0.1984375
0 0.1203125 0.2296875 0.053125 0.2140625
0 0.15 0.25703125 0.025 0.1671875
0 0.171875 0.6109375 0.1140625 0.090625
0 0.14375 0.4671875 0.0453125 0.1234375
0 0.390625 0.46953125 0.015625 0.0265625
0 0.46015625 0.48984375 0.0078125 0.0109375
0 0.021875 0.4875 0.0109375 0.0125
0 0.103125 0.16953125 0.0140625 0.0171875
0 0.49453125 0.4984375 0.015625 0.0328125