0 0.07265625 0.57578125 0.0375 0.078125
0 0.128125 0.75546875 0.121875 0.4859375
0 0.18984375 0.64453125 0.046875 0.25625
0 0.2265625 0.68828125 0.0796875 0.34375
0 0.2828125 0.63046875 0.0515625 0.2390625
0 0.3265625 0.68828125 0.046875 0.3234375
0 0.359375 0.7625 0.0953125 0.4546875
0 0.428125 0.70078125 0.05 0.2984375
0 0.4015625 0.68671875 0.040625 0.3359375
0 0.36875 0.52734375 0.028125 0.046875
0 0.50625 0.759375 0.0984375 0.446875
0 0.57265625 0.74453125 0.1125 0.50625
0 0.734375 0.78359375 0.1109375 0.4296875
0 0.8265625 0.69140625 0.0703125 0.3421875
0 0.7578125 0.52265625 0.0421875 0.0671875
0 0.68046875 0.70078125 0.0828125 0.3984375
0 0.646875 0.659375 0.0421875 0.315625
0 0.61796875 0.65546875 0.0296875 0.2609375
0 0.05078125 0.55859375 0.034375 0.084375
0 0.0796875 0.52734375 0.0234375 0.0375
0 0.2625 0.55234375 0.0234375 0.075
0 0.3046875 0.61484375 0.025 0.225
0 0.3453125 0.5375 0.0171875 0.071875
0 0.40546875 0.515625 0.0515625 0.028125
0 0.97265625 0.79609375 0.0515625 0.403125
0 0.75546875 0.86640625 0.0515625 0.075
0 0.79296875 0.53203125 0.0421875 0.078125
0 0.725 0.53046875 0.0515625 0.090625
0 0.67109375 0.51796875 0.01875 0.059375
0 0.609375 0.63125 0.05 0.3046875
0 0.56953125 0.50703125 0.034375 0.0390625
0 0.51328125 0.51875 0.0796875 0.0921875
0 0.5375 0.80078125 0.0359375 0.128125
0 0.4546875 0.61328125 0.0421875 0.23125
0 0.41953125 0.55703125 0.028125 0.05625
0 0.234375 0.55234375 0.0203125 0.075