0 0.14453125 0.72578125 0.075 0.14375
0 0.30859375 0.87578125 0.06875 0.24375
0 0.38125 0.93046875 0.059375 0.1359375
0 0.56953125 0.91640625 0.065625 0.1625
0 0.64296875 0.96484375 0.0515625 0.0671875
0 0.63828125 0.815625 0.0984375 0.29375
0 0.51796875 0.825 0.059375 0.246875
0 0.47578125 0.80234375 0.0484375 0.2671875
0 0.39765625 0.78828125 0.05625 0.26875
0 0.340625 0.68984375 0.065625 0.2796875
0 0.3125 0.62578125 0.059375 0.25625
0 0.4625 0.634375 0.0703125 0.265625
0 0.52734375 0.60625 0.065625 0.221875
0 0.61953125 0.5375 0.0796875 0.275
0 0.57890625 0.44140625 0.0625 0.2625
0 0.5015625 0.465625 0.0390625 0.1390625
0 0.471875 0.49140625 0.05625 0.1671875
0 0.428125 0.47890625 0.0515625 0.25
0 0.35078125 0.49296875 0.05625 0.228125
0 0.328125 0.378125 0.046875 0.1734375
0 0.3703125 0.38828125 0.0578125 0.234375
0 0.4375 0.36953125 0.0484375 0.13125
0 0.48828125 0.390625 0.0453125 0.115625
0 0.5859375 0.36953125 0.05625 0.19375
0 0.615625 0.36796875 0.0484375 0.1984375
0 0.5328125 0.275 0.046875 0.2046875
0 0.475 0.33125 0.0609375 0.175
0 0.415625 0.32421875 0.0375 0.1359375
0 0.3375 0.23359375 0.0546875 0.25
0 0.36171875 0.175 0.0375 0.175
0 0.390625 0.23125 0.046875 0.165625
0 0.40234375 0.15703125 0.04375 0.08125
0 0.42421875 0.20390625 0.0328125 0.1125
0 0.44453125 0.23828125 0.0453125 0.1109375
0 0.49765625 0.22734375 0.0453125 0.2
0 0.4703125 0.171875 0.0359375 0.15625
0 0.5390625 0.16328125 0.0359375 0.128125
0 0.584375 0.17578125 0.0421875 0.115625
0 0.5609375 0.15859375 0.04375 0.1796875
0 0.5921875 0.0796875 0.04375 0.159375
0 0.5375 0.07109375 0.0328125 0.0796875
0 0.5171875 0.0515625 0.04375 0.103125
0 0.5453125 0.0609375 0.028125 0.121875
0 0.4453125 0.11328125 0.0421875 0.165625
0 0.39375 0.128125 0.0328125 0.11875
0 0.4171875 0.08671875 0.0328125 0.165625
0 0.41796875 0.053125 0.0328125 0.103125
0 0.38828125 0.06796875 0.0375 0.1359375
0 0.3734375 0.04296875 0.028125 0.06875
0 0.36328125 0.07890625 0.028125 0.0796875
0 0.3375 0.08671875 0.04375 0.13125
0 0.25703125 0.17109375 0.046875 0.1921875
0 0.215625 0.13828125 0.053125 0.153125
0 0.20703125 0.07109375 0.04375 0.1171875
0 0.25078125 0.05859375 0.0328125 0.0921875
0 0.359375 0.27421875 0.0234375 0.0390625
0 0.646875 0.28125 0.0375 0.109375
0 0.39296875 0.0625 0.0234375 0.0421875
0 0.29609375 0.0875 0.0390625 0.171875
0 0.4796875 0.06484375 0.028125 0.1296875
0 0.45234375 0.0171875 0.0296875 0.034375