0 0.03671875 0.69375 0.0375 0.153125
0 0.0578125 0.68671875 0.01875 0.0984375
0 0.10078125 0.80390625 0.0828125 0.3875
0 0.12890625 0.69375 0.021875 0.134375
0 0.14375 0.7 0.0484375 0.171875
0 0.159375 0.69453125 0.0203125 0.13125
0 0.1765625 0.6875 0.025 0.15
0 0.19609375 0.69765625 0.025 0.1421875
0 0.1984375 0.6375 0.021875 0.0421875
0 0.22421875 0.79765625 0.065625 0.3625
0 0.25078125 0.684375 0.025 0.128125
0 0.2578125 0.81015625 0.075 0.375
0 0.2921875 0.65546875 0.0265625 0.0734375
0 0.3125 0.72265625 0.025 0.1296875
0 0.30546875 0.69609375 0.01875 0.1296875
0 0.3078125 0.634375 0.0203125 0.04375
0 0.321875 0.653125 0.0234375 0.11875
0 0.3734375 0.66328125 0.0234375 0.109375
0 0.38984375 0.653125 0.0234375 0.13125
0 0.40078125 0.653125 0.015625 0.121875
0 0.4125 0.63203125 0.0234375 0.0515625
0 0.43515625 0.66484375 0.025 0.125
0 0.4578125 0.66796875 0.0234375 0.1359375
0 0.503125 0.67734375 0.025 0.134375
0 0.55390625 0.68671875 0.03125 0.14375
0 0.59453125 0.69375 0.025 0.1453125
0 0.62734375 0.703125 0.0296875 0.15625
0 0.66171875 0.70625 0.0359375 0.159375
0 0.6890625 0.70546875 0.0421875 0.18125
0 0.7046875 0.71484375 0.01875 0.1546875
0 0.72734375 0.71484375 0.0296875 0.1796875
0 0.73984375 0.69375 0.0125 0.1171875
0 0.7515625 0.71015625 0.028125 0.1796875
0 0.77890625 0.71171875 0.025 0.15625
0 0.79375 0.709375 0.0328125 0.1765625
0 0.80859375 0.70078125 0.0265625 0.1765625
0 0.83203125 0.71171875 0.03125 0.16875
0 0.83671875 0.709375 0.03125 0.18125
0 0.86015625 0.71328125 0.0359375 0.1609375
0 0.8796875 0.71015625 0.0234375 0.153125
0 0.89453125 0.70546875 0.03125 0.1765625
0 0.915625 0.70390625 0.028125 0.1671875
0 0.93046875 0.71015625 0.0328125 0.159375
0 0.06953125 0.684375 0.0203125 0.1359375
0 0.11875 0.65703125 0.0203125 0.0734375
0 0.1234375 0.73125 0.00625 0.0375
0 0.153125 0.63828125 0.009375 0.0234375
0 0.15625 0.73203125 0.0078125 0.040625
0 0.15 0.728125 0.0046875 0.028125
0 0.1875 0.63984375 0.009375 0.034375
0 0.18515625 0.72890625 0.0140625 0.0546875
0 0.19921875 0.74296875 0.0078125 0.028125
0 0.2109375 0.71796875 0.0109375 0.1015625
0 0.2390625 0.63984375 0.0234375 0.05
0 0.278125 0.62578125 0.0515625 0.03125
0 0.2984375 0.703125 0.0109375 0.103125
0 0.446875 0.68984375 0.01875 0.075