0 0.796875 0.6265625 0.084375 0.3171875
0 0.7515625 0.60625 0.075 0.3125
0 0.71484375 0.57265625 0.071875 0.3140625
0 0.646875 0.61015625 0.1 0.340625
0 0.5234375 0.57890625 0.0640625 0.303125
0 0.565625 0.58125 0.053125 0.2875
0 0.48359375 0.57890625 0.0578125 0.2875
0 0.434375 0.5796875 0.0828125 0.3
0 0.396875 0.57109375 0.0515625 0.2875
0 0.3515625 0.4953125 0.0484375 0.165625
0 0.30234375 0.49140625 0.046875 0.1671875
0 0.1578125 0.49140625 0.0453125 0.1828125
0 0.2421875 0.3140625 0.0359375 0.1078125
0 0.284375 0.325 0.028125 0.115625
0 0.28359375 0.3046875 0.0203125 0.0546875
0 0.30625 0.3109375 0.025 0.1171875
0 0.27890625 0.25625 0.0234375 0.0671875
0 0.2390625 0.2421875 0.0203125 0.05
0 0.22421875 0.19140625 0.0171875 0.103125
0 0.25078125 0.19375 0.021875 0.0984375
0 0.2921875 0.17890625 0.0265625 0.103125
0 0.31328125 0.1625 0.0265625 0.0953125