0 0.1984375 0.30390625 0.034375 0.1015625
0 0.22890625 0.30859375 0.0296875 0.09375
0 0.29375 0.3421875 0.028125 0.1453125
0 0.309375 0.35859375 0.04375 0.1734375
0 0.3234375 0.33671875 0.028125 0.15
0 0.3421875 0.31953125 0.028125 0.109375
0 0.3625 0.3203125 0.0234375 0.103125
0 0.38515625 0.334375 0.0328125 0.1390625
0 0.3765625 0.2796875 0.015625 0.0265625
0 0.41015625 0.334375 0.0359375 0.1359375
0 0.46328125 0.38359375 0.046875 0.190625
0 0.47421875 0.29453125 0.01875 0.0359375
0 0.49921875 0.29609375 0.0359375 0.0625
0 0.5234375 0.284375 0.025 0.0390625
0 0.54375 0.484375 0.1359375 0.5421875
0 0.6046875 0.35 0.03125 0.1375
0 0.6140625 0.3390625 0.025 0.121875
0 0.6453125 0.53359375 0.121875 0.4390625
0 0.6921875 0.4703125 0.0953125 0.3703125
0 0.78671875 0.47265625 0.090625 0.31875
0 0.8703125 0.64609375 0.2578125 0.7046875
0 0.103125 0.25078125 0.1015625 0.0390625
0 0.4359375 0.27109375 0.0546875 0.025
0 0.2703125 0.2671875 0.015625 0.025
0 0.29296875 0.26328125 0.0109375 0.0140625
0 0.3296875 0.265625 0.009375 0.015625
0 0.9796875 0.76484375 0.0375 0.4703125
0 0.4796875 0.29453125 0.0125 0.03125