0 0.934375 0.75546875 0.0703125 0.30625
0 0.82421875 0.809375 0.084375 0.378125
0 0.80078125 0.67421875 0.0375 0.10625
0 0.7921875 0.70390625 0.028125 0.2046875
0 0.7703125 0.753125 0.0375 0.26875
0 0.73046875 0.8 0.09375 0.3953125
0 0.4046875 0.81015625 0.109375 0.375
0 0.54375 0.765625 0.065625 0.34375
0 0.478125 0.75390625 0.046875 0.225
0 0.33359375 0.72890625 0.03125 0.175
0 0.18984375 0.74921875 0.05625 0.2234375
0 0.24296875 0.72890625 0.021875 0.171875
0 0.253125 0.72734375 0.01875 0.175
0 0.26328125 0.72265625 0.0375 0.1921875
0 0.2890625 0.725 0.0296875 0.1921875
0 0.2984375 0.7125 0.0171875 0.153125
0 0.328125 0.71796875 0.0328125 0.153125
0 0.33203125 0.72421875 0.03125 0.1765625
0 0.37578125 0.696875 0.03125 0.09375
0 0.44296875 0.68046875 0.0328125 0.10625
0 0.4953125 0.68046875 0.01875 0.065625
0 0.509375 0.671875 0.0234375 0.0484375
0 0.571875 0.71171875 0.0296875 0.1640625
0 0.59296875 0.71328125 0.0234375 0.16875
0 0.6046875 0.73828125 0.03125 0.21875
0 0.61875 0.76171875 0.05625 0.2609375
0 0.63828125 0.74140625 0.0234375 0.2421875
0 0.67265625 0.65546875 0.0125 0.04375
0 0.6953125 0.70859375 0.0421875 0.1921875
0 0.696875 0.73515625 0.03125 0.209375
0 0.7078125 0.63203125 0.0140625 0.028125
0 0.3875 0.640625 0.05 0.05625
0 0.45390625 0.6375 0.03125 0.046875
0 0.50390625 0.65078125 0.0703125 0.078125
0 0.82421875 0.57890625 0.0453125 0.0875
0 0.9 0.56953125 0.034375 0.23125
0 0.96875 0.57890625 0.0390625 0.25
0 0.14296875 0.64453125 0.0171875 0.04375