0 0.86796875 0.57578125 0.146875 0.84375
0 0.67734375 0.546875 0.225 0.828125
0 0.53046875 0.51484375 0.0796875 0.5703125
0 0.56484375 0.43046875 0.0734375 0.40625
0 0.61796875 0.396875 0.0671875 0.340625
0 0.5546875 0.39921875 0.053125 0.3234375
0 0.96328125 0.37109375 0.0328125 0.1625
0 0.94765625 0.371875 0.0234375 0.14375
0 0.65078125 0.3125 0.01875 0.0875
0 0.65625 0.390625 0.0328125 0.228125
0 0.4078125 0.528125 0.2203125 0.940625
0 0.27890625 0.44375 0.075 0.2296875
0 0.225 0.36796875 0.034375 0.253125
0 0.14609375 0.475 0.0703125 0.484375
0 0.0921875 0.52734375 0.184375 0.9421875
0 0.18359375 0.328125 0.0265625 0.103125
0 0.9859375 0.32265625 0.0265625 0.078125
0 0.815625 0.31328125 0.090625 0.065625
0 0.934375 0.32578125 0.0234375 0.0859375
0 0.7 0.25703125 0.01875 0.0390625
0 0.2609375 0.33671875 0.0234375 0.04375