0 0.053125 0.809375 0.040625 0.1109375
0 0.08984375 0.85234375 0.084375 0.2921875
0 0.2375 0.79140625 0.175 0.4125
0 0.3265625 0.77734375 0.021875 0.05
0 0.371875 0.79296875 0.0234375 0.0859375
0 0.40390625 0.79140625 0.028125 0.1125
0 0.446875 0.79140625 0.0140625 0.084375
0 0.42734375 0.77109375 0.0140625 0.046875
0 0.4328125 0.784375 0.0234375 0.08125
0 0.46640625 0.78515625 0.01875 0.0921875
0 0.47890625 0.79375 0.0328125 0.109375
0 0.55546875 0.8 0.015625 0.109375
0 0.565625 0.81015625 0.015625 0.090625
0 0.6296875 0.840625 0.1453125 0.315625
0 0.6859375 0.81484375 0.0328125 0.109375
0 0.70859375 0.81328125 0.04375 0.10625
0 0.73046875 0.80703125 0.025 0.0609375
0 0.75859375 0.809375 0.0265625 0.10625
0 0.7796875 0.79609375 0.0328125 0.1046875
0 0.7984375 0.76171875 0.01875 0.0359375
0 0.8 0.79921875 0.01875 0.090625
0 0.81484375 0.80546875 0.0328125 0.13125
0 0.83125 0.79453125 0.021875 0.10625
0 0.859375 0.79140625 0.0203125 0.1046875
0 0.87109375 0.79765625 0.021875 0.1046875
0 0.890625 0.80390625 0.0296875 0.1375
0 0.90703125 0.78125 0.015625 0.0671875
0 0.93046875 0.80625 0.0375 0.1421875
0 0.9625 0.81015625 0.03125 0.1375
0 0.9921875 0.796875 0.0140625 0.10625
0 0.02421875 0.85390625 0.0484375 0.2875
0 0.31171875 0.796875 0.015625 0.078125
0 0.45625 0.78671875 0.0140625 0.078125
0 0.475 0.79375 0.0203125 0.0796875
0 0.52578125 0.81015625 0.04375 0.0671875
0 0.56796875 0.76484375 0.0171875 0.0375
0 0.53671875 0.7625 0.015625 0.034375
0 0.74375 0.81484375 0.025 0.0921875
0 0.75703125 0.7625 0.0078125 0.0125
0 0.78203125 0.75546875 0.0109375 0.0234375
0 0.84296875 0.78203125 0.0140625 0.0734375
0 0.8765625 0.75234375 0.0109375 0.0203125
0 0.94296875 0.78125 0.0203125 0.0625
0 0.94765625 0.853125 0.0109375 0.028125
0 0.934375 0.84296875 0.009375 0.0359375
0 0.9796875 0.79609375 0.0203125 0.1
0 0.996875 0.75625 0.0046875 0.0203125
0 0.796875 0.68671875 0.084375 0.06875