0 0.11640625 0.74609375 0.084375 0.325
0 0.259375 0.62109375 0.021875 0.1125
0 0.2796875 0.63046875 0.021875 0.0734375
0 0.3078125 0.640625 0.034375 0.1484375
0 0.3125 0.5875 0.015625 0.0421875
0 0.3453125 0.60625 0.015625 0.078125
0 0.37578125 0.603125 0.015625 0.08125
0 0.4171875 0.646875 0.0390625 0.18125
0 0.4515625 0.60390625 0.0234375 0.071875
0 0.4796875 0.609375 0.015625 0.103125
0 0.5140625 0.64609375 0.0375 0.1921875
0 0.58828125 0.56953125 0.025 0.059375
0 0.684375 0.690625 0.078125 0.265625
0 0.8140625 0.61953125 0.0421875 0.15625
0 0.89609375 0.625 0.046875 0.2125
0 0.9390625 0.62890625 0.05625 0.1421875
0 0.965625 0.58359375 0.028125 0.1171875
0 0.14453125 0.63515625 0.0234375 0.159375
0 0.25078125 0.61796875 0.009375 0.1140625
0 0.26328125 0.578125 0.0078125 0.03125
0 0.325 0.6125 0.0234375 0.1
0 0.340625 0.61171875 0.0109375 0.065625
0 0.37890625 0.60390625 0.015625 0.0828125
0 0.33828125 0.571875 0.0046875 0.01875
0 0.29140625 0.60859375 0.0171875 0.0828125
0 0.40703125 0.68359375 0.015625 0.025
0 0.553125 0.57578125 0.0234375 0.0359375
0 0.43359375 0.62734375 0.0109375 0.028125
0 0.35703125 0.60859375 0.01875 0.0703125