0 0.95 0.68359375 0.078125 0.3484375
0 0.9171875 0.69765625 0.0671875 0.3453125
0 0.878125 0.69453125 0.0640625 0.375
0 0.83671875 0.70078125 0.0953125 0.3765625
0 0.77109375 0.703125 0.075 0.4125
0 0.703125 0.709375 0.0921875 0.4453125
0 0.83125 0.478125 0.0546875 0.184375
0 0.78984375 0.48671875 0.0546875 0.21875
0 0.7359375 0.46796875 0.0640625 0.21875
0 0.7171875 0.4046875 0.084375 0.1375
0 0.68125 0.47265625 0.059375 0.1984375
0 0.6375 0.47890625 0.0703125 0.2078125
0 0.6421875 0.71640625 0.071875 0.4671875
0 0.56484375 0.453125 0.0859375 0.2484375
0 0.57265625 0.71796875 0.0953125 0.4625
0 0.5140625 0.72734375 0.0578125 0.45625
0 0.471875 0.44921875 0.0890625 0.2765625
0 0.459375 0.72265625 0.0765625 0.446875
0 0.4109375 0.4609375 0.08125 0.26875
0 0.38984375 0.72265625 0.1015625 0.4953125
0 0.334375 0.7140625 0.078125 0.4890625
0 0.35 0.43671875 0.0703125 0.2296875
0 0.28359375 0.4703125 0.078125 0.2625
0 0.26171875 0.7078125 0.0828125 0.4734375
0 0.178125 0.7140625 0.09375 0.453125
0 0.2046875 0.4484375 0.0984375 0.275
0 0.121875 0.4625 0.0859375 0.2609375
0 0.10078125 0.721875 0.1078125 0.4484375
0 0.0484375 0.70859375 0.09375 0.4296875
0 0.765625 0.4046875 0.0171875 0.0546875
0 0.603125 0.15390625 0.025 0.0296875