0 0.60859375 0.70546875 0.1484375 0.5859375
0 0.76328125 0.71640625 0.184375 0.5625
0 0.91484375 0.64453125 0.128125 0.653125
0 0.04609375 0.58046875 0.0921875 0.4
0 0.20859375 0.5484375 0.059375 0.2984375
0 0.26328125 0.5390625 0.0609375 0.25
0 0.26796875 0.49140625 0.046875 0.225
0 0.2421875 0.43515625 0.028125 0.0984375
0 0.359375 0.48125 0.0421875 0.2
0 0.38828125 0.4734375 0.040625 0.165625
0 0.42734375 0.51875 0.0609375 0.25
0 0.47578125 0.5078125 0.0515625 0.284375
0 0.4609375 0.4921875 0.0265625 0.209375
0 0.52421875 0.49453125 0.0578125 0.25
0 0.5734375 0.45859375 0.0359375 0.15
0 0.55390625 0.465625 0.0265625 0.15
0 0.61484375 0.40390625 0.0390625 0.0625
0 0.63984375 0.4484375 0.03125 0.1171875
0 0.68515625 0.50546875 0.071875 0.2625
0 0.7515625 0.409375 0.040625 0.078125
0 0.7828125 0.41953125 0.03125 0.1109375
0 0.803125 0.45703125 0.0453125 0.1984375
0 0.85859375 0.44921875 0.059375 0.16875
0 0.9671875 0.584375 0.0515625 0.3703125
0 0.43125 0.40546875 0.0265625 0.059375
0 0.88828125 0.45859375 0.0359375 0.0921875
0 0.96875 0.384375 0.059375 0.0609375
0 0.98515625 0.578125 0.0265625 0.3359375
0 0.68671875 0.37890625 0.0296875 0.040625