0 0.67578125 0.3078125 0.1421875 0.25
0 0.7734375 0.3078125 0.1203125 0.24375
0 0.97421875 0.2328125 0.05 0.1609375
0 0.803125 0.1421875 0.075 0.2
0 0.734375 0.184375 0.0421875 0.21875
0 0.68828125 0.10859375 0.0421875 0.109375
0 0.7109375 0.09765625 0.0359375 0.1171875
0 0.64375 0.18046875 0.0359375 0.109375
0 0.61015625 0.17109375 0.0234375 0.0625
0 0.62578125 0.17421875 0.0203125 0.071875
0 0.6375 0.1984375 0.0203125 0.0734375
0 0.61953125 0.20390625 0.028125 0.0453125
0 0.80625 0.56875 0.384375 0.859375
0 0.41015625 0.484375 0.2828125 0.7015625
0 0.2453125 0.578125 0.4609375 0.840625
0 0.24296875 0.11015625 0.0859375 0.2203125
0 0.3796875 0.02890625 0.0265625 0.034375
0 0.19375 0.13984375 0.05625 0.18125
0 0.16640625 0.15234375 0.025 0.0640625
0 0.06796875 0.1515625 0.05 0.140625
0 0.09921875 0.13359375 0.0328125 0.096875
0 0.0484375 0.17109375 0.025 0.1703125
0 0.01484375 0.13671875 0.0296875 0.125
0 0.95625 0.22578125 0.0265625 0.1234375
0 0.76796875 0.17734375 0.04375 0.2078125
0 0.59140625 0.23984375 0.0828125 0.125
0 0.31953125 0.0734375 0.0859375 0.146875
0 0.13828125 0.13359375 0.0609375 0.0953125
0 0.6 0.1515625 0.015625 0.0359375