0 0.02578125 0.18828125 0.0515625 0.1203125
0 0.1359375 0.459375 0.1890625 0.7671875
0 0.2171875 0.33984375 0.071875 0.425
0 0.3046875 0.44140625 0.1734375 0.83125
0 0.37421875 0.371875 0.0765625 0.4765625
0 0.40859375 0.32421875 0.0546875 0.321875
0 0.60390625 0.8234375 0.1796875 0.3484375
0 0.5875 0.29765625 0.05625 0.3609375
0 0.625 0.33984375 0.0609375 0.434375
0 0.6578125 0.1625 0.084375 0.15
0 0.7171875 0.521875 0.175 0.9515625
0 0.034375 0.2078125 0.0171875 0.0515625
0 0.0234375 0.15703125 0.009375 0.0140625
0 0.0859375 0.1765625 0.059375 0.084375
0 0.06953125 0.24921875 0.021875 0.0609375
0 0.46015625 0.15 0.06875 0.0515625
0 0.775 0.21015625 0.0484375 0.0703125
0 0.80859375 0.340625 0.0296875 0.16875
0 0.38828125 0.16484375 0.0234375 0.053125
0 0.26015625 0.1328125 0.03125 0.0578125
0 0.19140625 0.16484375 0.0296875 0.0484375
0 0.23125 0.21796875 0.0234375 0.04375
0 0.23203125 0.5453125 0.046875 0.1578125
0 0.253125 0.659375 0.0140625 0.0578125
0 0.4359375 0.43046875 0.0171875 0.1921875