0 0.96796875 0.50546875 0.0203125 0.090625
0 0.95390625 0.5125 0.025 0.0921875
0 0.89765625 0.52109375 0.028125 0.0875
0 0.88046875 0.48359375 0.0234375 0.071875
0 0.8046875 0.47109375 0.0203125 0.075
0 0.78046875 0.48125 0.015625 0.059375
0 0.7734375 0.47578125 0.0140625 0.05625
0 0.75703125 0.49765625 0.01875 0.071875
0 0.70546875 0.4875 0.0171875 0.0671875
0 0.73984375 0.50859375 0.0234375 0.078125
0 0.671875 0.5125 0.01875 0.075
0 0.66328125 0.51796875 0.015625 0.078125
0 0.65625 0.521875 0.021875 0.06875
0 0.66796875 0.52734375 0.01875 0.059375
0 0.68203125 0.54921875 0.0171875 0.0859375
0 0.68359375 0.553125 0.0203125 0.09375
0 0.69453125 0.5875 0.025 0.121875
0 0.7203125 0.59296875 0.0265625 0.109375
0 0.8015625 0.678125 0.040625 0.165625
0 0.7515625 0.61953125 0.028125 0.078125
0 0.91640625 0.65859375 0.05 0.0796875
0 0.90859375 0.66953125 0.0265625 0.08125
0 0.93671875 0.76796875 0.0359375 0.16875
0 0.9015625 0.77890625 0.0703125 0.2046875
0 0.82734375 0.89765625 0.0671875 0.2
0 0.778125 0.92421875 0.059375 0.1484375
0 0.771875 0.82421875 0.046875 0.153125
0 0.73125 0.86796875 0.0609375 0.23125
0 0.71796875 0.73046875 0.0359375 0.0859375
0 0.75390625 0.70390625 0.0421875 0.1
0 0.671875 0.778125 0.0515625 0.1859375
0 0.6640625 0.65234375 0.025 0.1171875
0 0.62109375 0.69375 0.0265625 0.121875
0 0.63125 0.7375 0.034375 0.1453125
0 0.62109375 0.828125 0.0328125 0.153125
0 0.58828125 0.78515625 0.0421875 0.1375
0 0.5984375 0.88984375 0.059375 0.1671875
0 0.60703125 0.93671875 0.0625 0.1234375
0 0.5546875 0.89921875 0.046875 0.1984375
0 0.50546875 0.92421875 0.05625 0.1484375
0 0.4640625 0.85546875 0.0515625 0.13125
0 0.45390625 0.940625 0.0703125 0.115625
0 0.321875 0.946875 0.053125 0.103125
0 0.2796875 0.953125 0.0484375 0.090625
0 0.23203125 0.97109375 0.053125 0.0546875
0 0.0875 0.75625 0.0390625 0.1296875
0 0.10859375 0.73984375 0.046875 0.109375
0 0.215625 0.70390625 0.0328125 0.140625
0 0.2109375 0.6625 0.0453125 0.1375
0 0.2359375 0.6125 0.021875 0.1296875
0 0.24609375 0.60546875 0.021875 0.10625
0 0.28359375 0.571875 0.0234375 0.0859375
0 0.29921875 0.56015625 0.0234375 0.090625
0 0.2984375 0.55078125 0.0203125 0.08125
0 0.359375 0.59765625 0.015625 0.0796875
0 0.37421875 0.590625 0.01875 0.078125
0 0.37890625 0.57265625 0.021875 0.0875
0 0.4046875 0.57109375 0.0234375 0.090625
0 0.45390625 0.57421875 0.0203125 0.0484375
0 0.47734375 0.54375 0.01875 0.078125
0 0.49375 0.54296875 0.015625 0.078125
0 0.5390625 0.55625 0.021875 0.0625
0 0.5609375 0.57265625 0.01875 0.090625
0 0.56796875 0.515625 0.0140625 0.065625
0 0.571875 0.51796875 0.0171875 0.078125
0 0.59296875 0.52578125 0.015625 0.078125
0 0.60859375 0.52109375 0.01875 0.0671875
0 0.58515625 0.49765625 0.015625 0.0625
0 0.58203125 0.67265625 0.0359375 0.1375
0 0.56953125 0.70390625 0.0359375 0.1453125
0 0.5484375 0.61015625 0.0265625 0.1
0 0.53125 0.63515625 0.028125 0.125
0 0.515625 0.621875 0.0203125 0.109375
0 0.4953125 0.61953125 0.0234375 0.103125
0 0.48984375 0.58515625 0.0140625 0.0421875
0 0.47265625 0.61640625 0.0203125 0.0625
0 0.45703125 0.63515625 0.0234375 0.0875
0 0.44140625 0.590625 0.0265625 0.065625
0 0.43046875 0.66171875 0.0203125 0.059375
0 0.41171875 0.69375 0.0296875 0.1296875
0 0.35859375 0.71015625 0.04375 0.1375
0 0.3140625 0.81875 0.04375 0.2046875
0 0.35390625 0.83046875 0.03125 0.1484375
0 0.4015625 0.81015625 0.0453125 0.2125
0 0.48125 0.66796875 0.03125 0.1484375
0 0.59921875 0.440625 0.090625 0.103125
0 0.3953125 0.49140625 0.10625 0.121875
0 0.521875 0.509375 0.05625 0.10625
0 0.490625 0.48828125 0.009375 0.053125
0 0.2953125 0.38671875 0.075 0.053125
0 0.390625 0.42109375 0.0171875 0.025
0 0.79609375 0.45859375 0.0125 0.0546875
0 0.68984375 0.44921875 0.0171875 0.053125
0 0.7109375 0.44609375 0.0140625 0.046875
0 0.646875 0.43125 0.009375 0.0421875
0 0.69296875 0.53984375 0.0125 0.0546875
0 0.9734375 0.878125 0.0515625 0.2390625
0 0.509375 0.56484375 0.009375 0.009375