0 0.43515625 0.4125 0.040625 0.2375
0 0.4515625 0.46484375 0.028125 0.2046875
0 0.4859375 0.64140625 0.0828125 0.3375
0 0.4796875 0.428125 0.05625 0.228125
0 0.49453125 0.34375 0.0359375 0.1046875
0 0.5390625 0.33203125 0.0609375 0.115625
0 0.5890625 0.38359375 0.0203125 0.1421875
0 0.61171875 0.43984375 0.059375 0.296875
0 0.62734375 0.53984375 0.0515625 0.2125
0 0.65 0.45 0.05625 0.3
0 0.68984375 0.46171875 0.0828125 0.3109375
0 0.7390625 0.45625 0.0421875 0.296875
0 0.76015625 0.41796875 0.0328125 0.190625
0 0.790625 0.40546875 0.046875 0.1984375
0 0.80546875 0.45390625 0.0546875 0.2296875
0 0.7875 0.58828125 0.1015625 0.15625
0 0.83203125 0.41171875 0.0234375 0.1859375
0 0.8546875 0.465625 0.059375 0.3859375
0 0.89765625 0.51484375 0.0890625 0.4421875
0 0.95625 0.5125 0.084375 0.3953125
0 0.2859375 0.58984375 0.146875 0.421875
0 0.0453125 0.690625 0.090625 0.615625
0 0.47265625 0.33671875 0.0234375 0.08125
0 0.59921875 0.33671875 0.025 0.053125
0 0.6375 0.32734375 0.0234375 0.034375
0 0.67421875 0.33125 0.01875 0.0546875
0 0.71796875 0.33359375 0.03125 0.046875
0 0.7625 0.33671875 0.03125 0.0609375
0 0.93671875 0.35703125 0.0171875 0.0609375
0 0.98125 0.32890625 0.0359375 0.1421875
0 0.96875 0.696875 0.0609375 0.603125