0 0.97734375 0.19296875 0.04375 0.140625
0 0.953125 0.190625 0.05625 0.1609375
0 0.7296875 0.39765625 0.140625 0.6296875
0 0.803125 0.21796875 0.0265625 0.1359375
0 0.68671875 0.33828125 0.0375 0.415625
0 0.56171875 0.51953125 0.184375 0.95625
0 0.4375 0.66875 0.55 0.309375
0 0.37109375 0.39296875 0.0515625 0.328125
0 0.3390625 0.36328125 0.0625 0.453125
0 0.27265625 0.340625 0.078125 0.453125
0 0.26484375 0.365625 0.0625 0.4609375
0 0.2203125 0.340625 0.1046875 0.465625
0 0.17421875 0.225 0.0484375 0.2
0 0.165625 0.14296875 0.03125 0.0984375
0 0.125 0.19140625 0.0671875 0.1421875
0 0.1375 0.20546875 0.040625 0.11875
0 0.09609375 0.16171875 0.040625 0.11875
0 0.071875 0.17109375 0.0375 0.0671875
0 0.075 0.403125 0.1125 0.465625
0 0.02265625 0.42421875 0.0453125 0.5234375
0 0.02109375 0.48046875 0.0421875 0.6796875
0 0.0703125 0.134375 0.0265625 0.0234375
0 0.4796875 0.03046875 0.0296875 0.0609375
0 0.40625 0.18828125 0.0375 0.06875
0 0.4796875 0.16796875 0.021875 0.0734375