0 0.65 0.77421875 0.0671875 0.2859375
0 0.56796875 0.76796875 0.059375 0.3109375
0 0.52578125 0.71484375 0.0234375 0.159375
0 0.51328125 0.71796875 0.0328125 0.15625
0 0.45859375 0.77578125 0.071875 0.3109375
0 0.42421875 0.76328125 0.071875 0.321875
0 0.375 0.70078125 0.0234375 0.1359375
0 0.3984375 0.690625 0.025 0.109375
0 0.2625 0.74453125 0.05625 0.24375
0 0.21484375 0.82265625 0.09375 0.35
0 0.184375 0.75078125 0.046875 0.253125
0 0.10234375 0.75078125 0.05625 0.19375
0 0.96484375 0.78046875 0.06875 0.434375
0 0.13671875 0.66875 0.034375 0.0875
0 0.03671875 0.67578125 0.0515625 0.115625
0 0.23203125 0.65 0.0734375 0.071875
0 0.6046875 0.69765625 0.0421875 0.121875
0 0.72734375 0.67421875 0.159375 0.09375
0 0.88828125 0.65859375 0.1 0.075
0 0.96796875 0.63515625 0.0203125 0.046875
0 0.4875 0.67734375 0.028125 0.075