0 0.2609375 0.51875 0.2390625 0.6640625
0 0.03203125 0.5640625 0.0640625 0.371875
0 0.12265625 0.55390625 0.040625 0.1484375
0 0.159375 0.51484375 0.03125 0.084375
0 0.203125 0.55078125 0.0375 0.153125
0 0.36328125 0.56015625 0.046875 0.1703125
0 0.37421875 0.48671875 0.0140625 0.0484375
0 0.39375 0.5625 0.034375 0.1453125
0 0.409375 0.559375 0.040625 0.16875
0 0.4546875 0.56015625 0.0734375 0.2515625
0 0.509375 0.5828125 0.0640625 0.1859375
0 0.56015625 0.55625 0.0703125 0.234375
0 0.66796875 0.54375 0.134375 0.384375
0 0.6625 0.6078125 0.0359375 0.09375
0 0.70546875 0.54921875 0.04375 0.1375
0 0.7375 0.575 0.0390625 0.1171875
0 0.80234375 0.5359375 0.0546875 0.2265625
0 0.84921875 0.540625 0.0546875 0.20625
0 0.89140625 0.53515625 0.059375 0.2203125
0 0.946875 0.53515625 0.084375 0.25625
0 0.97578125 0.528125 0.046875 0.2546875
0 0.94140625 0.51328125 0.0671875 0.2578125
0 0.0359375 0.58203125 0.0703125 0.1984375
0 0.775 0.565625 0.028125 0.0703125
0 0.91640625 0.56875 0.0296875 0.0953125
0 0.97265625 0.5578125 0.0234375 0.1125
0 0.859375 0.56484375 0.015625 0.0875
0 0.89140625 0.58359375 0.015625 0.075
0 0.3546875 0.790625 0.334375 0.0984375
0 0.70625 0.7046875 0.134375 0.0359375