0 0.80078125 0.42421875 0.115625 0.41875
0 0.934375 0.575 0.128125 0.7484375
0 0.7140625 0.4265625 0.04375 0.146875
0 0.63046875 0.5421875 0.2296875 0.9109375
0 0.26796875 0.51796875 0.228125 0.959375
0 0.17421875 0.5734375 0.2671875 0.8484375
0 0.04921875 0.4828125 0.075 0.353125
0 0.47734375 0.62578125 0.1125 0.31875
0 0.884375 0.40234375 0.09375 0.11875
0 0.759375 0.38984375 0.0265625 0.109375
0 0.41484375 0.40703125 0.1890625 0.215625
0 0.52890625 0.3453125 0.0265625 0.0234375
0 0.02421875 0.54921875 0.046875 0.578125
0 0.06953125 0.346875 0.04375 0.0890625