0 0.18046875 0.775 0.01875 0.0421875
0 0.40859375 0.78515625 0.059375 0.196875
0 0.98671875 0.825 0.0203125 0.084375
0 0.925 0.79609375 0.0140625 0.075
0 0.86015625 0.81484375 0.0171875 0.071875
0 0.87109375 0.80234375 0.015625 0.071875
0 0.8859375 0.80546875 0.015625 0.06875
0 0.84765625 0.821875 0.015625 0.0734375
0 0.840625 0.825 0.01875 0.075
0 0.8078125 0.82578125 0.01875 0.0734375
0 0.81015625 0.79375 0.0140625 0.0671875
0 0.78828125 0.81015625 0.0515625 0.3
0 0.7484375 0.821875 0.0484375 0.259375
0 0.71328125 0.784375 0.0203125 0.1015625
0 0.67890625 0.80546875 0.015625 0.065625
0 0.68125 0.81953125 0.01875 0.0734375
0 0.66484375 0.82265625 0.0203125 0.0625
0 0.65078125 0.81796875 0.0234375 0.065625
0 0.65234375 0.815625 0.015625 0.0734375
0 0.60078125 0.784375 0.015625 0.0359375
0 0.5140625 0.80234375 0.009375 0.0671875
0 0.50625 0.80078125 0.0140625 0.06875
0 0.55625 0.80546875 0.0171875 0.06875
0 0.97734375 0.77265625 0.0234375 0.046875
0 0.95234375 0.75078125 0.0109375 0.103125
0 0.91171875 0.775 0.0234375 0.059375
0 0.82890625 0.80234375 0.01875 0.075
0 0.621875 0.81015625 0.0359375 0.075
0 0.534375 0.8125 0.028125 0.071875