0 0.73359375 0.496875 0.2875 0.921875
0 0.50703125 0.646875 0.3 0.6484375
0 0.234375 0.578125 0.3484375 0.815625
0 0.12421875 0.4890625 0.121875 0.7171875
0 0.08125 0.41640625 0.1109375 0.5953125
0 0.30625 0.38984375 0.1484375 0.578125
0 0.55859375 0.3 0.0671875 0.26875
0 0.48671875 0.24453125 0.0796875 0.2234375
0 0.38515625 0.29375 0.090625 0.325
0 0.4625 0.2171875 0.053125 0.165625
0 0.43671875 0.21875 0.04375 0.159375
0 0.575 0.178125 0.1328125 0.078125
0 0.22421875 0.1640625 0.1203125 0.0828125
0 0.3421875 0.16328125 0.0421875 0.0578125
0 0.6625 0.15 0.0359375 0.0453125