0 0.01953125 0.43125 0.0390625 0.1546875
0 0.040625 0.34921875 0.0203125 0.053125
0 0.04765625 0.359375 0.0296875 0.06875
0 0.08359375 0.490625 0.1 0.303125
0 0.109375 0.38828125 0.053125 0.1484375
0 0.0625 0.31953125 0.0546875 0.146875
0 0.1203125 0.24921875 0.046875 0.146875
0 0.125 0.35 0.028125 0.078125
0 0.15 0.44453125 0.0375 0.290625
0 0.15703125 0.43828125 0.021875 0.28125
0 0.1703125 0.30625 0.01875 0.0375
0 0.196875 0.51953125 0.1015625 0.4859375
0 0.20625 0.28671875 0.028125 0.078125
0 0.23203125 0.55546875 0.028125 0.1359375
0 0.23984375 0.28203125 0.025 0.0734375
0 0.234375 0.45859375 0.0359375 0.2625
0 0.2734375 0.446875 0.0890625 0.35625
0 0.31015625 0.35546875 0.0484375 0.15625
0 0.32109375 0.28828125 0.025 0.046875
0 0.34765625 0.60078125 0.121875 0.5734375
0 0.3875 0.57578125 0.084375 0.465625
0 0.4421875 0.60859375 0.109375 0.415625
0 0.38828125 0.34140625 0.0453125 0.1546875
0 0.42109375 0.384375 0.03125 0.18125
0 0.44453125 0.38828125 0.065625 0.203125
0 0.4671875 0.353125 0.0359375 0.1265625
0 0.4734375 0.32109375 0.01875 0.059375
0 0.49609375 0.325 0.028125 0.0671875
0 0.4984375 0.33359375 0.0390625 0.121875
0 0.50859375 0.44375 0.065625 0.334375
0 0.5484375 0.39921875 0.0421875 0.1234375
0 0.6 0.49609375 0.05625 0.321875
0 0.62734375 0.47421875 0.065625 0.33125
0 0.56015625 0.59375 0.0890625 0.45
0 0.69609375 0.67109375 0.15 0.375
0 0.69453125 0.421875 0.075 0.33125
0 0.66484375 0.27734375 0.028125 0.05
0 0.7296875 0.334375 0.028125 0.0984375
0 0.67109375 0.33203125 0.01875 0.03125
0 0.66484375 0.44609375 0.0484375 0.2875
0 0.53359375 0.290625 0.0296875 0.053125
0 0.53671875 0.31640625 0.0265625 0.05
0 0.559375 0.32890625 0.04375 0.084375
0 0.56328125 0.328125 0.0375 0.0734375
0 0.58359375 0.3125 0.0328125 0.0625
0 0.6265625 0.325 0.0421875 0.084375
0 0.73671875 0.3875 0.0234375 0.178125
0 0.84609375 0.32578125 0.028125 0.046875
0 0.8828125 0.325 0.03125 0.0546875
0 0.1515625 0.77890625 0.3015625 0.434375
0 0.0109375 0.32109375 0.0203125 0.059375
0 0.0296875 0.31015625 0.01875 0.0296875
0 0.08359375 0.228125 0.0203125 0.0609375
0 0.1453125 0.29765625 0.025 0.025
0 0.21875 0.32265625 0.0296875 0.0703125
0 0.278125 0.31171875 0.028125 0.065625
0 0.3265625 0.31953125 0.046875 0.053125
0 0.34296875 0.27265625 0.01875 0.0421875
0 0.40703125 0.309375 0.034375 0.0734375
0 0.478125 0.33203125 0.0140625 0.0234375
0 0.4609375 0.29375 0.0078125 0.015625
0 0.4796875 0.29609375 0.0109375 0.0296875
0 0.63984375 0.32109375 0.03125 0.0875
0 0.71328125 0.29765625 0.028125 0.05
0 0.678125 0.28515625 0.015625 0.0421875
0 0.56484375 0.290625 0.0203125 0.01875
0 0.59765625 0.29609375 0.03125 0.059375
0 0.8046875 0.321875 0.0671875 0.0609375
0 0.86796875 0.31875 0.01875 0.05
0 0.90234375 0.325 0.01875 0.059375
0 0.99375 0.35859375 0.009375 0.1171875