0 0.8765625 0.69921875 0.246875 0.5984375
0 0.671875 0.81953125 0.1703125 0.359375
0 0.41171875 0.83671875 0.1171875 0.3234375
0 0.43515625 0.75625 0.1546875 0.484375
0 0.30703125 0.79921875 0.1296875 0.3984375
0 0.2671875 0.68515625 0.1640625 0.6265625
0 0.3671875 0.56484375 0.115625 0.371875
0 0.48359375 0.6609375 0.153125 0.675
0 0.2078125 0.63125 0.0828125 0.4984375
0 0.171875 0.684375 0.0890625 0.6296875
0 0.08125 0.7640625 0.11875 0.4703125
0 0.084375 0.6796875 0.1109375 0.6234375
0 0.0265625 0.72890625 0.053125 0.5390625
0 0.03125 0.40078125 0.0625 0.2296875
0 0.1234375 0.45 0.04375 0.0859375
0 0.965625 0.5265625 0.0671875 0.184375
0 0.984375 0.4578125 0.03125 0.14375
0 0.859375 0.56328125 0.1875 0.3953125
0 0.81875 0.590625 0.0984375 0.3328125
0 0.740625 0.521875 0.109375 0.29375
0 0.615625 0.6921875 0.1921875 0.6125
0 0.67890625 0.478125 0.084375 0.209375
0 0.5625 0.47734375 0.0609375 0.221875
0 0.5859375 0.33984375 0.0453125 0.1296875
0 0.5234375 0.41640625 0.05 0.1609375
0 0.45546875 0.3453125 0.03125 0.0984375
0 0.42109375 0.3421875 0.053125 0.165625
0 0.43125 0.5421875 0.0609375 0.259375
0 0.3140625 0.4671875 0.0546875 0.1515625
0 0.35625 0.3390625 0.0703125 0.178125
0 0.31875 0.33515625 0.046875 0.140625
0 0.2421875 0.328125 0.0390625 0.115625
0 0.26953125 0.3609375 0.0359375 0.0703125
0 0.11875 0.40859375 0.0421875 0.071875
0 0.0578125 0.36796875 0.0234375 0.0546875
0 0.04140625 0.3578125 0.0328125 0.078125
0 0.121875 0.353125 0.053125 0.109375
0 0.18515625 0.34453125 0.0328125 0.0890625
0 0.40234375 0.440625 0.0359375 0.146875
0 0.47421875 0.309375 0.0234375 0.040625
0 0.628125 0.3640625 0.046875 0.10625
0 0.67421875 0.36015625 0.0390625 0.0703125
0 0.71171875 0.3671875 0.0296875 0.065625
0 0.8078125 0.390625 0.05 0.103125
0 0.9171875 0.365625 0.05625 0.109375
0 0.984375 0.60390625 0.0296875 0.109375
0 0.290625 0.3921875 0.03125 0.0375
0 0.24375 0.38515625 0.0203125 0.040625
0 0.03359375 0.378125 0.0265625 0.0234375
0 0.15859375 0.36328125 0.03125 0.046875
0 0.20625 0.328125 0.0328125 0.0734375
0 0.51875 0.30625 0.034375 0.0953125
0 0.5546875 0.40546875 0.0171875 0.0671875
0 0.6296875 0.396875 0.0234375 0.0328125
0 0.759375 0.3640625 0.0484375 0.0859375
0 0.8796875 0.359375 0.0265625 0.028125
0 0.08125 0.3546875 0.01875 0.0296875