0 0.084375 0.540625 0.0546875 0.2390625
0 0.12734375 0.5390625 0.0734375 0.2515625
0 0.2296875 0.49609375 0.046875 0.140625
0 0.26484375 0.50546875 0.0328125 0.1328125
0 0.28828125 0.5 0.034375 0.1484375
0 0.3171875 0.4984375 0.0328125 0.1296875
0 0.30546875 0.45234375 0.009375 0.0125
0 0.3421875 0.49453125 0.0296875 0.1109375
0 0.35078125 0.490625 0.0125 0.096875
0 0.39921875 0.46015625 0.0109375 0.0421875
0 0.4265625 0.45859375 0.009375 0.040625
0 0.89921875 0.5984375 0.0796875 0.271875
0 0.83515625 0.61015625 0.0703125 0.284375
0 0.77421875 0.6640625 0.0953125 0.3859375
0 0.78671875 0.62265625 0.078125 0.315625
0 0.74921875 0.50546875 0.0328125 0.115625
0 0.6921875 0.68359375 0.10625 0.371875
0 0.61875 0.64765625 0.0671875 0.29375
0 0.7015625 0.51015625 0.05 0.1109375
0 0.6546875 0.521875 0.05 0.1390625
0 0.5890625 0.5796875 0.0515625 0.240625
0 0.6203125 0.4828125 0.0359375 0.0828125
0 0.53515625 0.56015625 0.040625 0.175
0 0.57109375 0.51796875 0.03125 0.1296875
0 0.56015625 0.50859375 0.0203125 0.13125
0 0.5125 0.52734375 0.0359375 0.1578125
0 0.5390625 0.4734375 0.028125 0.0609375
0 0.4875 0.503125 0.025 0.11875
0 0.4734375 0.49375 0.0203125 0.090625
0 0.4671875 0.4875 0.0171875 0.0828125
0 0.49921875 0.521875 0.025 0.128125
0 0.3265625 0.45234375 0.015625 0.0203125
0 0.32734375 0.51484375 0.0125 0.0453125
0 0.44296875 0.459375 0.009375 0.040625
0 0.58671875 0.465625 0.0125 0.0328125
0 0.52421875 0.4578125 0.06875 0.03125
0 0.57109375 0.45390625 0.0125 0.0265625