0 0.80625 0.54453125 0.1296875 0.5765625
0 0.77421875 0.4046875 0.0390625 0.0703125
0 0.5234375 0.55234375 0.1609375 0.4609375
0 0.5140625 0.55078125 0.175 0.4578125
0 0.315625 0.6890625 0.3203125 0.6203125
0 0.15 0.5953125 0.1203125 0.4359375
0 0.1515625 0.5875 0.115625 0.4359375
0 0.18984375 0.55703125 0.0921875 0.503125
0 0.4203125 0.47734375 0.0859375 0.2703125
0 0.0515625 0.42578125 0.0984375 0.2078125
0 0.30859375 0.43203125 0.1078125 0.221875
0 0.528125 0.43671875 0.0765625 0.128125
0 0.9515625 0.38515625 0.0296875 0.0484375