0 0.67265625 0.55390625 0.05625 0.3
0 0.528125 0.57265625 0.0984375 0.3671875
0 0.43515625 0.44921875 0.025 0.06875
0 0.36953125 0.55703125 0.0984375 0.4359375
0 0.33046875 0.575 0.125 0.425
0 0.02890625 0.55859375 0.0578125 0.4125
0 0.1734375 0.48046875 0.034375 0.15625
0 0.85546875 0.46328125 0.028125 0.121875
0 0.8265625 0.44453125 0.0234375 0.1109375
0 0.1984375 0.41484375 0.01875 0.034375
0 0.2890625 0.4125 0.015625 0.021875
0 0.5390625 0.41875 0.0140625 0.034375
0 0.79765625 0.40078125 0.0203125 0.0234375
0 0.82265625 0.40078125 0.0078125 0.0234375