0 0.0703125 0.66015625 0.128125 0.5
0 0.1453125 0.60546875 0.0890625 0.396875
0 0.03515625 0.453125 0.028125 0.0609375
0 0.11484375 0.4453125 0.0328125 0.0734375
0 0.15390625 0.4453125 0.0578125 0.0734375
0 0.20390625 0.65859375 0.1234375 0.48125
0 0.3140625 0.65703125 0.1484375 0.5234375
0 0.2546875 0.60625 0.0734375 0.4421875
0 0.3765625 0.6078125 0.0875 0.434375
0 0.44609375 0.68828125 0.1609375 0.5234375
0 0.45546875 0.465625 0.0828125 0.1375
0 0.49375 0.47734375 0.05625 0.1828125
0 0.5546875 0.60625 0.096875 0.428125
0 0.51875 0.4625 0.0328125 0.1015625
0 0.53125 0.4390625 0.025 0.0515625
0 0.39453125 0.434375 0.0265625 0.05
0 0.41796875 0.44921875 0.034375 0.0890625
0 0.57578125 0.41640625 0.0421875 0.0984375
0 0.6703125 0.62734375 0.075 0.4515625
0 0.66328125 0.43984375 0.0359375 0.1015625
0 0.6796875 0.478125 0.025 0.1328125
0 0.69921875 0.4796875 0.03125 0.1453125
0 0.73984375 0.64609375 0.0953125 0.521875
0 0.83125 0.60859375 0.1203125 0.4953125
0 0.93828125 0.66640625 0.121875 0.546875
0 0.93203125 0.6125 0.0890625 0.475
0 0.78984375 0.4484375 0.0421875 0.090625
0 0.90859375 0.43359375 0.028125 0.0609375
0 0.990625 0.459375 0.0171875 0.1859375
0 0.625 0.65703125 0.1359375 0.5265625
0 0.17734375 0.4453125 0.0375 0.090625
0 0.34453125 0.44375 0.028125 0.0640625
0 0.44375 0.41484375 0.034375 0.0359375
0 0.59765625 0.4328125 0.0234375 0.0625
0 0.68515625 0.41328125 0.028125 0.0421875
0 0.71484375 0.44140625 0.0234375 0.065625
0 0.77734375 0.43125 0.0296875 0.06875
0 0.37421875 0.39453125 0.034375 0.040625