0 0.1328125 0.5421875 0.1421875 0.7109375
0 0.09765625 0.48828125 0.059375 0.534375
0 0.19140625 0.465625 0.0609375 0.4546875
0 0.29765625 0.46484375 0.0765625 0.3640625
0 0.35546875 0.45234375 0.05 0.346875
0 0.396875 0.46484375 0.0703125 0.4640625
0 0.4734375 0.4859375 0.1171875 0.5578125
0 0.59765625 0.44453125 0.103125 0.4703125
0 0.6921875 0.48203125 0.140625 0.6015625
0 0.83671875 0.47890625 0.10625 0.459375
0 0.7828125 0.5265625 0.084375 0.1234375
0 0.4125 0.90234375 0.4390625 0.1375
0 0.33515625 0.72890625 0.3015625 0.103125