0 0.85 0.409375 0.0671875 0.24375
0 0.83671875 0.35 0.0359375 0.146875
0 0.7640625 0.459375 0.059375 0.3484375
0 0.71328125 0.43984375 0.0765625 0.4
0 0.6796875 0.39609375 0.03125 0.221875
0 0.64375 0.39375 0.0421875 0.2
0 0.59375 0.36796875 0.0265625 0.128125
0 0.60703125 0.36640625 0.0203125 0.109375
0 0.55 0.371875 0.046875 0.19375
0 0.5671875 0.36171875 0.0234375 0.140625
0 0.51328125 0.371875 0.0375 0.190625
0 0.4703125 0.39765625 0.0484375 0.2375
0 0.48671875 0.35390625 0.01875 0.1125
0 0.4421875 0.36171875 0.0328125 0.1734375
0 0.4234375 0.33125 0.015625 0.078125
0 0.32890625 0.38203125 0.053125 0.1359375
0 0.328125 0.38203125 0.0578125 0.1359375
0 0.18984375 0.28515625 0.0140625 0.0296875
0 0.2046875 0.28828125 0.0140625 0.028125
0 0.9796875 0.69921875 0.0375 0.5984375
0 0.52578125 0.29140625 0.0375 0.05
0 0.53203125 0.40625 0.0140625 0.1125
0 0.4578125 0.31640625 0.01875 0.059375
0 0.43125 0.334375 0.0109375 0.090625
0 0.153125 0.278125 0.0015625 0.003125
0 0.16875 0.275 0.021875 0.0671875
0 0.3703125 0.33828125 0.015625 0.0640625
0 0.58203125 0.3375 0.0125 0.0875