0 0.20078125 0.83984375 0.0984375 0.265625
0 0.2984375 0.8171875 0.0890625 0.2203125
0 0.328125 0.80546875 0.0546875 0.209375
0 0.3828125 0.81875 0.0609375 0.153125
0 0.44375 0.803125 0.0921875 0.1875
0 0.38515625 0.73046875 0.0578125 0.1265625
0 0.40390625 0.72109375 0.025 0.0984375
0 0.2078125 0.69140625 0.0171875 0.0546875
0 0.2296875 0.690625 0.0109375 0.0375
0 0.6109375 0.809375 0.0359375 0.08125
0 0.6546875 0.79609375 0.0484375 0.0765625
0 0.68046875 0.78828125 0.0265625 0.059375
0 0.6984375 0.79140625 0.0390625 0.05625
0 0.64140625 0.60234375 0.0109375 0.034375
0 0.23203125 0.6859375 0.04375 0.0734375
0 0.6984375 0.78671875 0.0265625 0.0546875
0 0.10625 0.76796875 0.0203125 0.0390625
0 0.1734375 0.7703125 0.0171875 0.0359375