0 0.3078125 0.68125 0.0546875 0.1671875
0 0.30625 0.68046875 0.025 0.1359375
0 0.35625 0.7 0.04375 0.159375
0 0.33984375 0.61875 0.025 0.05
0 0.34140625 0.69296875 0.0421875 0.15625
0 0.39296875 0.6375 0.03125 0.1171875
0 0.3765625 0.61796875 0.0203125 0.11875
0 0.41796875 0.62265625 0.021875 0.1171875
0 0.43359375 0.615625 0.0234375 0.10625
0 0.45 0.68828125 0.0328125 0.16875
0 0.46953125 0.725 0.0375 0.1921875
0 0.478125 0.61875 0.028125 0.1
0 0.4890625 0.63359375 0.0203125 0.140625
0 0.56328125 0.63203125 0.0265625 0.128125
0 0.66640625 0.65 0.0421875 0.15
0 0.68203125 0.67421875 0.0203125 0.090625
0 0.67890625 0.60625 0.025 0.078125
0 0.7921875 0.634375 0.0328125 0.15625
0 0.81484375 0.64375 0.03125 0.15
0 0.83828125 0.62578125 0.0390625 0.16875
0 0.8703125 0.634375 0.0390625 0.153125
0 0.571875 0.57265625 0.0140625 0.028125
0 0.503125 0.60390625 0.0203125 0.1