0 0.13984375 0.25234375 0.0546875 0.1734375
0 0.2421875 0.24921875 0.0421875 0.171875
0 0.27890625 0.246875 0.04375 0.18125
0 0.26171875 0.2484375 0.0375 0.175
0 0.31640625 0.24453125 0.0625 0.1875
0 0.36640625 0.23828125 0.05 0.178125
0 0.5390625 0.24140625 0.04375 0.1921875
0 0.60859375 0.25546875 0.046875 0.165625
0 0.6796875 0.2484375 0.053125 0.1796875
0 0.68671875 0.240625 0.0625 0.1875
0 0.74375 0.2078125 0.015625 0.028125
0 0.9203125 0.2515625 0.059375 0.171875
0 0.9125 0.24921875 0.040625 0.171875
0 0.98359375 0.25390625 0.0109375 0.015625
0 0.109375 0.23671875 0.0203125 0.0421875
0 0.58359375 0.59453125 0.1515625 0.0703125