0 0.06875 0.653125 0.134375 0.4921875
0 0.13984375 0.6953125 0.134375 0.534375
0 0.06171875 0.41015625 0.1203125 0.159375
0 0.309375 0.3984375 0.140625 0.215625
0 0.27890625 0.7046875 0.2046875 0.4640625
0 0.36328125 0.6140625 0.103125 0.3765625
0 0.49765625 0.62109375 0.225 0.6125
0 0.5578125 0.44140625 0.084375 0.121875
0 0.73046875 0.58203125 0.2453125 0.53125
0 0.71484375 0.453125 0.0734375 0.1609375
0 0.32890625 0.87421875 0.1421875 0.1984375
0 0.64609375 0.85625 0.3265625 0.2734375
0 0.86484375 0.83515625 0.265625 0.309375
0 0.81015625 0.57265625 0.1734375 0.3984375
0 0.91875 0.51875 0.140625 0.3359375
0 0.9453125 0.5875 0.103125 0.3
0 0.13828125 0.34453125 0.271875 0.28125
0 0.20390625 0.59140625 0.096875 0.2078125
0 0.1734375 0.87890625 0.025 0.1296875
0 0.30703125 0.4484375 0.0625 0.115625
0 0.41171875 0.49453125 0.0703125 0.159375
0 0.6125 0.33125 0.075 0.1625
0 0.63125 0.49375 0.0828125 0.1578125
0 0.52421875 0.4625 0.0171875 0.059375
0 0.74609375 0.38515625 0.0375 0.0484375
0 0.42890625 0.94140625 0.6484375 0.1015625
0 0.8484375 0.42734375 0.0984375 0.215625
0 0.91796875 0.5046875 0.028125 0.0921875
0 0.98359375 0.44609375 0.025 0.0625
0 0.93046875 0.328125 0.0609375 0.0875
0 0.0375 0.9203125 0.0734375 0.1546875
0 0.409375 0.840625 0.0703125 0.084375
0 0.97421875 0.396875 0.0421875 0.034375
0 0.90859375 0.89375 0.0671875 0.1859375
0 0.89765625 0.68046875 0.0203125 0.084375