0 0.26015625 0.49921875 0.2921875 0.9984375
0 0.46796875 0.5609375 0.21875 0.8375
0 0.446875 0.45 0.0828125 0.49375
0 0.5734375 0.4609375 0.0765625 0.465625
0 0.6296875 0.5984375 0.075 0.4125
0 0.684375 0.49296875 0.1140625 0.6984375
0 0.7140625 0.5203125 0.1640625 0.7375
0 0.79921875 0.5296875 0.2109375 0.8765625
0 0.9046875 0.53046875 0.0765625 0.6015625
0 0.91875 0.52109375 0.140625 0.5625
0 0.97578125 0.5125 0.046875 0.4828125
0 0.9875 0.4171875 0.0234375 0.2109375
0 0.10859375 0.8875 0.0703125 0.2234375