0 0.03359375 0.49765625 0.0671875 0.459375
0 0.18828125 0.48359375 0.0578125 0.221875
0 0.3078125 0.51328125 0.178125 0.63125
0 0.34765625 0.45390625 0.0375 0.396875
0 0.4 0.48671875 0.0828125 0.48125
0 0.46484375 0.53359375 0.1109375 0.509375
0 0.51875 0.47734375 0.0421875 0.2921875
0 0.5796875 0.50546875 0.090625 0.5109375
0 0.65390625 0.49453125 0.1265625 0.403125
0 0.66640625 0.50078125 0.0515625 0.38125
0 0.95390625 0.50703125 0.0890625 0.328125
0 0.00546875 0.23671875 0.0109375 0.06875
0 0.22734375 0.65859375 0.0421875 0.246875
0 0.30078125 0.69296875 0.0921875 0.1984375
0 0.37265625 0.30078125 0.028125 0.0609375
0 0.4140625 0.65078125 0.0375 0.0859375
0 0.803125 0.47578125 0.0703125 0.2609375
0 0.00546875 0.53125 0.0109375 0.1875
0 0.3171875 0.27890625 0.0203125 0.0328125