0 0.04609375 0.75234375 0.0484375 0.10625
0 0.07265625 0.74765625 0.0453125 0.115625
0 0.15625 0.7703125 0.0984375 0.1703125
0 0.2375 0.77421875 0.0890625 0.178125
0 0.328125 0.76875 0.10625 0.1875
0 0.3234375 0.7953125 0.0953125 0.190625
0 0.24921875 0.79609375 0.109375 0.19375
0 0.39765625 0.7484375 0.0546875 0.109375
0 0.46171875 0.7265625 0.0484375 0.0765625
0 0.43515625 0.78125 0.0859375 0.1703125
0 0.5859375 0.7765625 0.0875 0.1796875
0 0.63203125 0.76953125 0.078125 0.184375
0 0.521875 0.7328125 0.0390625 0.0546875
0 0.54140625 0.7125 0.0265625 0.0203125
0 0.48984375 0.73125 0.0390625 0.0578125
0 0.63203125 0.69609375 0.015625 0.0171875
0 0.63203125 0.79609375 0.05 0.06875
0 0.490625 0.6453125 0.0828125 0.0203125
0 0.41796875 0.7125 0.025 0.021875
0 0.540625 0.71328125 0.0640625 0.021875