0 0.02890625 0.6078125 0.0578125 0.309375
0 0.06796875 0.61171875 0.1015625 0.3296875
0 0.1015625 0.5890625 0.0484375 0.3046875
0 0.11875 0.65078125 0.025 0.0984375
0 0.1453125 0.65234375 0.0796875 0.1265625
0 0.14140625 0.5984375 0.034375 0.075
0 0.1375 0.57109375 0.021875 0.05
0 0.1328125 0.53359375 0.0203125 0.03125
0 0.1328125 0.50703125 0.0140625 0.0421875
0 0.121875 0.4921875 0.009375 0.01875
0 0.1453125 0.5046875 0.0140625 0.0421875
0 0.15390625 0.51171875 0.0234375 0.0609375
0 0.16640625 0.5140625 0.0203125 0.071875
0 0.215625 0.64921875 0.140625 0.4703125
0 0.3015625 0.625 0.075 0.3109375
0 0.2828125 0.525 0.028125 0.0890625
0 0.27890625 0.49765625 0.00625 0.015625
0 0.27109375 0.50078125 0.00625 0.0234375
0 0.31796875 0.6140625 0.0359375 0.240625
0 0.37890625 0.66796875 0.115625 0.4046875
0 0.36953125 0.49765625 0.05625 0.1
0 0.40234375 0.50078125 0.028125 0.06875
0 0.41171875 0.51953125 0.04375 0.125
0 0.4515625 0.55234375 0.0375 0.1625
0 0.465625 0.53203125 0.0203125 0.1125
0 0.47578125 0.5296875 0.015625 0.0859375
0 0.49140625 0.57109375 0.05625 0.1796875
0 0.48359375 0.55078125 0.0265625 0.1046875
0 0.49609375 0.6125 0.0625 0.23125
0 0.54375 0.63828125 0.090625 0.440625
0 0.6203125 0.68203125 0.1203125 0.56875
0 0.659375 0.66484375 0.0828125 0.440625
0 0.58828125 0.6078125 0.0671875 0.29375
0 0.709375 0.6390625 0.0953125 0.428125
0 0.678125 0.4921875 0.0171875 0.034375
0 0.77265625 0.59609375 0.059375 0.30625
0 0.76796875 0.59140625 0.040625 0.2078125
0 0.83984375 0.6625 0.125 0.50625
0 0.8859375 0.58671875 0.0703125 0.34375
0 0.96640625 0.7390625 0.0484375 0.0703125
0 0.92421875 0.60859375 0.053125 0.2171875
0 0.90625 0.48671875 0.0296875 0.0390625
0 0.95859375 0.53046875 0.04375 0.1671875
0 0.97578125 0.525 0.0484375 0.1625
0 0.43359375 0.53671875 0.015625 0.090625
0 0.00859375 0.48671875 0.0171875 0.025
0 0.05234375 0.48515625 0.0109375 0.0390625
0 0.125 0.4828125 0.0078125 0.0109375
0 0.1390625 0.4859375 0.009375 0.0109375
0 0.1875 0.48828125 0.0296875 0.0203125
0 0.13828125 0.85546875 0.1875 0.0796875
0 0.2640625 0.48671875 0.0125 0.01875
0 0.3421875 0.49765625 0.0375 0.025
0 0.43203125 0.49453125 0.0234375 0.01875
0 0.48515625 0.9328125 0.184375 0.065625
0 0.79609375 0.47890625 0.0203125 0.0171875
0 0.74609375 0.4875 0.0375 0.0296875
0 0.6953125 0.47734375 0.0140625 0.028125
0 0.9890625 0.5578125 0.021875 0.0984375
0 0.93359375 0.48203125 0.03125 0.0375
0 0.978125 0.47265625 0.015625 0.0375
0 0.5890625 0.475 0.0234375 0.028125