0 0.2953125 0.63671875 0.0171875 0.0984375
0 0.30546875 0.65234375 0.0203125 0.0921875
0 0.31953125 0.63984375 0.0203125 0.096875
0 0.35078125 0.64609375 0.021875 0.121875
0 0.36640625 0.64609375 0.0234375 0.121875
0 0.38671875 0.64453125 0.025 0.115625
0 0.4171875 0.64765625 0.028125 0.121875
0 0.4453125 0.67109375 0.0328125 0.1796875
0 0.47421875 0.72734375 0.065625 0.2546875
0 0.4953125 0.621875 0.028125 0.078125
0 0.50703125 0.63046875 0.015625 0.0859375
0 0.534375 0.790625 0.1078125 0.415625
0 0.60234375 0.734375 0.065625 0.2984375
0 0.63125 0.65390625 0.034375 0.153125
0 0.66640625 0.73125 0.0640625 0.2921875
0 0.6453125 0.64375 0.025 0.153125
0 0.67890625 0.60859375 0.0234375 0.0703125
0 0.69765625 0.64375 0.0328125 0.1453125
0 0.71171875 0.64140625 0.0234375 0.1328125
0 0.715625 0.64140625 0.01875 0.1328125
0 0.7296875 0.653125 0.025 0.18125
0 0.74375 0.67890625 0.0421875 0.1953125
0 0.77734375 0.62265625 0.01875 0.1171875
0 0.765625 0.62578125 0.01875 0.109375
0 0.80546875 0.63515625 0.0265625 0.134375
0 0.83359375 0.67890625 0.0625 0.2375
0 0.84375 0.596875 0.0265625 0.0734375
0 0.93125 0.58046875 0.0203125 0.065625
0 0.9421875 0.74140625 0.075 0.4
0 0.98203125 0.74921875 0.0328125 0.36875
0 0.6 0.60625 0.046875 0.1296875
0 0.03125 0.68984375 0.0140625 0.071875
0 0.2640625 0.65078125 0.0140625 0.103125
0 0.4 0.63984375 0.0171875 0.1
0 0.565625 0.65078125 0.04375 0.1484375
0 0.75390625 0.596875 0.015625 0.046875
0 0.78671875 0.62421875 0.0203125 0.1015625
0 0.890625 0.615625 0.0671875 0.10625
0 0.975 0.58515625 0.028125 0.0703125
0 0.146875 0.634375 0.0078125 0.0734375
0 0.68984375 0.57578125 0.009375 0.015625