0 0.95234375 0.70703125 0.071875 0.38125
0 0.9515625 0.69296875 0.071875 0.403125
0 0.89296875 0.58203125 0.103125 0.23125
0 0.83046875 0.73125 0.146875 0.534375
0 0.7578125 0.51015625 0.0328125 0.028125
0 0.73671875 0.58203125 0.084375 0.1609375
0 0.696875 0.55625 0.0296875 0.1125
0 0.5765625 0.57890625 0.04375 0.1375
0 0.53671875 0.55625 0.040625 0.1
0 0.49609375 0.67421875 0.1203125 0.3984375
0 0.4421875 0.54375 0.0375 0.1
0 0.3953125 0.68984375 0.0984375 0.4
0 0.4234375 0.60625 0.0421875 0.184375
0 0.33203125 0.64921875 0.1546875 0.51875
0 0.30078125 0.665625 0.1828125 0.4859375
0 0.34296875 0.503125 0.0578125 0.0734375