0 0.37890625 0.71640625 0.09375 0.2125
0 0.30390625 0.725 0.096875 0.1890625
0 0.4890625 0.68125 0.0515625 0.11875
0 0.52578125 0.6796875 0.0515625 0.1125
0 0.59609375 0.6796875 0.0578125 0.1078125
0 0.634375 0.65703125 0.0265625 0.065625
0 0.66484375 0.65546875 0.0296875 0.0671875
0 0.7078125 0.66328125 0.0515625 0.109375
0 0.76015625 0.68515625 0.0875 0.1875
0 0.61171875 0.64140625 0.0125 0.0109375
0 0.46796875 0.65625 0.0125 0.04375
0 0.46171875 0.65 0.0109375 0.01875
0 0.4859375 0.67265625 0.04375 0.096875
0 0.54453125 0.6578125 0.01875 0.034375
0 0.79296875 0.63515625 0.025 0.0421875
0 0.928125 0.69140625 0.0484375 0.140625