0 0.06015625 0.56796875 0.1203125 0.578125
0 0.078125 0.69140625 0.15 0.175
0 0.109375 0.50859375 0.109375 0.4359375
0 0.1578125 0.40234375 0.05625 0.259375
0 0.20703125 0.55703125 0.1109375 0.5421875
0 0.221875 0.46640625 0.059375 0.296875
0 0.30546875 0.503125 0.1390625 0.528125
0 0.35390625 0.4953125 0.0921875 0.471875
0 0.39375 0.4796875 0.071875 0.36875
0 0.4078125 0.4015625 0.059375 0.2703125
0 0.43046875 0.378125 0.0359375 0.20625
0 0.52421875 0.5671875 0.2328125 0.59375
0 0.47109375 0.50546875 0.1046875 0.51875
0 0.55625 0.4734375 0.071875 0.3921875
0 0.5640625 0.35546875 0.0375 0.134375
0 0.62578125 0.484375 0.1046875 0.4453125
0 0.79140625 0.43984375 0.1078125 0.3296875
0 0.9734375 0.30546875 0.046875 0.10625
0 0.9421875 0.459375 0.1 0.396875
0 0.71875 0.284375 0.015625 0.0453125
0 0.66015625 0.29453125 0.0203125 0.05625