0 0.4265625 0.7515625 0.0828125 0.49375
0 0.49296875 0.7875 0.0625 0.24375
0 0.52421875 0.6953125 0.0609375 0.38125
0 0.58125 0.73984375 0.0953125 0.5171875
0 0.703125 0.7203125 0.0703125 0.2734375
0 0.72109375 0.71796875 0.0734375 0.2609375
0 0.80390625 0.71953125 0.1171875 0.5578125
0 0.875 0.73046875 0.0859375 0.475
0 0.89453125 0.80078125 0.1171875 0.359375
0 0.9390625 0.8015625 0.0546875 0.1828125
0 0.95390625 0.8421875 0.090625 0.3125
0 0.91875 0.55390625 0.04375 0.1640625
0 0.98046875 0.5625 0.0265625 0.11875
0 0.47734375 0.6046875 0.028125 0.1765625
0 0.46484375 0.63515625 0.01875 0.1265625
0 0.3 0.6203125 0.0296875 0.2125
0 0.340625 0.60390625 0.021875 0.2109375
0 0.228125 0.62578125 0.03125 0.1796875
0 0.20625 0.58046875 0.04375 0.1
0 0.0671875 0.60859375 0.021875 0.1640625
0 0.0421875 0.61328125 0.034375 0.1953125
0 0.053125 0.79375 0.0671875 0.20625
0 0.0890625 0.7828125 0.0390625 0.15625
0 0.015625 0.75390625 0.021875 0.0796875
0 0.93984375 0.55234375 0.11875 0.184375
0 0.846875 0.53203125 0.0359375 0.1046875
0 0.696875 0.61640625 0.14375 0.28125
0 0.50546875 0.54921875 0.11875 0.1296875
0 0.3359375 0.59375 0.115625 0.2265625
0 0.04609375 0.80625 0.0921875 0.18125
0 0.0921875 0.5671875 0.184375 0.159375
0 0.2171875 0.51015625 0.06875 0.05625
0 0.6078125 0.55078125 0.0328125 0.1171875