0 0.19375 0.79765625 0.11875 0.4
0 0.14921875 0.72578125 0.084375 0.3640625
0 0.18828125 0.56796875 0.0609375 0.16875
0 0.19453125 0.57421875 0.09375 0.2734375
0 0.28515625 0.71484375 0.1015625 0.5671875
0 0.25390625 0.571875 0.04375 0.25625
0 0.35703125 0.65703125 0.0671875 0.3859375
0 0.40859375 0.64375 0.0765625 0.45
0 0.46484375 0.68828125 0.109375 0.4859375
0 0.50390625 0.65 0.0578125 0.4046875
0 0.603125 0.54140625 0.0390625 0.2546875
0 0.64921875 0.678125 0.103125 0.503125
0 0.77265625 0.74140625 0.1265625 0.5125
0 0.68046875 0.44140625 0.046875 0.146875
0 0.69375 0.56484375 0.0359375 0.234375
0 0.7140625 0.49453125 0.04375 0.1484375
0 0.82109375 0.43515625 0.0328125 0.1171875
0 0.79375 0.51171875 0.0484375 0.14375
0 0.83359375 0.48671875 0.0421875 0.11875
0 0.93359375 0.70078125 0.1015625 0.5109375
0 0.07265625 0.5 0.14375 0.996875
0 0.2234375 0.48203125 0.05625 0.0859375
0 0.3453125 0.45546875 0.1140625 0.128125
0 0.3859375 0.71640625 0.0203125 0.1796875
0 0.44296875 0.42578125 0.0671875 0.153125
0 0.57109375 0.54453125 0.1140625 0.68125
0 0.49453125 0.38125 0.0390625 0.1296875
0 0.67734375 0.35078125 0.1046875 0.140625
0 0.76484375 0.403125 0.0703125 0.16875
0 0.821875 0.353125 0.04375 0.05625