0 0.075 0.16171875 0.0890625 0.1953125
0 0.0890625 0.1390625 0.0390625 0.0453125
0 0.12578125 0.2015625 0.10625 0.1890625
0 0.13515625 0.23203125 0.1078125 0.15
0 0.17734375 0.21484375 0.1109375 0.18125
0 0.26484375 0.20078125 0.128125 0.2078125
0 0.3015625 0.1546875 0.0875 0.1140625
0 0.32890625 0.1953125 0.1015625 0.2328125
0 0.37578125 0.184375 0.05625 0.1734375
0 0.43828125 0.15703125 0.065625 0.1015625
0 0.48046875 0.13515625 0.096875 0.1140625
0 0.44453125 0.1578125 0.065625 0.1265625
0 0.61875 0.484375 0.5171875 0.896875
0 0.4984375 0.75234375 0.4359375 0.4953125
0 0.221875 0.20546875 0.034375 0.05625