0 0.09453125 0.6578125 0.1859375 0.6796875
0 0.17734375 0.6140625 0.0921875 0.490625
0 0.18828125 0.47734375 0.075 0.321875
0 0.16171875 0.53984375 0.115625 0.5
0 0.28203125 0.65234375 0.153125 0.5921875
0 0.36328125 0.640625 0.1328125 0.54375
0 0.45546875 0.5875 0.1109375 0.49375
0 0.27578125 0.4015625 0.040625 0.0734375
0 0.48828125 0.49609375 0.090625 0.3640625
0 0.5578125 0.56640625 0.10625 0.4359375
0 0.63125 0.57734375 0.0890625 0.3953125
0 0.7015625 0.5578125 0.075 0.3875
0 0.78671875 0.5984375 0.1328125 0.4421875
0 0.88515625 0.50078125 0.078125 0.2859375
0 0.95859375 0.50390625 0.0640625 0.303125
0 0.9875 0.440625 0.0234375 0.2
0 0.9234375 0.46796875 0.0375 0.246875
0 0.875 0.42109375 0.0484375 0.1453125
0 0.85234375 0.4296875 0.0359375 0.1578125
0 0.796875 0.390625 0.1078125 0.1296875
0 0.74921875 0.36171875 0.03125 0.084375
0 0.72734375 0.4359375 0.05 0.1828125
0 0.66171875 0.47890625 0.0609375 0.2828125
0 0.596875 0.446875 0.046875 0.2234375
0 0.54765625 0.35625 0.0578125 0.1171875
0 0.9359375 0.49140625 0.05 0.24375
0 0.2234375 0.08515625 0.084375 0.1703125
0 0.0109375 0.45546875 0.021875 0.1640625
0 0.371875 0.375 0.078125 0.0578125
0 0.41953125 0.33125 0.078125 0.034375
0 0.97890625 0.38671875 0.0234375 0.0734375
0 0.82578125 0.35546875 0.0515625 0.05625
0 0.8765625 0.353125 0.0375 0.0515625
0 0.7265625 0.340625 0.0234375 0.034375
0 0.68203125 0.340625 0.015625 0.03125
0 0.63671875 0.3703125 0.025 0.0390625
0 0.490625 0.33125 0.040625 0.084375
0 0.99609375 0.58984375 0.00625 0.075