0 0.2265625 0.48203125 0.453125 0.6703125
0 0.20390625 0.63671875 0.3359375 0.725
0 0.03515625 0.38203125 0.0703125 0.1234375
0 0.28515625 0.778125 0.153125 0.4375
0 0.28984375 0.540625 0.06875 0.34375
0 0.33671875 0.54609375 0.065625 0.303125
0 0.275 0.3875 0.0296875 0.0734375
0 0.41953125 0.83828125 0.153125 0.321875
0 0.6421875 0.6484375 0.3390625 0.7
0 0.9453125 0.74140625 0.10625 0.5140625
0 0.42734375 0.40703125 0.0359375 0.1015625
0 0.428125 0.5078125 0.0625 0.259375
0 0.453125 0.3765625 0.0296875 0.075
0 0.46875 0.50859375 0.0796875 0.2875
0 0.51953125 0.5015625 0.040625 0.271875
0 0.55234375 0.4859375 0.0515625 0.3125
0 0.72578125 0.47265625 0.075 0.2625
0 0.740625 0.36640625 0.025 0.053125
0 0.77578125 0.48515625 0.071875 0.3046875
0 0.8078125 0.49140625 0.0359375 0.2640625
0 0.83515625 0.4953125 0.046875 0.2484375
0 0.878125 0.49921875 0.059375 0.2609375
0 0.90625 0.490625 0.04375 0.259375
0 0.9390625 0.4640625 0.0546875 0.284375
0 0.90703125 0.378125 0.0484375 0.1265625
0 0.9796875 0.41640625 0.0390625 0.16875
0 0.75859375 0.49765625 0.040625 0.2609375
0 0.31328125 0.39140625 0.034375 0.0578125
0 0.9921875 0.390625 0.0140625 0.0625
0 0.503125 0.3828125 0.090625 0.0625
0 0.4453125 0.3890625 0.028125 0.059375
0 0.4984375 0.5953125 0.109375 0.09375
0 0.57265625 0.5140625 0.046875 0.2390625
0 0.70703125 0.3765625 0.090625 0.06875
0 0.74765625 0.56015625 0.0296875 0.11875
0 0.840625 0.3578125 0.0609375 0.125
0 0.85078125 0.57265625 0.0171875 0.078125
0 0.91328125 0.3734375 0.028125 0.0515625
0 0.9125 0.58125 0.04375 0.0859375
0 0.95859375 0.37734375 0.0390625 0.059375