0 0.23828125 0.6984375 0.1078125 0.39375
0 0.2859375 0.69140625 0.078125 0.384375
0 0.3390625 0.6890625 0.0859375 0.384375
0 0.37109375 0.56328125 0.0296875 0.0828125
0 0.39375 0.54375 0.0296875 0.0640625
0 0.41328125 0.69296875 0.075 0.38125
0 0.44921875 0.7046875 0.059375 0.3578125
0 0.471875 0.734375 0.0296875 0.2890625
0 0.5046875 0.7015625 0.0703125 0.359375
0 0.5375 0.7265625 0.034375 0.3234375
0 0.56484375 0.71328125 0.0546875 0.3453125
0 0.61171875 0.7 0.078125 0.3953125
0 0.6421875 0.7140625 0.04375 0.3390625
0 0.69296875 0.71796875 0.06875 0.33125
0 0.7625 0.7015625 0.0859375 0.36875
0 0.27578125 0.325 0.0453125 0.1125
0 0.46328125 0.23828125 0.0328125 0.08125
0 0.63828125 0.3453125 0.0359375 0.090625
0 0.090625 0.5265625 0.025 0.1
0 0.79453125 0.5515625 0.03125 0.1078125