0 0.096875 0.184375 0.021875 0.0875
0 0.05546875 0.60703125 0.1109375 0.784375
0 0.12578125 0.6859375 0.2171875 0.625
0 0.146875 0.48828125 0.1015625 0.4546875
0 0.19296875 0.46875 0.1015625 0.5890625
0 0.246875 0.209375 0.046875 0.121875
0 0.29765625 0.26953125 0.0671875 0.2765625
0 0.3265625 0.23828125 0.0375 0.1875
0 0.55625 0.47890625 0.190625 0.5671875
0 0.3828125 0.740625 0.2453125 0.515625
0 0.71875 0.64609375 0.428125 0.70625
0 0.921875 0.521875 0.153125 0.3578125
0 0.921875 0.484375 0.1546875 0.4421875
0 0.78203125 0.39765625 0.1046875 0.375
0 0.84765625 0.4140625 0.1265625 0.425
0 0.1515625 0.0609375 0.0328125 0.05
0 0.2875 0.06015625 0.0296875 0.04375
0 0.9765625 0.2671875 0.0453125 0.1375