0 0.07265625 0.59296875 0.128125 0.653125
0 0.109375 0.6359375 0.096875 0.5703125
0 0.17578125 0.390625 0.071875 0.190625
0 0.2015625 0.309375 0.0375 0.1296875
0 0.21640625 0.37734375 0.0609375 0.15
0 0.24140625 0.33671875 0.03125 0.0734375
0 0.29453125 0.375 0.0296875 0.0984375
0 0.321875 0.36875 0.0328125 0.1
0 0.37265625 0.38359375 0.03125 0.1
0 0.41796875 0.38125 0.059375 0.134375
0 0.509375 0.40703125 0.0625 0.146875
0 0.5765625 0.4890625 0.0390625 0.259375
0 0.640625 0.42890625 0.08125 0.34375
0 0.7109375 0.53125 0.0875 0.5
0 0.79921875 0.57265625 0.1078125 0.5640625
0 0.26015625 0.4203125 0.0875 0.16875
0 0.29375 0.37890625 0.034375 0.1
0 0.346875 0.43203125 0.0546875 0.1265625
0 0.4171875 0.44140625 0.0671875 0.1640625
0 0.46171875 0.425 0.0515625 0.140625
0 0.1828125 0.62734375 0.0890625 0.5265625
0 0.23203125 0.6515625 0.0984375 0.521875
0 0.31015625 0.5203125 0.0796875 0.23125
0 0.36953125 0.60703125 0.084375 0.3578125
0 0.440625 0.634375 0.075 0.4078125
0 0.49453125 0.509375 0.0609375 0.209375
0 0.5484375 0.52109375 0.0703125 0.2484375
0 0.62109375 0.50859375 0.0828125 0.2640625
0 0.303125 0.7609375 0.134375 0.3984375
0 0.3828125 0.70703125 0.1078125 0.34375
0 0.49921875 0.69375 0.0875 0.3171875
0 0.5703125 0.70234375 0.0828125 0.3390625
0 0.64921875 0.659375 0.096875 0.434375
0 0.7296875 0.6953125 0.1171875 0.41875
0 0.265625 0.32890625 0.025 0.0234375
0 0.43671875 0.3953125 0.01875 0.053125
0 0.39296875 0.4015625 0.0171875 0.040625