0 0.0671875 0.509375 0.134375 0.9671875
0 0.10859375 0.46953125 0.1515625 0.7421875
0 0.17265625 0.43203125 0.1515625 0.7046875
0 0.27421875 0.4625 0.1890625 0.7703125
0 0.315625 0.459375 0.134375 0.6953125
0 0.3703125 0.453125 0.0953125 0.6078125
0 0.41953125 0.4484375 0.1375 0.596875
0 0.48359375 0.45234375 0.0765625 0.546875
0 0.496875 0.35546875 0.0953125 0.384375
0 0.56171875 0.44765625 0.1859375 0.6703125
0 0.6421875 0.4578125 0.1421875 0.5640625
0 0.7609375 0.46015625 0.153125 0.53125
0 0.80390625 0.4625 0.09375 0.4828125
0 0.82890625 0.4609375 0.0765625 0.4359375
0 0.90625 0.4546875 0.109375 0.4640625
0 0.95625 0.47109375 0.0859375 0.3890625
0 0.62265625 0.23828125 0.025 0.06875
0 0.709375 0.42578125 0.046875 0.2265625
0 0.634375 0.6359375 0.1171875 0.1828125
0 0.6109375 0.521875 0.06875 0.0484375