0 0.42421875 0.25 0.0375 0.1171875
0 0.39140625 0.365625 0.0703125 0.278125
0 0.5296875 0.17890625 0.1765625 0.2015625
0 0.5046875 0.528125 0.2953125 0.821875
0 0.725 0.17265625 0.0328125 0.0765625
0 0.76796875 0.16015625 0.0234375 0.05
0 0.7734375 0.24296875 0.040625 0.146875
0 0.846875 0.32265625 0.0609375 0.1078125
0 0.35859375 0.25625 0.0328125 0.0859375
0 0.3421875 0.2875 0.0390625 0.134375
0 0.328125 0.2390625 0.021875 0.0703125
0 0.30234375 0.24453125 0.0359375 0.071875
0 0.3640625 0.4640625 0.103125 0.1828125
0 0.31171875 0.38515625 0.0328125 0.0703125
0 0.3390625 0.4734375 0.0734375 0.1703125
0 0.296875 0.50859375 0.065625 0.1625
0 0.30390625 0.52265625 0.078125 0.190625
0 0.23203125 0.45 0.1140625 0.2796875
0 0.2203125 0.44765625 0.1390625 0.284375
0 0.24140625 0.4234375 0.06875 0.2125
0 0.2765625 0.2921875 0.0609375 0.2234375
0 0.25234375 0.29140625 0.075 0.21875
0 0.140625 0.25546875 0.084375 0.228125
0 0.096875 0.1890625 0.0421875 0.1015625
0 0.08125 0.16796875 0.0203125 0.0703125
0 0.0515625 0.2671875 0.065625 0.2078125
0 0.0484375 0.29296875 0.096875 0.159375
0 0.08515625 0.50546875 0.165625 0.3890625
0 0.06328125 0.56640625 0.1265625 0.440625
0 0.09140625 0.6453125 0.1828125 0.640625
0 0.93515625 0.3140625 0.03125 0.0421875
0 0.91953125 0.3078125 0.05 0.04375
0 0.87890625 0.26875 0.015625 0.0625
0 0.96171875 0.2390625 0.0125 0.040625
0 0.959375 0.26875 0.015625 0.059375
0 0.94765625 0.25234375 0.0140625 0.0328125
0 0.9390625 0.27890625 0.015625 0.0296875
0 0.94453125 0.290625 0.0203125 0.053125
0 0.6140625 0.25390625 0.0234375 0.06875
0 0.4484375 0.234375 0.0328125 0.05625
0 0.38515625 0.221875 0.0171875 0.05625
0 0.4046875 0.21171875 0.0203125 0.0296875
0 0.425 0.4140625 0.0390625 0.071875
0 0.64140625 0.24375 0.0375 0.0640625
0 0.8359375 0.2421875 0.08125 0.034375
0 0.87578125 0.28828125 0.040625 0.0609375
0 0.82890625 0.28125 0.01875 0.046875
0 0.84609375 0.26796875 0.01875 0.0203125
0 0.31484375 0.22421875 0.0171875 0.0578125
0 0.3015625 0.21796875 0.0453125 0.0453125
0 0.309375 0.18671875 0.0234375 0.021875
0 0.35703125 0.20703125 0.0109375 0.0234375
0 0.33046875 0.32109375 0.059375 0.1015625
0 0.2671875 0.4265625 0.0359375 0.0296875
0 0.22265625 0.196875 0.0265625 0.0671875
0 0.178125 0.23515625 0.065625 0.15
0 0.021875 0.184375 0.04375 0.10625
0 0.01015625 0.3015625 0.0203125 0.09375
0 0.91640625 0.2609375 0.04375 0.053125
0 0.88984375 0.2453125 0.0109375 0.025
0 0.9125 0.303125 0.0359375 0.034375
0 0.9828125 0.2890625 0.0328125 0.1109375
0 0.959375 0.30234375 0.01875 0.075
0 0.93515625 0.1703125 0.0171875 0.0421875