0 0.08203125 0.74921875 0.1640625 0.5
0 0.13984375 0.73828125 0.0640625 0.5203125
0 0.13828125 0.53125 0.021875 0.046875
0 0.18671875 0.73359375 0.0890625 0.453125
0 0.21171875 0.58359375 0.0328125 0.0953125
0 0.234375 0.56328125 0.04375 0.0734375
0 0.28203125 0.696875 0.071875 0.4015625
0 0.36171875 0.740625 0.1375 0.515625
0 0.3765625 0.540625 0.03125 0.0796875
0 0.409375 0.57421875 0.0234375 0.090625
0 0.42265625 0.5703125 0.015625 0.0921875
0 0.4421875 0.57890625 0.034375 0.153125
0 0.46875 0.65078125 0.0734375 0.3265625
0 0.50625 0.66640625 0.0421875 0.2875
0 0.5328125 0.6265625 0.0421875 0.1828125
0 0.60234375 0.66328125 0.1015625 0.325
0 0.628125 0.64375 0.075 0.3109375
0 0.640625 0.63125 0.0328125 0.2390625
0 0.63984375 0.5234375 0.028125 0.0515625
0 0.67265625 0.61171875 0.0390625 0.2109375
0 0.71640625 0.63125 0.0671875 0.2390625
0 0.8046875 0.6578125 0.0796875 0.2875
0 0.86328125 0.5953125 0.0359375 0.1265625
0 0.86171875 0.66796875 0.06875 0.278125
0 0.86875 0.640625 0.046875 0.275
0 0.90625 0.65703125 0.046875 0.26875
0 0.93125 0.66953125 0.040625 0.271875
0 0.94765625 0.66796875 0.0546875 0.3203125
0 0.9703125 0.7 0.0578125 0.3578125
0 0.11328125 0.7265625 0.1140625 0.5453125
0 0.315625 0.540625 0.0265625 0.0796875
0 0.384375 0.52890625 0.0109375 0.0203125
0 0.4296875 0.53515625 0.009375 0.015625
0 0.48984375 0.51328125 0.01875 0.04375
0 0.60234375 0.5171875 0.0203125 0.0359375
0 0.971875 0.7609375 0.0546875 0.23125
0 0.99453125 0.55859375 0.009375 0.05