0 0.10625 0.865625 0.165625 0.265625
0 0.128125 0.7609375 0.1296875 0.171875
0 0.20234375 0.86171875 0.0859375 0.2734375
0 0.2484375 0.78046875 0.0609375 0.1609375
0 0.275 0.8171875 0.078125 0.1984375
0 0.2796875 0.7296875 0.0390625 0.10625
0 0.3296875 0.87578125 0.1578125 0.2453125
0 0.3671875 0.76484375 0.05 0.1296875
0 0.40859375 0.859375 0.1171875 0.278125
0 0.38828125 0.709375 0.0359375 0.078125
0 0.453125 0.72421875 0.0671875 0.1140625
0 0.5109375 0.8328125 0.140625 0.3328125
0 0.54140625 0.72578125 0.065625 0.1046875
0 0.575 0.73203125 0.0421875 0.10625
0 0.625 0.8328125 0.1359375 0.3328125
0 0.6671875 0.8078125 0.0921875 0.315625
0 0.73125 0.840625 0.1 0.315625
0 0.7734375 0.825 0.0796875 0.346875
0 0.82578125 0.8234375 0.1046875 0.35
0 0.90234375 0.81953125 0.1359375 0.359375