0 0.9671875 0.88671875 0.0640625 0.2234375
0 0.95546875 0.903125 0.046875 0.190625
0 0.9359375 0.83515625 0.03125 0.0984375
0 0.91328125 0.87421875 0.0390625 0.171875
0 0.8515625 0.8703125 0.053125 0.1796875
0 0.815625 0.86796875 0.0421875 0.1671875
0 0.78125 0.86484375 0.040625 0.15
0 0.71640625 0.88203125 0.0421875 0.1578125
0 0.73671875 0.86640625 0.028125 0.13125
0 0.7546875 0.846875 0.0296875 0.140625
0 0.70546875 0.8765625 0.0265625 0.15
0 0.66953125 0.875 0.034375 0.153125
0 0.64375 0.84453125 0.025 0.1171875
0 0.60390625 0.81796875 0.015625 0.059375
0 0.9859375 0.8 0.0234375 0.0359375
0 0.72421875 0.81171875 0.0265625 0.0390625
0 0.6734375 0.85234375 0.0546875 0.140625
0 0.6234375 0.81953125 0.0203125 0.078125
0 0.5828125 0.8328125 0.03125 0.090625
0 0.4578125 0.81953125 0.0234375 0.0703125
0 0.49921875 0.82890625 0.0234375 0.0671875
0 0.3578125 0.81484375 0.0296875 0.08125
0 0.26953125 0.8171875 0.0421875 0.0921875
0 0.0921875 0.80703125 0.0375 0.075
0 0.02578125 0.80234375 0.0390625 0.0921875
0 0.1796875 0.80859375 0.0265625 0.075