0 0.00703125 0.56015625 0.0140625 0.0484375
0 0.00625 0.62734375 0.0125 0.0796875
0 0.05625 0.70390625 0.1015625 0.125
0 0.075 0.84765625 0.15 0.2984375
0 0.1796875 0.95703125 0.2375 0.08125
0 0.04453125 0.58203125 0.0234375 0.0734375
0 0.05546875 0.57265625 0.0171875 0.034375
0 0.0609375 0.56875 0.0140625 0.046875
0 0.078125 0.61171875 0.0296875 0.121875
0 0.0546875 0.63828125 0.0390625 0.1484375
0 0.0953125 0.59140625 0.0265625 0.0796875
0 0.1046875 0.60234375 0.021875 0.096875
0 0.12890625 0.59140625 0.0296875 0.075
0 0.12421875 0.71484375 0.059375 0.209375
0 0.140625 0.68671875 0.065625 0.184375
0 0.14296875 0.59609375 0.0140625 0.071875
0 0.15859375 0.60859375 0.025 0.0875
0 0.175 0.67734375 0.0421875 0.153125
0 0.171875 0.59765625 0.0203125 0.075
0 0.18359375 0.58828125 0.0203125 0.0484375
0 0.19453125 0.65625 0.034375 0.134375
0 0.19921875 0.67265625 0.0421875 0.1671875
0 0.246875 0.6125 0.0328125 0.0875
0 0.21796875 0.7125 0.0421875 0.1625
0 0.2546875 0.73203125 0.05625 0.228125
0 0.228125 0.86875 0.1078125 0.1921875
0 0.309375 0.87265625 0.1 0.25
0 0.27109375 0.58828125 0.0140625 0.059375
0 0.275 0.565625 0.01875 0.028125
0 0.2859375 0.5875 0.01875 0.0421875
0 0.28671875 0.58671875 0.0078125 0.028125
0 0.28515625 0.640625 0.028125 0.1234375
0 0.31015625 0.64296875 0.025 0.121875
0 0.33203125 0.64609375 0.028125 0.125
0 0.33984375 0.58359375 0.0140625 0.046875
0 0.35234375 0.62265625 0.0265625 0.125
0 0.36171875 0.66171875 0.040625 0.128125
0 0.3828125 0.63203125 0.028125 0.121875
0 0.42578125 0.74140625 0.0828125 0.265625
0 0.41875 0.59296875 0.0140625 0.05625
0 0.4265625 0.6 0.015625 0.0546875
0 0.4 0.596875 0.015625 0.0734375
0 0.43984375 0.625 0.01875 0.0921875
0 0.45390625 0.625 0.0203125 0.1
0 0.4671875 0.62109375 0.01875 0.1
0 0.48125 0.62578125 0.021875 0.0984375
0 0.49765625 0.67734375 0.0375 0.1671875
0 0.50859375 0.61640625 0.015625 0.075
0 0.53046875 0.659375 0.04375 0.190625
0 0.5390625 0.65390625 0.0203125 0.1421875
0 0.5625 0.628125 0.0234375 0.0734375
0 0.5734375 0.659375 0.0296875 0.128125
0 0.5859375 0.65703125 0.021875 0.13125
0 0.60703125 0.665625 0.0296875 0.14375
0 0.60625 0.67734375 0.028125 0.159375
0 0.634375 0.6375 0.0203125 0.046875
0 0.61640625 0.74140625 0.0515625 0.2125
0 0.6484375 0.74765625 0.053125 0.2
0 0.68828125 0.71328125 0.0515625 0.2109375
0 0.7 0.76015625 0.059375 0.225
0 0.71640625 0.81875 0.0703125 0.271875
0 0.74765625 0.703125 0.03125 0.128125
0 0.725 0.64296875 0.0296875 0.059375
0 0.765625 0.83359375 0.1046875 0.3296875
0 0.7921875 0.64296875 0.0359375 0.0859375
0 0.8265625 0.73046875 0.0453125 0.18125
0 0.7953125 0.60078125 0.01875 0.0390625
0 0.815625 0.60859375 0.0140625 0.0375
0 0.77734375 0.58671875 0.0203125 0.04375
0 0.79609375 0.58515625 0.01875 0.0375
0 0.85234375 0.68359375 0.046875 0.184375
0 0.86484375 0.696875 0.046875 0.19375
0 0.90390625 0.65703125 0.0328125 0.128125
0 0.9140625 0.64140625 0.0265625 0.1296875
0 0.9546875 0.76875 0.0890625 0.2703125
0 0.95546875 0.83984375 0.0875 0.2296875
0 0.69296875 0.58125 0.0109375 0.034375
0 0.69921875 0.58515625 0.0125 0.034375
0 0.740625 0.62578125 0.028125 0.065625
0 0.86640625 0.60625 0.0125 0.05
0 0.0234375 0.559375 0.0359375 0.059375
0 0.04375 0.54453125 0.0046875 0.015625
0 0.06015625 0.55625 0.03125 0.034375
0 0.1109375 0.55703125 0.0671875 0.040625
0 0.1140625 0.59140625 0.0140625 0.028125
0 0.13671875 0.59453125 0.0140625 0.0359375
0 0.15390625 0.56171875 0.0140625 0.059375
0 0.17109375 0.58671875 0.0234375 0.05625
0 0.21484375 0.58203125 0.059375 0.09375
0 0.253125 0.58046875 0.0234375 0.0515625
0 0.3078125 0.57734375 0.0546875 0.0625
0 0.359375 0.57109375 0.0296875 0.0375
0 0.3671875 0.603125 0.0125 0.03125
0 0.38671875 0.56484375 0.025 0.028125
0 0.3890625 0.59453125 0.015625 0.0359375
0 0.40625 0.58828125 0.0140625 0.06875
0 0.475 0.52890625 0.1265625 0.1375
0 0.55234375 0.55390625 0.0296875 0.078125
0 0.59296875 0.52421875 0.0515625 0.14375
0 0.49609375 0.61796875 0.0171875 0.04375
0 0.515625 0.60234375 0.0109375 0.0125
0 0.5484375 0.640625 0.0125 0.09375
0 0.571875 0.60859375 0.0125 0.034375
0 0.5625 0.603125 0.009375 0.01875
0 0.6546875 0.59765625 0.075 0.1171875
0 0.69453125 0.59765625 0.009375 0.0296875
0 0.7171875 0.60078125 0.0375 0.0734375
0 0.75859375 0.61796875 0.0234375 0.1015625
0 0.73984375 0.5875 0.0125 0.046875
0 0.83515625 0.60625 0.0296875 0.0625
0 0.8171875 0.59765625 0.0078125 0.0171875
0 0.8078125 0.60234375 0.009375 0.0203125
0 0.9421875 0.971875 0.1125 0.05625
0 0.96015625 0.62578125 0.078125 0.140625
0 0.93671875 0.71328125 0.0234375 0.04375