0 0.78515625 0.7671875 0.1109375 0.4296875
0 0.7 0.72734375 0.08125 0.3171875
0 0.61171875 0.7234375 0.075 0.30625
0 0.7046875 0.578125 0.0625 0.1421875
0 0.584375 0.64140625 0.04375 0.209375
0 0.60390625 0.5390625 0.034375 0.078125
0 0.53046875 0.5484375 0.0359375 0.125
0 0.5078125 0.53984375 0.025 0.1015625
0 0.53203125 0.5375 0.0234375 0.109375
0 0.4734375 0.5734375 0.0359375 0.121875
0 0.4421875 0.5640625 0.0328125 0.1296875
0 0.34609375 0.52734375 0.01875 0.08125
0 0.32734375 0.5375 0.0171875 0.0703125
0 0.31328125 0.509375 0.0171875 0.065625
0 0.28046875 0.5203125 0.01875 0.0671875
0 0.29140625 0.5078125 0.0140625 0.059375
0 0.2796875 0.5125 0.015625 0.0671875
0 0.27421875 0.50625 0.0109375 0.0578125
0 0.2453125 0.4890625 0.0125 0.053125
0 0.2265625 0.475 0.0140625 0.0578125
0 0.171875 0.465625 0.0125 0.046875
0 0.1421875 0.4671875 0.009375 0.021875
0 0.10625 0.47421875 0.0078125 0.01875
0 0.6484375 0.878125 0.2390625 0.1671875