0 0.6515625 0.48671875 0.0984375 0.36875
0 0.5640625 0.50546875 0.128125 0.434375
0 0.36328125 0.49296875 0.1640625 0.5234375
0 0.509375 0.46796875 0.08125 0.3625
0 0.44921875 0.496875 0.1015625 0.4328125
0 0.415625 0.3046875 0.0390625 0.0703125
0 0.2796875 0.45546875 0.053125 0.275
0 0.2 0.51171875 0.15 0.4859375
0 0.23359375 0.33671875 0.0375 0.103125
0 0.0609375 0.4125 0.0546875 0.1546875
0 0.659375 0.46875 0.059375 0.2265625
0 0.61484375 0.5109375 0.0234375 0.128125
0 0.2546875 0.37734375 0.015625 0.0484375
0 0.3 0.353125 0.015625 0.028125
0 0.12890625 0.35859375 0.01875 0.053125
0 0.13984375 0.3640625 0.0171875 0.0375
0 0.271875 0.3515625 0.0203125 0.025
0 0.5 0.19765625 0.0359375 0.1125
0 0.5875 0.3484375 0.015625 0.01875
0 0.60859375 0.8015625 0.15625 0.16875
0 0.2828125 0.83046875 0.4765625 0.1609375
0 0.70078125 0.71484375 0.165625 0.115625
0 0.48828125 0.31640625 0.0234375 0.0703125