0 0.31953125 0.7203125 0.10625 0.275
0 0.15859375 0.66484375 0.025 0.1328125
0 0.1859375 0.66484375 0.0359375 0.1328125
0 0.2578125 0.65703125 0.03125 0.109375
0 0.45703125 0.65234375 0.0203125 0.06875
0 0.48203125 0.66484375 0.025 0.08125
0 0.5 0.66796875 0.025 0.078125
0 0.51015625 0.63671875 0.0125 0.0265625
0 0.61328125 0.728125 0.115625 0.275
0 0.58984375 0.6828125 0.0359375 0.1484375
0 0.640625 0.6859375 0.034375 0.15625
0 0.8109375 0.70234375 0.0453125 0.1640625
0 0.70546875 0.64921875 0.0203125 0.0625
0 0.934375 0.6578125 0.0234375 0.0765625
0 0.9546875 0.66171875 0.0265625 0.071875
0 0.98203125 0.65546875 0.021875 0.0640625
0 0.99296875 0.6578125 0.0140625 0.0640625
0 0.87265625 0.6375 0.009375 0.0203125
0 0.884375 0.65703125 0.0171875 0.0625
0 0.84609375 0.653125 0.01875 0.059375
0 0.8203125 0.64296875 0.0140625 0.0390625
0 0.83203125 0.65078125 0.0171875 0.059375
0 0.71171875 0.64140625 0.0078125 0.028125
0 0.72890625 0.64296875 0.0125 0.0328125
0 0.7375 0.6453125 0.0109375 0.03125
0 0.7484375 0.64609375 0.0109375 0.0359375
0 0.7609375 0.64921875 0.0109375 0.0390625
0 0.77265625 0.64609375 0.0125 0.040625
0 0.77890625 0.64453125 0.009375 0.0375
0 0.78359375 0.6453125 0.0109375 0.040625
0 0.54296875 0.64609375 0.009375 0.0171875
0 0.56796875 0.63046875 0.03125 0.015625
0 0.38515625 0.64765625 0.0125 0.03125
0 0.90703125 0.64765625 0.015625 0.046875