0 0.96484375 0.559375 0.0140625 0.0515625
0 0.95234375 0.56953125 0.01875 0.078125
0 0.93828125 0.56328125 0.0140625 0.046875
0 0.8890625 0.55078125 0.0140625 0.03125
0 0.865625 0.55 0.009375 0.034375
0 0.84296875 0.553125 0.009375 0.040625
0 0.83828125 0.54921875 0.009375 0.040625
0 0.79609375 0.55078125 0.009375 0.0484375
0 0.78984375 0.546875 0.0078125 0.04375
0 0.75625 0.55078125 0.009375 0.0609375
0 0.75078125 0.559375 0.015625 0.078125
0 0.725 0.5625 0.0125 0.071875
0 0.7125 0.54765625 0.0140625 0.0546875
0 0.69375 0.56015625 0.009375 0.071875
0 0.7015625 0.5625 0.0171875 0.0796875
0 0.61328125 0.55703125 0.0234375 0.0984375
0 0.59765625 0.559375 0.01875 0.0859375
0 0.57421875 0.54375 0.025 0.1171875
0 0.49140625 0.55703125 0.0328125 0.121875
0 0.37109375 0.54375 0.0203125 0.1328125
0 0.2296875 0.54375 0.0375 0.2125
0 0.96796875 0.55390625 0.00625 0.05
0 0.95078125 0.53359375 0.01875 0.0171875
0 0.94375 0.5625 0.0046875 0.046875
0 0.93671875 0.53828125 0.009375 0.00625
0 0.8765625 0.54140625 0.01875 0.028125
0 0.9078125 0.53828125 0.0234375 0.028125
0 0.92578125 0.528125 0.0140625 0.01875
0 0.85078125 0.54609375 0.0125 0.028125
0 0.8265625 0.54375 0.0109375 0.034375
0 0.80546875 0.55390625 0.0125 0.046875
0 0.73671875 0.55703125 0.01875 0.059375
0 0.53125 0.51015625 0.053125 0.096875
0 0.49765625 0.51875 0.0140625 0.075
0 0.46328125 0.54765625 0.025 0.0828125
0 0.34453125 0.51015625 0.028125 0.096875
0 0.98671875 0.52109375 0.0234375 0.246875
0 0.7171875 0.56953125 0.009375 0.046875