0 0.2296875 0.6921875 0.1421875 0.6125
0 0.15 0.6609375 0.090625 0.6
0 0.0953125 0.47421875 0.0203125 0.128125
0 0.31015625 0.58828125 0.059375 0.315625
0 0.36484375 0.5796875 0.06875 0.371875
0 0.41796875 0.58828125 0.0921875 0.4109375
0 0.490625 0.63984375 0.090625 0.5078125
0 0.55 0.55 0.0546875 0.2515625
0 0.6359375 0.5328125 0.0515625 0.253125
0 0.65078125 0.45625 0.021875 0.1125
0 0.75625 0.5859375 0.0640625 0.3015625
0 0.81015625 0.55625 0.0609375 0.2609375
0 0.7796875 0.47109375 0.0296875 0.1015625
0 0.7484375 0.4515625 0.0203125 0.0734375
0 0.06875 0.965625 0.1375 0.065625
0 0.4484375 0.9046875 0.1453125 0.1203125
0 0.3484375 0.7828125 0.228125 0.1109375
0 0.78515625 0.4734375 0.0140625 0.1
0 0.83515625 0.46171875 0.0171875 0.0609375
0 0.93046875 0.4234375 0.046875 0.190625
0 0.9734375 0.3875 0.0375 0.121875
0 0.88671875 0.4359375 0.015625 0.0703125
0 0.50390625 0.4390625 0.01875 0.059375
0 0.5421875 0.45234375 0.0078125 0.0453125