0 0.21171875 0.65625 0.01875 0.0796875
0 0.215625 0.66875 0.01875 0.075
0 0.253125 0.65234375 0.015625 0.0796875
0 0.259375 0.653125 0.021875 0.1015625
0 0.28359375 0.63359375 0.0296875 0.1453125
0 0.3125 0.62890625 0.025 0.15
0 0.4109375 0.63359375 0.0265625 0.125
0 0.3734375 0.68046875 0.0109375 0.0359375
0 0.51328125 0.66953125 0.025 0.040625
0 0.54140625 0.66875 0.0125 0.0375
0 0.80546875 0.471875 0.1390625 0.490625
0 0.89140625 0.4125 0.20625 0.634375
0 0.90078125 0.58671875 0.1 0.2109375
0 0.32109375 0.675 0.0140625 0.046875
0 0.69296875 0.63671875 0.0203125 0.0359375
0 0.57734375 0.65703125 0.0125 0.028125
0 0.29140625 0.67421875 0.0078125 0.040625