0 0.109375 0.7796875 0.0453125 0.2203125
0 0.08359375 0.6328125 0.078125 0.38125
0 0.11796875 0.53984375 0.0234375 0.146875
0 0.13125 0.678125 0.0640625 0.3296875
0 0.1484375 0.71796875 0.0546875 0.3046875
0 0.1484375 0.553125 0.0484375 0.2578125
0 0.17890625 0.65390625 0.0359375 0.275
0 0.196875 0.71796875 0.05 0.2265625
0 0.22578125 0.73046875 0.040625 0.2234375
0 0.215625 0.57578125 0.04375 0.2546875
0 0.24453125 0.54921875 0.0390625 0.246875
0 0.26328125 0.678125 0.06875 0.346875
0 0.27890625 0.48984375 0.0390625 0.2296875
0 0.31640625 0.58984375 0.0609375 0.315625
0 0.31640625 0.42421875 0.0421875 0.19375
0 0.32109375 0.696875 0.05625 0.3328125
0 0.3609375 0.7125 0.0375 0.328125
0 0.38125 0.74453125 0.0359375 0.29375
0 0.37421875 0.69609375 0.0765625 0.3671875
0 0.396875 0.540625 0.021875 0.153125
0 0.41953125 0.64921875 0.046875 0.253125
0 0.43125 0.7609375 0.0546875 0.2609375
0 0.41796875 0.6515625 0.0390625 0.2625
0 0.4515625 0.6484375 0.0296875 0.271875
0 0.48359375 0.703125 0.06875 0.3375
0 0.48125 0.74375 0.05 0.2671875
0 0.53046875 0.71640625 0.0359375 0.2078125
0 0.53359375 0.70859375 0.0546875 0.3421875
0 0.57109375 0.70546875 0.0546875 0.3375
0 0.58046875 0.76640625 0.0421875 0.2171875
0 0.6046875 0.68515625 0.025 0.1609375
0 0.62578125 0.7109375 0.0328125 0.2296875
0 0.65546875 0.71171875 0.0328125 0.215625
0 0.68125 0.6984375 0.034375 0.2375
0 0.70390625 0.73515625 0.0625 0.221875
0 0.73046875 0.6984375 0.0328125 0.21875
0 0.76640625 0.7171875 0.0359375 0.1671875
0 0.7671875 0.69375 0.0390625 0.2875
0 0.79921875 0.753125 0.0625 0.3390625
0 0.846875 0.72265625 0.0515625 0.2734375
0 0.8421875 0.72578125 0.0640625 0.328125
0 0.8625 0.64375 0.0328125 0.2578125
0 0.88203125 0.65625 0.0390625 0.153125
0 0.89609375 0.634375 0.0609375 0.3671875
0 0.91171875 0.5796875 0.040625 0.3265625
0 0.95703125 0.675 0.04375 0.265625
0 0.86875 0.4640625 0.034375 0.196875
0 0.91171875 0.37578125 0.0296875 0.1921875
0 0.915625 0.4796875 0.05 0.5046875
0 0.88984375 0.2640625 0.025 0.125
0 0.87421875 0.38671875 0.05 0.3125
0 0.85234375 0.4015625 0.0296875 0.3984375
0 0.82890625 0.4375 0.040625 0.3234375
0 0.815625 0.4125 0.028125 0.203125
0 0.815625 0.346875 0.03125 0.2296875
0 0.8296875 0.234375 0.028125 0.109375
0 0.7875 0.31796875 0.0390625 0.2921875
0 0.75625 0.56484375 0.040625 0.3734375
0 0.76875 0.371875 0.028125 0.221875
0 0.75625 0.46484375 0.05 0.515625
0 0.70703125 0.54921875 0.0328125 0.2296875
0 0.709375 0.43828125 0.0421875 0.3140625
0 0.72578125 0.39765625 0.0234375 0.328125
0 0.725 0.25703125 0.03125 0.1296875
0 0.73359375 0.23515625 0.0234375 0.134375
0 0.69921875 0.41484375 0.0546875 0.5
0 0.6578125 0.496875 0.0421875 0.3765625
0 0.65390625 0.334375 0.0390625 0.15
0 0.66015625 0.32421875 0.046875 0.2921875
0 0.6234375 0.48046875 0.0375 0.3421875
0 0.62734375 0.23515625 0.03125 0.1875
0 0.61328125 0.29140625 0.0484375 0.190625
0 0.6046875 0.36484375 0.028125 0.2546875
0 0.58359375 0.4515625 0.0515625 0.4140625
0 0.5578125 0.246875 0.0359375 0.1234375
0 0.5515625 0.30078125 0.0421875 0.1578125
0 0.5484375 0.47265625 0.0640625 0.353125
0 0.53125 0.24921875 0.025 0.1296875
0 0.51953125 0.396875 0.0390625 0.3796875
0 0.49609375 0.4828125 0.0546875 0.4140625
0 0.49609375 0.22578125 0.0265625 0.128125
0 0.47578125 0.40390625 0.0359375 0.4203125
0 0.45234375 0.496875 0.04375 0.2765625
0 0.46640625 0.265625 0.0453125 0.265625
0 0.43359375 0.30078125 0.0546875 0.284375
0 0.42109375 0.4515625 0.034375 0.284375
0 0.39140625 0.4015625 0.0390625 0.259375
0 0.40546875 0.296875 0.0671875 0.2296875
0 0.41171875 0.29765625 0.053125 0.2234375
0 0.3578125 0.4296875 0.0390625 0.390625
0 0.34921875 0.4125 0.0453125 0.446875
0 0.275 0.38671875 0.0453125 0.1609375
0 0.30078125 0.3625 0.046875 0.3984375
0 0.26484375 0.30390625 0.05625 0.253125
0 0.26328125 0.303125 0.0609375 0.253125
0 0.22578125 0.38046875 0.0484375 0.309375
0 0.215625 0.23984375 0.0234375 0.115625
0 0.19765625 0.39921875 0.040625 0.4
0 0.1859375 0.22890625 0.0203125 0.1140625
0 0.1671875 0.35078125 0.05 0.3671875
0 0.12734375 0.34140625 0.0265625 0.25625
0 0.109375 0.35390625 0.0546875 0.340625
0 0.0890625 0.371875 0.059375 0.503125
0 0.0515625 0.42890625 0.06875 0.575
0 0.8734375 0.2328125 0.01875 0.0671875
0 0.82109375 0.26953125 0.0140625 0.0640625
0 0.64296875 0.2546875 0.009375 0.0328125
0 0.58359375 0.26328125 0.021875 0.11875
0 0.140625 0.221875 0.0453125 0.16875