0 0.990625 0.26015625 0.0171875 0.1
0 0.928125 0.28046875 0.0421875 0.16875
0 0.74375 0.37421875 0.0640625 0.315625
0 0.74140625 0.365625 0.0609375 0.30625
0 0.67109375 0.41796875 0.090625 0.415625
0 0.69921875 0.384375 0.0453125 0.34375
0 0.66796875 0.41015625 0.05625 0.3625
0 0.63828125 0.3125 0.03125 0.1625
0 0.62265625 0.31484375 0.034375 0.1875
0 0.59765625 0.33828125 0.028125 0.240625
0 0.56015625 0.4625 0.096875 0.525
0 0.528125 0.27265625 0.04375 0.0921875
0 0.5828125 0.38515625 0.0578125 0.4875
0 0.47890625 0.46171875 0.0984375 0.51875
0 0.5078125 0.25234375 0.0234375 0.0921875
0 0.4375 0.415625 0.084375 0.490625
0 0.403125 0.309375 0.0390625 0.228125
0 0.4390625 0.225 0.0703125 0.1046875
0 0.34375 0.35859375 0.0828125 0.396875
0 0.3015625 0.34921875 0.0328125 0.321875
0 0.2796875 0.21640625 0.028125 0.0421875
0 0.25625 0.38671875 0.1265625 0.4359375
0 0.20390625 0.38046875 0.0515625 0.3140625
0 0.10546875 0.64921875 0.2109375 0.6984375
0 0.05625 0.57265625 0.1125 0.85
0 0.15234375 0.35234375 0.090625 0.3125
0 0.15390625 0.271875 0.115625 0.28125
0 0.66640625 0.20390625 0.153125 0.0671875
0 0.3828125 0.24609375 0.0453125 0.084375
0 0.015625 0.36484375 0.028125 0.5421875
0 0.34296875 0.73125 0.2015625 0.2796875