0 0.01015625 0.72890625 0.0203125 0.1546875
0 0.03203125 0.64921875 0.034375 0.14375
0 0.065625 0.66640625 0.03125 0.1046875
0 0.1203125 0.70703125 0.0328125 0.15625
0 0.18515625 0.61875 0.034375 0.075
0 0.23359375 0.6234375 0.028125 0.1203125
0 0.253125 0.60859375 0.034375 0.1171875
0 0.31484375 0.60546875 0.0375 0.1296875
0 0.29765625 0.778125 0.04375 0.1671875
0 0.121875 0.6546875 0.04375 0.14375
0 0.0890625 0.63359375 0.0421875 0.1328125
0 0.05234375 0.59296875 0.040625 0.1140625
0 0.30234375 0.6859375 0.0375 0.0828125
0 0.34765625 0.778125 0.046875 0.175
0 0.3390625 0.71875 0.0203125 0.096875
0 0.34453125 0.68125 0.0421875 0.0859375
0 0.36796875 0.60625 0.03125 0.125
0 0.384375 0.6515625 0.0234375 0.078125
0 0.4046875 0.62578125 0.0375 0.125
0 0.365625 0.88828125 0.0484375 0.2140625
0 0.40703125 0.93203125 0.059375 0.13125
0 0.465625 0.76640625 0.04375 0.15625
0 0.478125 0.884375 0.0578125 0.209375
0 0.52265625 0.9265625 0.0484375 0.14375
0 0.51875 0.97890625 0.0515625 0.0390625
0 0.54375 0.71640625 0.028125 0.0359375
0 0.53671875 0.7390625 0.04375 0.1515625
0 0.578125 0.74921875 0.046875 0.1609375
0 0.5921875 0.725 0.028125 0.1453125
0 0.45234375 0.62890625 0.0328125 0.1390625
0 0.48515625 0.6203125 0.04375 0.125
0 0.55625 0.59921875 0.028125 0.1359375
0 0.578125 0.6140625 0.028125 0.125
0 0.6609375 0.61875 0.0359375 0.1265625
0 0.68125 0.578125 0.01875 0.0640625
0 0.72578125 0.65 0.03125 0.096875
0 0.809375 0.6046875 0.025 0.046875
0 0.8296875 0.62578125 0.034375 0.11875
0 0.50703125 0.503125 0.034375 0.1203125
0 0.4453125 0.540625 0.034375 0.096875
0 0.396875 0.51015625 0.028125 0.109375
0 0.4125 0.509375 0.025 0.1046875
0 0.4234375 0.446875 0.03125 0.10625
0 0.490625 0.478125 0.028125 0.1046875
0 0.54296875 0.43828125 0.0421875 0.071875
0 0.478125 0.40859375 0.034375 0.1015625
0 0.521875 0.39921875 0.03125 0.0765625
0 0.50625 0.4046875 0.0203125 0.084375
0 0.55703125 0.396875 0.025 0.0953125
0 0.584375 0.384375 0.0203125 0.05625
0 0.609375 0.40078125 0.0265625 0.05
0 0.021875 0.58203125 0.04375 0.1359375
0 0.83671875 0.91015625 0.1234375 0.1765625
0 0.95390625 0.87109375 0.0859375 0.109375
0 0.96171875 0.73125 0.034375 0.1375
0 0.93046875 0.6046875 0.0671875 0.1359375
0 0.978125 0.52109375 0.0421875 0.0359375
0 0.98203125 0.5703125 0.034375 0.0703125
0 0.7640625 0.19296875 0.4703125 0.340625
0 0.80546875 0.39609375 0.0390625 0.0703125
0 0.3953125 0.44296875 0.0234375 0.040625
0 0.5875 0.45390625 0.0171875 0.078125
0 0.365625 0.31875 0.31875 0.1109375
0 0.41328125 0.09921875 0.234375 0.165625
0 0.0796875 0.3296875 0.159375 0.15625
0 0.409375 0.21875 0.2296875 0.078125
0 0.078125 0.21640625 0.1015625 0.034375