0 0.14609375 0.56015625 0.2265625 0.875
0 0.03671875 0.61328125 0.0734375 0.7703125
0 0.41015625 0.61953125 0.1890625 0.75625
0 0.5140625 0.65078125 0.10625 0.6953125
0 0.61875 0.62109375 0.2109375 0.7546875
0 0.86328125 0.72890625 0.1453125 0.5390625
0 0.84921875 0.7328125 0.0765625 0.5296875
0 0.91328125 0.565625 0.1046875 0.4953125
0 0.7296875 0.50625 0.1109375 0.490625
0 0.78125 0.51875 0.08125 0.4703125
0 0.83359375 0.3890625 0.0515625 0.1453125
0 0.896875 0.365625 0.04375 0.121875
0 0.45625 0.30859375 0.053125 0.1515625
0 0.1984375 0.34921875 0.0546875 0.1140625
0 0.97109375 0.55625 0.05625 0.2765625
0 0.68515625 0.31875 0.0671875 0.140625
0 0.6015625 0.3078125 0.0578125 0.140625
0 0.5953125 0.16953125 0.0984375 0.1453125
0 0.06484375 0.32890625 0.0359375 0.0765625
0 0.2546875 0.39765625 0.0625 0.225
0 0.3625 0.33984375 0.0359375 0.103125
0 0.49375 0.315625 0.075 0.09375