0 0.18203125 0.78203125 0.1109375 0.428125
0 0.2203125 0.80390625 0.0609375 0.3328125
0 0.25234375 0.67734375 0.0359375 0.221875
0 0.34765625 0.77578125 0.103125 0.44375
0 0.4 0.68515625 0.0546875 0.2828125
0 0.484375 0.76015625 0.103125 0.475
0 0.38125 0.596875 0.0140625 0.05625
0 0.51484375 0.60546875 0.0109375 0.04375
0 0.51953125 0.61015625 0.0109375 0.05
0 0.534375 0.625 0.0125 0.0546875
0 0.52890625 0.6125 0.0125 0.075
0 0.54921875 0.60078125 0.0125 0.04375
0 0.5578125 0.60625 0.0125 0.0546875
0 0.56953125 0.60546875 0.015625 0.0609375
0 0.60234375 0.62734375 0.0203125 0.0875
0 0.61640625 0.61484375 0.01875 0.075
0 0.6296875 0.621875 0.0203125 0.08125
0 0.6578125 0.75390625 0.165625 0.4875
0 0.7640625 0.73046875 0.1453125 0.5359375
0 0.93203125 0.7875 0.134375 0.421875
0 0.26328125 0.92734375 0.121875 0.1421875
0 0.28203125 0.75859375 0.0625 0.05
0 0.39375 0.9375 0.0859375 0.121875
0 0.07109375 0.94453125 0.1421875 0.10625
0 0.5125 0.93828125 0.053125 0.11875
0 0.515625 0.58671875 0.0078125 0.015625
0 0.53984375 0.6 0.028125 0.046875
0 0.22421875 0.62109375 0.0140625 0.096875
0 0.821875 0.60859375 0.0421875 0.0671875