0 0.990625 0.7609375 0.0171875 0.115625
0 0.98984375 0.69765625 0.01875 0.04375
0 0.9828125 0.75625 0.028125 0.11875
0 0.9484375 0.74921875 0.0296875 0.1390625
0 0.93203125 0.75546875 0.021875 0.1171875
0 0.90703125 0.75234375 0.0328125 0.1265625
0 0.88359375 0.75 0.028125 0.125
0 0.865625 0.7515625 0.025 0.1125
0 0.765625 0.75 0.0328125 0.1296875
0 0.7 0.74921875 0.03125 0.121875
0 0.6046875 0.7453125 0.0359375 0.1296875
0 0.5703125 0.7453125 0.0359375 0.1359375
0 0.55234375 0.74765625 0.025 0.128125
0 0.43828125 0.7453125 0.0296875 0.0984375
0 0.23828125 0.740625 0.04375 0.159375
0 0.19140625 0.74921875 0.03125 0.1296875
0 0.1421875 0.74140625 0.05625 0.1421875
0 0.11484375 0.74453125 0.046875 0.13125
0 0.096875 0.74140625 0.0265625 0.103125
0 0.053125 0.74375 0.059375 0.153125
0 0.021875 0.74296875 0.04375 0.1671875
0 0.96171875 0.8078125 0.0125 0.015625
0 0.95625 0.68828125 0.0140625 0.0203125
0 0.6578125 0.75 0.0328125 0.0625
0 0.58984375 0.75234375 0.01875 0.09375
0 0.53828125 0.74765625 0.0140625 0.04375
0 0.1234375 0.7375 0.01875 0.1328125
0 0.01875 0.803125 0.0375 0.040625
0 0.028125 0.675 0.009375 0.0203125