0 0.271875 0.734375 0.121875 0.528125
0 0.04765625 0.73046875 0.090625 0.46875
0 0.10546875 0.7625 0.0828125 0.471875
0 0.10859375 0.76328125 0.075 0.46875
0 0.0375 0.771875 0.075 0.453125
0 0.12578125 0.67734375 0.0609375 0.353125
0 0.9 0.62421875 0.021875 0.0984375
0 0.909375 0.60078125 0.015625 0.065625
0 0.91328125 0.63046875 0.0125 0.0984375
0 0.9375 0.62265625 0.0125 0.090625
0 0.94140625 0.62421875 0.0140625 0.090625
0 0.96484375 0.61875 0.0140625 0.096875
0 0.975 0.6125 0.0109375 0.0703125
0 0.9828125 0.61328125 0.0203125 0.0609375
0 0.58125 0.59921875 0.1796875 0.0859375
0 0.99375 0.60234375 0.0109375 0.0828125
0 0.97265625 0.57578125 0.0140625 0.015625
0 0.01328125 0.540625 0.0234375 0.0234375
0 0.7125 0.47265625 0.0265625 0.1