0 0.0796875 0.459375 0.159375 0.6875
0 0.18515625 0.31484375 0.1703125 0.2765625
0 0.39140625 0.2625 0.23125 0.234375
0 0.43828125 0.3515625 0.134375 0.2890625
0 0.5671875 0.31796875 0.1625 0.38125
0 0.6796875 0.321875 0.146875 0.271875
0 0.7828125 0.3203125 0.1421875 0.246875
0 0.9140625 0.34453125 0.1703125 0.434375
0 0.27578125 0.68046875 0.5515625 0.6359375
0 0.2734375 0.61875 0.3734375 0.6328125
0 0.54609375 0.6734375 0.315625 0.6515625
0 0.70703125 0.66953125 0.21875 0.6515625
0 0.73515625 0.684375 0.528125 0.6296875