0 0.9515625 0.57890625 0.09375 0.3671875
0 0.89296875 0.58359375 0.1125 0.371875
0 0.80546875 0.58359375 0.0734375 0.3234375
0 0.83203125 0.5703125 0.0453125 0.253125
0 0.74765625 0.58046875 0.0984375 0.3890625
0 0.64921875 0.61015625 0.203125 0.759375
0 0.5328125 0.58515625 0.06875 0.39375
0 0.490625 0.60078125 0.10625 0.4828125
0 0.3484375 0.65078125 0.2125 0.6515625
0 0.30078125 0.5875 0.05625 0.2765625
0 0.2890625 0.5828125 0.0484375 0.2234375
0 0.21328125 0.6375 0.190625 0.5078125
0 0.1328125 0.59140625 0.0984375 0.3421875
0 0.0484375 0.58125 0.078125 0.328125
0 0.0765625 0.609375 0.153125 0.5484375
0 0.4421875 0.46015625 0.0328125 0.05625
0 0.53984375 0.56640625 0.046875 0.259375
0 0.990625 0.50390625 0.015625 0.11875
0 0.84375 0.5328125 0.0328125 0.1390625
0 0.009375 0.5203125 0.0171875 0.1578125
0 0.25 0.6515625 0.0234375 0.0703125