0 0.09765625 0.56484375 0.1234375 0.2296875
0 0.1578125 0.65703125 0.1546875 0.3390625
0 0.2078125 0.503125 0.1109375 0.165625
0 0.26796875 0.65234375 0.1140625 0.4078125
0 0.4140625 0.63125 0.0984375 0.346875
0 0.4859375 0.53203125 0.0625 0.153125
0 0.5140625 0.65546875 0.10625 0.3671875
0 0.4359375 0.34765625 0.0375 0.109375
0 0.4125 0.359375 0.03125 0.14375
0 0.43359375 0.40078125 0.0640625 0.1484375
0 0.4515625 0.44453125 0.04375 0.153125
0 0.471875 0.453125 0.04375 0.146875
0 0.5359375 0.425 0.0515625 0.1203125
0 0.6125 0.62109375 0.10625 0.453125
0 0.6375 0.47734375 0.0390625 0.1296875
0 0.68125 0.59609375 0.0640625 0.359375
0 0.75625 0.64765625 0.1390625 0.371875
0 0.70078125 0.46796875 0.0640625 0.1390625
0 0.753125 0.49296875 0.0625 0.153125
0 0.83125 0.60703125 0.075 0.2921875
0 0.87265625 0.64921875 0.1703125 0.3375
0 0.575 0.42734375 0.0265625 0.1265625
0 0.41875 0.29140625 0.0421875 0.0703125
0 0.34375 0.41796875 0.0859375 0.2890625
0 0.5109375 0.19765625 0.259375 0.090625
0 0.48828125 0.3234375 0.0203125 0.0609375