0 0.1203125 0.709375 0.0203125 0.034375
0 0.13359375 0.70625 0.0140625 0.03125
0 0.3640625 0.7140625 0.015625 0.053125
0 0.39296875 0.71015625 0.015625 0.0546875
0 0.43046875 0.69453125 0.0140625 0.0234375
0 0.440625 0.69453125 0.0109375 0.0203125
0 0.45234375 0.70390625 0.009375 0.028125
0 0.46015625 0.70078125 0.0125 0.0390625
0 0.5203125 0.69609375 0.015625 0.05
0 0.59765625 0.70703125 0.0234375 0.0875
0 0.58828125 0.6953125 0.015625 0.065625
0 0.5828125 0.67734375 0.0109375 0.034375
0 0.60625 0.69296875 0.015625 0.065625
0 0.63125 0.68203125 0.028125 0.05625
0 0.6484375 0.6984375 0.01875 0.09375
0 0.6453125 0.7078125 0.0125 0.075
0 0.65625 0.69453125 0.0125 0.0515625
0 0.665625 0.69453125 0.0359375 0.09375
0 0.684375 0.7 0.034375 0.078125
0 0.7390625 0.69296875 0.028125 0.1234375
0 0.8109375 0.68359375 0.0125 0.0921875
0 0.83203125 0.68125 0.0171875 0.0734375
0 0.87578125 0.67890625 0.01875 0.0828125
0 0.09296875 0.7109375 0.0109375 0.0203125
0 0.3734375 0.69921875 0.009375 0.0140625
0 0.40078125 0.69296875 0.0109375 0.0109375
0 0.49765625 0.6890625 0.015625 0.0515625
0 0.57734375 0.7 0.009375 0.046875
0 0.790625 0.66171875 0.0125 0.0203125
0 0.81953125 0.68515625 0.0125 0.0734375
0 0.8609375 0.66015625 0.0171875 0.0296875