0 0.9734375 0.49140625 0.0515625 0.325
0 0.88359375 0.4890625 0.0984375 0.325
0 0.94921875 0.43046875 0.03125 0.1359375
0 0.91953125 0.39453125 0.0265625 0.096875
0 0.9046875 0.421875 0.0328125 0.153125
0 0.8484375 0.41875 0.0265625 0.10625
0 0.8234375 0.41875 0.0265625 0.10625
0 0.80625 0.42265625 0.0171875 0.1046875
0 0.77734375 0.4734375 0.053125 0.2046875
0 0.7359375 0.47265625 0.04375 0.1984375
0 0.7625 0.42734375 0.0359375 0.171875
0 0.72578125 0.38828125 0.0171875 0.0484375
0 0.70234375 0.43828125 0.034375 0.13125
0 0.68203125 0.43125 0.0234375 0.109375
0 0.67265625 0.4203125 0.0171875 0.10625
0 0.703125 0.37890625 0.0203125 0.0328125
0 0.66484375 0.40859375 0.0109375 0.0671875
0 0.6453125 0.4609375 0.0359375 0.1765625
0 0.62890625 0.42578125 0.025 0.0953125
0 0.61640625 0.409375 0.0125 0.0515625
0 0.5984375 0.42734375 0.0203125 0.0921875
0 0.575 0.44140625 0.0359375 0.15
0 0.4546875 0.5375 0.090625 0.4109375
0 0.40234375 0.496875 0.0265625 0.128125
0 0.40859375 0.43046875 0.015625 0.0421875
0 0.37109375 0.4984375 0.0765625 0.265625
0 0.30703125 0.57109375 0.115625 0.3953125
0 0.31015625 0.41640625 0.0703125 0.1140625
0 0.196875 0.56015625 0.140625 0.403125
0 0.965625 0.36953125 0.025 0.0390625
0 0.9375 0.37109375 0.015625 0.025
0 0.859375 0.36796875 0.028125 0.01875
0 0.8359375 0.3765625 0.0109375 0.028125
0 0.81484375 0.390625 0.0140625 0.0609375
0 0.778125 0.3703125 0.015625 0.0125
0 0.796875 0.3765625 0.0109375 0.0171875
0 0.74453125 0.37265625 0.0109375 0.015625
0 0.71875 0.38515625 0.009375 0.03125
0 0.6921875 0.38203125 0.0078125 0.015625