0 0.08984375 0.609375 0.0234375 0.09375
0 0.13125 0.62265625 0.0375 0.15
0 0.16796875 0.625 0.0328125 0.121875
0 0.19453125 0.646875 0.0203125 0.0734375
0 0.2296875 0.63046875 0.0203125 0.1359375
0 0.265625 0.703125 0.0828125 0.403125
0 0.30625 0.603125 0.01875 0.06875
0 0.34296875 0.61953125 0.03125 0.1140625
0 0.3953125 0.64375 0.0609375 0.3125
0 0.46171875 0.628125 0.0328125 0.11875
0 0.49140625 0.625 0.0265625 0.125
0 0.48984375 0.62734375 0.0484375 0.171875
0 0.50859375 0.61015625 0.015625 0.1
0 0.525 0.61640625 0.01875 0.0625
0 0.56171875 0.61640625 0.0203125 0.1171875
0 0.5734375 0.61171875 0.0203125 0.103125
0 0.58359375 0.62578125 0.0390625 0.153125
0 0.59765625 0.565625 0.0125 0.03125
0 0.6140625 0.62265625 0.025 0.1453125
0 0.63359375 0.61875 0.03125 0.15
0 0.6234375 0.63125 0.0140625 0.0828125
0 0.615625 0.58359375 0.0203125 0.046875
0 0.67421875 0.60625 0.01875 0.0828125
0 0.69140625 0.60703125 0.01875 0.090625
0 0.74609375 0.63125 0.028125 0.171875
0 0.75 0.58671875 0.0171875 0.0734375
0 0.77734375 0.63203125 0.0390625 0.19375
0 0.803125 0.60234375 0.0203125 0.0875
0 0.82421875 0.634375 0.0359375 0.20625
0 0.82421875 0.634375 0.0390625 0.203125
0 0.84609375 0.61953125 0.0265625 0.1484375
0 0.91015625 0.62578125 0.034375 0.1484375
0 0.9375 0.62421875 0.0328125 0.1484375
0 0.9578125 0.60078125 0.0125 0.0515625
0 0.96953125 0.62109375 0.021875 0.1546875
0 0.98203125 0.63984375 0.034375 0.1921875
0 0.534375 0.43671875 0.015625 0.0609375
0 0.5484375 0.51015625 0.0109375 0.059375
0 0.6703125 0.45390625 0.0171875 0.0625
0 0.7265625 0.46953125 0.0171875 0.028125
0 0.73359375 0.48515625 0.0203125 0.0421875
0 0.59453125 0.3875 0.0125 0.05
0 0.609375 0.390625 0.0171875 0.05625
0 0.640625 0.36875 0.0140625 0.046875
0 0.65 0.3625 0.0109375 0.046875
0 0.653125 0.328125 0.0109375 0.04375
0 0.6421875 0.32265625 0.0125 0.040625
0 0.6234375 0.32578125 0.0109375 0.046875
0 0.63125 0.32265625 0.0125 0.05
0 0.60234375 0.321875 0.0125 0.04375
0 0.60625 0.28984375 0.0109375 0.046875
0 0.625 0.29296875 0.0109375 0.0359375
0 0.63828125 0.29375 0.009375 0.0375
0 0.6421875 0.29609375 0.009375 0.0375
0 0.60234375 0.26328125 0.009375 0.0359375
0 0.6078125 0.26953125 0.009375 0.04375
0 0.6125 0.26328125 0.009375 0.04375
0 0.61875 0.26328125 0.0109375 0.04375
0 0.61640625 0.28515625 0.0109375 0.0375
0 0.603125 0.221875 0.009375 0.0359375
0 0.59140625 0.22265625 0.009375 0.0375
0 0.58359375 0.19921875 0.0109375 0.040625
0 0.58125 0.18828125 0.0109375 0.03125
0 0.57265625 0.18515625 0.009375 0.0296875
0 0.575 0.20546875 0.009375 0.0359375
0 0.57421875 0.21796875 0.009375 0.040625
0 0.56015625 0.196875 0.0109375 0.0359375
0 0.54453125 0.18984375 0.009375 0.0328125
0 0.5140625 0.16328125 0.0078125 0.03125
0 0.52265625 0.16328125 0.0078125 0.0359375
0 0.553125 0.14375 0.009375 0.0375
0 0.53046875 0.13515625 0.0078125 0.0296875
0 0.353125 0.86640625 0.1296875 0.0421875
0 0.41796875 0.65546875 0.0171875 0.0234375
0 0.8921875 0.59765625 0.021875 0.0625
0 0.61640625 0.23828125 0.009375 0.028125
0 0.59609375 0.203125 0.009375 0.028125
0 0.55546875 0.19375 0.0078125 0.021875
0 0.5328125 0.19765625 0.009375 0.021875
0 0.53125 0.16328125 0.009375 0.028125
0 0.540625 0.140625 0.015625 0.028125
0 0.5625 0.140625 0.0125 0.0234375