0 0.31640625 0.77265625 0.1296875 0.45
0 0.490625 0.78203125 0.11875 0.43125
0 0.55078125 0.771875 0.1015625 0.43125
0 0.965625 0.71796875 0.0671875 0.3359375
0 0.24609375 0.58359375 0.0453125 0.1171875
0 0.2765625 0.54296875 0.01875 0.040625
0 0.29375 0.53359375 0.0203125 0.046875
0 0.3125 0.55078125 0.025 0.040625
0 0.3484375 0.553125 0.0203125 0.09375
0 0.33203125 0.54609375 0.01875 0.0828125
0 0.36875 0.56171875 0.021875 0.09375
0 0.3796875 0.55546875 0.0203125 0.0859375
0 0.4234375 0.55546875 0.021875 0.109375
0 0.44375 0.56484375 0.0234375 0.096875
0 0.4609375 0.565625 0.0234375 0.09375
0 0.5109375 0.54921875 0.0484375 0.1484375
0 0.5859375 0.52890625 0.015625 0.046875
0 0.53125 0.52109375 0.015625 0.028125
0 0.53984375 0.53515625 0.0140625 0.046875
0 0.55625 0.546875 0.015625 0.065625
0 0.54921875 0.54609375 0.0125 0.078125
0 0.5640625 0.54140625 0.009375 0.0546875
0 0.62578125 0.57890625 0.0234375 0.059375
0 0.63515625 0.5375 0.0125 0.071875
0 0.64453125 0.534375 0.0140625 0.0734375
0 0.65390625 0.5375 0.0125 0.0625
0 0.67109375 0.57734375 0.0421875 0.1296875
0 0.7765625 0.58203125 0.0234375 0.1234375
0 0.82265625 0.56484375 0.028125 0.109375
0 0.91875 0.596875 0.0390625 0.140625
0 0.18125 0.46640625 0.0140625 0.021875
0 0.2515625 0.50078125 0.109375 0.046875
0 0.55859375 0.51640625 0.00625 0.0203125
0 0.5984375 0.53359375 0.015625 0.0546875
0 0.57890625 0.56953125 0.025 0.0515625
0 0.65859375 0.54296875 0.0125 0.05625
0 0.6546875 0.50234375 0.0078125 0.0125
0 0.69296875 0.55546875 0.0203125 0.0515625
0 0.41875 0.490625 0.1546875 0.0484375
0 0.3578125 0.53984375 0.01875 0.05
0 0.38515625 0.52734375 0.009375 0.0296875
0 0.40703125 0.53828125 0.015625 0.0515625
0 0.43203125 0.53515625 0.0140625 0.0421875
0 0.4515625 0.53359375 0.009375 0.0375
0 0.4734375 0.53515625 0.01875 0.046875
0 0.94765625 0.57890625 0.03125 0.0625