0 0.1234375 0.14453125 0.075 0.2890625
0 0.153125 0.27109375 0.084375 0.296875
0 0.01328125 0.29921875 0.0265625 0.35625
0 0.1953125 0.2671875 0.08125 0.3046875
0 0.34609375 0.28046875 0.0375 0.203125
0 0.37421875 0.2734375 0.05 0.196875
0 0.42890625 0.27109375 0.0515625 0.2109375
0 0.53671875 0.3640625 0.1703125 0.728125
0 0.66171875 0.3359375 0.1265625 0.6296875
0 0.73359375 0.11640625 0.065625 0.1765625
0 0.78359375 0.2234375 0.0515625 0.2109375
0 0.88671875 0.15390625 0.08125 0.24375
0 0.9578125 0.353125 0.084375 0.3921875
0 0.98046875 0.16953125 0.0375 0.203125
0 0.84296875 0.34609375 0.153125 0.5921875
0 0.65078125 0.50703125 0.3578125 0.984375
0 0.25859375 0.57890625 0.321875 0.7953125
0 0.58359375 0.33828125 0.04375 0.1734375
0 0.91015625 0.1578125 0.05 0.15
0 0.484375 0.1890625 0.0328125 0.09375