0 0.02109375 0.56796875 0.0421875 0.328125
0 0.078125 0.57265625 0.109375 0.4828125
0 0.03046875 0.46640625 0.03125 0.2140625
0 0.11953125 0.44765625 0.0484375 0.2359375
0 0.1390625 0.4046875 0.034375 0.0828125
0 0.16796875 0.4890625 0.059375 0.2921875
0 0.215625 0.575 0.1140625 0.4640625
0 0.23203125 0.428125 0.0359375 0.1453125
0 0.2703125 0.453125 0.0640625 0.221875
0 0.3015625 0.41171875 0.028125 0.0859375
0 0.3421875 0.5890625 0.1046875 0.484375
0 0.37421875 0.565625 0.071875 0.4578125
0 0.39453125 0.571875 0.046875 0.44375
0 0.4234375 0.4328125 0.034375 0.165625
0 0.45234375 0.44453125 0.0421875 0.175
0 0.51015625 0.57890625 0.1328125 0.5171875
0 0.50859375 0.5015625 0.1015625 0.2703125
0 0.5375 0.37578125 0.0359375 0.0734375
0 0.59453125 0.55234375 0.1015625 0.490625
0 0.63203125 0.4875 0.03125 0.2375
0 0.64921875 0.503125 0.0546875 0.278125
0 0.69609375 0.56484375 0.0953125 0.459375
0 0.75390625 0.496875 0.065625 0.2484375
0 0.81484375 0.5765625 0.115625 0.471875
0 0.9328125 0.57734375 0.11875 0.4671875
0 0.88203125 0.4875 0.05625 0.2265625
0 0.978125 0.4375 0.0421875 0.1515625
0 0.17734375 0.3765625 0.0578125 0.05625
0 0.43984375 0.3953125 0.1109375 0.090625
0 0.61171875 0.37734375 0.01875 0.0359375
0 0.86953125 0.4015625 0.09375 0.0734375
0 0.0953125 0.38125 0.01875 0.065625
0 0.0609375 0.40078125 0.0171875 0.01875
0 0.2828125 0.41796875 0.0171875 0.071875