0 0.98984375 0.4765625 0.01875 0.059375
0 0.31796875 0.5578125 0.0703125 0.3078125
0 0.3 0.54140625 0.053125 0.303125
0 0.38046875 0.5390625 0.0703125 0.2671875
0 0.40078125 0.5546875 0.08125 0.35
0 0.4625 0.59140625 0.103125 0.403125
0 0.459375 0.4328125 0.0203125 0.034375
0 0.51328125 0.60078125 0.125 0.43125
0 0.5515625 0.63046875 0.071875 0.4484375
0 0.60078125 0.628125 0.0921875 0.5546875
0 0.63671875 0.63046875 0.109375 0.5421875
0 0.665625 0.621875 0.2015625 0.56875
0 0.853125 0.546875 0.2921875 0.725
0 0.9953125 0.4578125 0.0078125 0.0234375
0 0.21953125 0.46015625 0.096875 0.1453125
0 0.14765625 0.459375 0.009375 0.1046875
0 0.4953125 0.4421875 0.015625 0.04375
0 0.578125 0.4109375 0.0390625 0.075
0 0.7859375 0.41484375 0.0484375 0.0578125