0 0.92109375 0.7078125 0.1578125 0.5828125
0 0.875 0.58359375 0.0640625 0.3828125
0 0.82109375 0.6765625 0.13125 0.540625
0 0.67109375 0.6875 0.2265625 0.6234375
0 0.4234375 0.7078125 0.2859375 0.58125
0 0.3515625 0.534375 0.053125 0.14375
0 0.45546875 0.78125 0.0625 0.4
0 0.16015625 0.6546875 0.1171875 0.3921875
0 0.02109375 0.578125 0.0421875 0.2265625
0 0.03515625 0.54765625 0.0296875 0.1609375
0 0.0140625 0.5578125 0.028125 0.171875
0 0.06328125 0.5453125 0.0421875 0.190625
0 0.096875 0.5703125 0.0640625 0.2171875
0 0.1484375 0.48984375 0.0375 0.0671875
0 0.134375 0.5359375 0.021875 0.153125
0 0.1984375 0.49140625 0.0203125 0.0453125
0 0.2046875 0.49453125 0.0171875 0.059375
0 0.2390625 0.54140625 0.0453125 0.1484375
0 0.26796875 0.5375 0.0296875 0.121875
0 0.2640625 0.5296875 0.034375 0.121875
0 0.303125 0.4890625 0.0171875 0.065625
0 0.33984375 0.5078125 0.025 0.1
0 0.478125 0.5359375 0.021875 0.1390625
0 0.496875 0.528125 0.028125 0.140625
0 0.5296875 0.53828125 0.05 0.1609375
0 0.58203125 0.5375 0.046875 0.1703125
0 0.56640625 0.5390625 0.025 0.159375
0 0.559375 0.5265625 0.015625 0.1203125
0 0.71328125 0.525 0.025 0.1
0 0.7578125 0.5421875 0.0359375 0.1625
0 0.7390625 0.52734375 0.03125 0.1
0 0.00625 0.45078125 0.0125 0.05625
0 0.01796875 0.46328125 0.0203125 0.06875
0 0.0359375 0.459375 0.01875 0.071875
0 0.05 0.453125 0.015625 0.059375
0 0.06875 0.46328125 0.0171875 0.034375
0 0.09375 0.4703125 0.015625 0.059375
0 0.06953125 0.44375 0.009375 0.0296875
0 0.0875 0.45078125 0.0125 0.0484375
0 0.1015625 0.44921875 0.0125 0.04375
0 0.1328125 0.46640625 0.0171875 0.0609375
0 0.5265625 0.5875 0.0109375 0.0203125
0 0.31015625 0.61953125 0.0828125 0.3046875
0 0.07734375 0.4578125 0.0078125 0.0296875
0 0.03046875 0.43125 0.015625 0.0171875
0 0.11796875 0.4546875 0.0171875 0.0578125
0 0.13828125 0.45 0.009375 0.0546875
0 0.2578125 0.45234375 0.20625 0.040625
0 0.53203125 0.465625 0.1484375 0.0390625
0 0.70703125 0.45625 0.025 0.05