0 0.14765625 0.665625 0.24375 0.6640625
0 0.35078125 0.66328125 0.265625 0.6703125
0 0.284375 0.45625 0.1 0.16875
0 0.48359375 0.51484375 0.1171875 0.321875
0 0.65546875 0.4546875 0.059375 0.165625
0 0.77578125 0.5828125 0.090625 0.4578125
0 0.7203125 0.6796875 0.1734375 0.6359375
0 0.5390625 0.67109375 0.2921875 0.6546875
0 0.903125 0.62578125 0.190625 0.74375
0 0.61953125 0.36875 0.0390625 0.034375
0 0.703125 0.43125 0.04375 0.0703125
0 0.44453125 0.425 0.065625 0.103125
0 0.98828125 0.83515625 0.0203125 0.0390625