0 0.07109375 0.68359375 0.1421875 0.6296875
0 0.08203125 0.66171875 0.0328125 0.2109375
0 0.21796875 0.63125 0.0296875 0.046875
0 0.24296875 0.65390625 0.0234375 0.1171875
0 0.26015625 0.625 0.0234375 0.096875
0 0.26875 0.65390625 0.0265625 0.121875
0 0.29765625 0.65390625 0.0390625 0.153125
0 0.3109375 0.64609375 0.01875 0.1171875
0 0.3140625 0.57578125 0.0140625 0.028125
0 0.33828125 0.7125 0.0515625 0.2828125
0 0.35703125 0.64453125 0.0203125 0.115625
0 0.38671875 0.690625 0.05625 0.328125
0 0.41015625 0.64140625 0.0203125 0.1
0 0.4234375 0.64140625 0.028125 0.125
0 0.45859375 0.6375 0.025 0.125
0 0.47109375 0.64609375 0.0140625 0.0625
0 0.509375 0.71484375 0.078125 0.309375
0 0.53828125 0.64765625 0.025 0.15
0 0.55625 0.61953125 0.0203125 0.06875
0 0.5703125 0.690625 0.046875 0.20625
0 0.58359375 0.646875 0.0203125 0.1109375
0 0.60390625 0.64296875 0.025 0.1109375
0 0.62890625 0.66484375 0.028125 0.153125
0 0.64765625 0.675 0.04375 0.246875
0 0.6640625 0.67578125 0.0140625 0.19375
0 0.66640625 0.59609375 0.01875 0.05
0 0.6828125 0.65703125 0.0265625 0.203125
0 0.6859375 0.72578125 0.0390625 0.328125
0 0.7015625 0.57734375 0.0171875 0.034375
0 0.7203125 0.73125 0.103125 0.4046875
0 0.76171875 0.6 0.0359375 0.0875
0 0.76953125 0.57734375 0.028125 0.0875
0 0.7859375 0.75078125 0.0515625 0.3609375
0 0.81484375 0.59296875 0.028125 0.078125
0 0.859375 0.740625 0.15 0.515625
0 0.44140625 0.63984375 0.0234375 0.0828125
0 0.49921875 0.596875 0.015625 0.0359375