0 0.7421875 0.49921875 0.134375 0.66875
0 0.6703125 0.46484375 0.11875 0.5484375
0 0.56015625 0.48671875 0.090625 0.5046875
0 0.53359375 0.46015625 0.0625 0.4953125
0 0.503125 0.45546875 0.0375 0.278125
0 0.45703125 0.44375 0.0640625 0.4203125
0 0.465625 0.48046875 0.146875 0.509375
0 0.42890625 0.52109375 0.1734375 0.53125
0 0.38125 0.646875 0.1484375 0.7015625
0 0.30078125 0.55546875 0.08125 0.5640625
0 0.26953125 0.6 0.11875 0.65625
0 0.23671875 0.6359375 0.1203125 0.63125
0 0.16953125 0.61484375 0.1640625 0.7671875
0 0.09296875 0.64375 0.1015625 0.709375
0 0.81015625 0.41171875 0.0421875 0.2140625
0 0.23359375 0.34375 0.0109375 0.0359375
0 0.046875 0.35390625 0.021875 0.0671875