0 0.07421875 0.56015625 0.1484375 0.7203125
0 0.1234375 0.53671875 0.084375 0.540625
0 0.1515625 0.48671875 0.0765625 0.4640625
0 0.1890625 0.415625 0.0203125 0.0875
0 0.2109375 0.4265625 0.025 0.109375
0 0.2234375 0.43046875 0.028125 0.121875
0 0.259375 0.4328125 0.028125 0.134375
0 0.284375 0.4234375 0.0328125 0.1703125
0 0.3015625 0.43203125 0.034375 0.165625
0 0.33046875 0.43203125 0.0390625 0.1953125
0 0.353125 0.38828125 0.0171875 0.0421875
0 0.378125 0.4359375 0.05625 0.225
0 0.4140625 0.38359375 0.0203125 0.0484375
0 0.428125 0.384375 0.0109375 0.0515625
0 0.45078125 0.43515625 0.059375 0.28125
0 0.53828125 0.375 0.0265625 0.065625
0 0.5921875 0.371875 0.0265625 0.0703125
0 0.67109375 0.37109375 0.03125 0.078125
0 0.88984375 0.52734375 0.2171875 0.9421875
0 0.828125 0.43671875 0.034375 0.13125
0 0.2515625 0.75078125 0.2109375 0.1625
0 0.11875 0.26796875 0.0203125 0.01875
0 0.48203125 0.38671875 0.0109375 0.0375
0 0.64375 0.396875 0.025 0.021875