0 0.0265625 0.3546875 0.053125 0.2359375
0 0.06171875 0.31875 0.0359375 0.1359375
0 0.10234375 0.26796875 0.0125 0.0390625
0 0.11171875 0.265625 0.009375 0.034375
0 0.12421875 0.2640625 0.0125 0.0328125
0 0.1375 0.26796875 0.0125 0.03125
0 0.1515625 0.34765625 0.0484375 0.1953125
0 0.18046875 0.33203125 0.025 0.15
0 0.209375 0.34296875 0.053125 0.1984375
0 0.246875 0.31640625 0.0359375 0.134375
0 0.24296875 0.3078125 0.03125 0.1359375
0 0.28671875 0.31640625 0.0390625 0.1328125
0 0.31015625 0.33828125 0.0390625 0.1765625
0 0.31953125 0.265625 0.0078125 0.0140625
0 0.3265625 0.2875 0.0125 0.075
0 0.3375 0.2796875 0.015625 0.0828125
0 0.35390625 0.32890625 0.046875 0.1984375
0 0.3796875 0.3 0.03125 0.05
0 0.38671875 0.30625 0.021875 0.0625
0 0.38984375 0.30546875 0.0296875 0.0546875
0 0.41484375 0.296875 0.0203125 0.028125
0 0.41875 0.315625 0.0359375 0.0609375
0 0.4296875 0.31953125 0.040625 0.06875
0 0.45234375 0.325 0.0328125 0.0734375
0 0.5140625 0.4171875 0.0765625 0.3515625
0 0.57890625 0.446875 0.1046875 0.4625
0 0.665625 0.54296875 0.1765625 0.66875
0 0.8328125 0.40859375 0.0828125 0.284375
0 0.90234375 0.459375 0.103125 0.415625
0 0.55390625 0.25546875 0.0125 0.0453125
0 0.565625 0.2546875 0.015625 0.046875
0 0.51171875 0.2703125 0.0203125 0.025
0 0.56171875 0.26953125 0.028125 0.0265625
0 0.06328125 0.35234375 0.1265625 0.215625
0 0.1671875 0.26875 0.0828125 0.084375
0 0.2703125 0.26875 0.06875 0.08125
0 0.32890625 0.25 0.0125 0.0171875
0 0.42890625 0.31015625 0.140625 0.15625
0 0.85 0.30234375 0.2984375 0.1390625
0 0.2234375 0.0875 0.0359375 0.121875
0 0.553125 0.7 0.2328125 0.38125
0 0.85859375 0.7390625 0.28125 0.51875