0 0.0578125 0.67109375 0.03125 0.1375
0 0.0625 0.63828125 0.0265625 0.165625
0 0.11171875 0.66875 0.053125 0.2421875
0 0.13515625 0.61015625 0.021875 0.0828125
0 0.1484375 0.58203125 0.0140625 0.0359375
0 0.175 0.72421875 0.078125 0.4234375
0 0.1515625 0.7 0.046875 0.346875
0 0.20625 0.61640625 0.025 0.121875
0 0.225 0.60859375 0.021875 0.0703125
0 0.571875 0.60703125 0.0140625 0.065625
0 0.4734375 0.60625 0.0109375 0.05
0 0.659375 0.62578125 0.015625 0.06875
0 0.61171875 0.61953125 0.0140625 0.065625
0 0.75546875 0.63046875 0.015625 0.0734375
0 0.11015625 0.66796875 0.0515625 0.2484375
0 0.0578125 0.55 0.015625 0.0375
0 0.0765625 0.60859375 0.025 0.0828125
0 0.0953125 0.58359375 0.0125 0.046875
0 0.19921875 0.60078125 0.028125 0.06875
0 0.52265625 0.609375 0.0859375 0.0609375
0 0.70859375 0.62578125 0.0125 0.065625
0 0.6921875 0.61953125 0.015625 0.078125
0 0.82265625 0.61484375 0.046875 0.046875
0 0.67109375 0.609375 0.01875 0.0484375